event_id,session_id,user_id,event_type,product_id,product_name,category,country,device_type,traffic_source,quantity,price,discount,event_timestamp
a14d560c-b701-4d40-a645-442d0f8768b2,3541335b-fe0f-46e0-873a-2c42731f4f19,592497,view,104,Mouse,Accessories,Nigeria,desktop,google,4,40,0.11,2026-05-07 00:02:27
09d8c2d8-4156-4a71-89d6-70bf0d81b958,e9c5422f-7653-406b-ac9e-ffba00e1fb54,393080,purchase,101,Laptop,Electronics,Ghana,mobile,facebook,1,1200,0.02,2026-05-07 00:02:28
53826a87-1f22-4be9-8b08-fc0a87e4a38e,7967f17a-b076-452f-9588-50741c4bd0d1,435105,view,103,Keyboard,Accessories,Ghana,mobile,organic,2,70,0.04,2026-05-07 00:02:29
bcd25f23-6e9c-49de-a23b-dfc979ecba04,07003939-54eb-4750-a676-aefdab0a4ee2,140,view,103,Keyboard,Accessories,Rwanda,desktop,organic,2,70,0.17,2026-05-07 00:02:30
266bb3bf-a911-4aa0-a8a0-11df82dbc0b2,e6048556-df89-45f8-a6ab-0c90e220dda2,975,view,104,Mouse,Accessories,Ghana,mobile,organic,1,40,0.18,2026-05-07 00:02:31
63c25e2e-1fd6-41de-9a47-761e93daa5e1,30d0876d-2093-40a0-b6c0-200153dd2de8,587920,purchase,103,Keyboard,Accessories,Rwanda,desktop,organic,2,70,0.18,2026-05-07 00:02:32
e282f472-63c5-43c3-8c7a-1a0182a13529,f9245efa-a84a-485c-86b1-ae87098d04a2,592089,purchase,104,Mouse,Accessories,Kenya,mobile,facebook,3,40,0.02,2026-05-07 00:02:33
a0b028cf-4175-4800-a8c6-c5843184d149,db6e2b83-ca1f-4e93-a199-dc802621b081,232330,purchase,103,Keyboard,Accessories,Ghana,desktop,facebook,3,70,0.01,2026-05-07 00:02:34
09085f49-ad04-4154-81c5-258fb07e07f7,ed4b40d0-7032-449d-81ac-c384b58e249a,834640,purchase,102,Phone,Electronics,Nigeria,mobile,organic,2,800,0.01,2026-05-07 00:02:35
fbbb3fa2-eb0f-462f-a0cf-50192911b2cc,614f9e98-b6d9-4abd-b0fe-466c6a4406bd,495106,purchase,103,Keyboard,Accessories,Nigeria,desktop,google,2,70,0.18,2026-05-07 00:02:36
03e6b332-7d2d-4017-b3ce-b8361cff4101,9cb3f5c7-55ba-4c48-9b36-c40b7202912a,868,view,103,Keyboard,Accessories,Nigeria,desktop,facebook,3,70,0.04,2026-05-07 00:02:37
fcc9dd7b-a031-47e8-9c15-ace175c04516,2703d050-6ffa-4acc-be9e-2bc28d9bc6c0,697568,view,102,Phone,Electronics,Rwanda,desktop,facebook,5,800,0.07,2026-05-07 00:02:38
05cd6245-19cb-4e5a-9402-7c1c39a531fa,8bc17f2e-21cc-4423-9343-310d29ef00fd,7052,purchase,101,Laptop,Electronics,Rwanda,mobile,organic,4,1200,0.08,2026-05-07 00:02:39
1028745b-0172-44a5-82dc-8df851472bd9,5ce621af-ce87-46b5-91ea-0fa6cee8b3ed,217647,purchase,101,Laptop,Electronics,Nigeria,desktop,facebook,3,1200,0.01,2026-05-07 00:02:40
2c2c0b7b-a663-4f7c-ba03-7deea40c41da,4c055203-3450-4d92-b612-a2c9ea108722,430833,view,101,Laptop,Electronics,Ghana,desktop,google,3,1200,0.06,2026-05-07 00:02:41
03d5ab44-fe42-4b05-8ca3-2ad1e8c386af,89dfaffa-a54f-49a0-8590-637e15a21ab1,634,purchase,102,Phone,Electronics,Kenya,desktop,google,4,800,0.18,2026-05-07 00:02:42
d4080b4f-2963-43f1-bfed-6cd9d1057e27,042f8ebe-73cb-464f-b34b-45aa51adea8d,864153,purchase,102,Phone,Electronics,Rwanda,desktop,facebook,5,800,0.18,2026-05-07 00:02:43
8861f96b-f531-475e-9b1a-d4a56e8d5adc,d2856a64-aeee-4e70-a724-6ada087ea6e9,800896,view,104,Mouse,Accessories,Nigeria,mobile,google,4,40,0.2,2026-05-07 00:02:44
e999bb50-38a6-40dc-8120-944cd3ceea09,dc546029-6e25-473b-b241-7cc1886b21f7,635,purchase,103,Keyboard,Accessories,Nigeria,mobile,organic,4,70,0.14,2026-05-07 00:02:45
2ae49bba-7f6e-4437-a388-cbee3a05031d,0a037563-3731-497c-a669-aeb02aec3511,697472,purchase,103,Keyboard,Accessories,Nigeria,desktop,organic,2,70,0.02,2026-05-07 00:02:46
e8470826-296e-4496-b555-7a3a58ada139,e1fcc1e6-7d92-49d9-9939-d4b0eb99f5da,194394,view,102,Phone,Electronics,Nigeria,mobile,facebook,4,800,0.0,2026-05-07 00:02:47
ae3c46df-6b19-427b-8d39-58b6bdde6ba5,73338c47-addd-427b-8d8b-f5f6d9388ddf,21063,purchase,101,Laptop,Electronics,Ghana,mobile,google,3,1200,0.02,2026-05-07 00:02:48
10e4edb9-6cf4-453c-9cdf-fcb453802b62,901426ff-9d2e-4ef2-a96a-2dacc64c72ac,281654,view,103,Keyboard,Accessories,Rwanda,mobile,google,1,70,0.0,2026-05-07 00:02:49
ccddfd76-e6d6-45af-a54f-806982cb5ec1,386ca5cd-c8e3-41a7-947e-525e7d3824af,445,purchase,102,Phone,Electronics,Rwanda,mobile,organic,4,800,0.02,2026-05-07 00:02:50
f88351bc-153a-4a4c-b573-f1b4327ebb7e,4f05c1bf-629f-4ddb-86e8-3b2db94ced81,23,view,104,Mouse,Accessories,Rwanda,mobile,facebook,1,40,0.19,2026-05-07 00:02:51
8ce3d3c9-c575-4591-a721-c49906c94106,2440eb19-5d76-4f20-97f9-41747a71d4bd,601,purchase,101,Laptop,Electronics,Kenya,desktop,organic,4,1200,0.05,2026-05-07 00:02:52
0d1d8554-5538-4e3d-98b4-c4a8a8c49bb3,2e82d732-a883-4be6-9f4e-522eb3641f2e,452235,view,104,Mouse,Accessories,Nigeria,mobile,organic,4,40,0.01,2026-05-07 00:02:53
fd773aa0-fddc-4f18-89ac-d9a096183615,5b147ba4-4dce-4d25-beac-2d63a1d869c9,160,view,101,Laptop,Electronics,Kenya,mobile,google,1,1200,0.19,2026-05-07 00:02:54
622aba2d-7488-45df-a53b-73b02e847095,6d263c46-6f70-4a71-a432-b649af44703d,970569,view,102,Phone,Electronics,Rwanda,desktop,facebook,2,800,0.08,2026-05-07 00:02:55
e1ec8a5e-acb0-4059-ab55-b5678483b8c0,3f5aefd0-5335-49f0-a133-d72841b242f2,401928,view,101,Laptop,Electronics,Kenya,mobile,facebook,1,1200,0.14,2026-05-07 00:02:56
e8b76c24-acc8-49fb-81df-f866ef9cb773,f88a8e3f-fe4d-4d9f-850e-6f719bdcae8e,279930,view,104,Mouse,Accessories,Ghana,desktop,facebook,3,40,0.15,2026-05-07 00:02:57
4205e8fd-918a-4dd1-bad4-ebf5fc1ac717,ccb04235-5580-442c-9288-44e9fb47fe4e,994196,purchase,101,Laptop,Electronics,Kenya,desktop,organic,4,1200,0.07,2026-05-07 00:02:58
d428a42f-1749-43e9-921a-4bf64b96462f,ffff04ba-ed1d-4ca0-8afc-e830d4bc97f3,917,purchase,104,Mouse,Accessories,Rwanda,mobile,organic,4,40,0.02,2026-05-07 00:02:59
5ea0ca8b-3c60-41ec-8559-0c341cb5cddb,41b9d87e-029e-4582-8f27-7e86e0f3d665,833203,purchase,101,Laptop,Electronics,Kenya,mobile,facebook,3,1200,0.06,2026-05-07 00:03:00
806eee52-4d48-4eda-9cfe-9da04349a670,80026e74-52cf-4c20-9cb6-65514d4013d0,77221,purchase,104,Mouse,Accessories,Rwanda,desktop,organic,1,40,0.02,2026-05-07 00:03:01
8a796760-2bc6-49d5-b87b-0334548593a3,549ccb22-222c-4198-80ce-e8d7b97d04e3,891,view,102,Phone,Electronics,Ghana,mobile,organic,4,800,0.1,2026-05-07 00:03:02
0522ec49-fc67-40c1-bb5b-982ef9968a6b,1a1868a0-d782-488d-b7da-192f5312e64a,995407,view,101,Laptop,Electronics,Rwanda,mobile,google,4,1200,0.09,2026-05-07 00:03:03
27fca574-449e-475d-ad72-59db478db084,4fc50fea-ed5c-4e1a-a0df-4673c43ba5a5,14,purchase,102,Phone,Electronics,Ghana,mobile,organic,1,800,0.18,2026-05-07 00:03:04
8b4dbeff-ef7a-481a-8ffe-7130d6d509d9,9caf246b-49bd-45b2-8161-d3b1b27e4ca6,385,purchase,103,Keyboard,Accessories,Nigeria,desktop,google,1,70,0.09,2026-05-07 00:03:05
cde3a17b-48db-43b3-91f3-c38260e9d87d,2bdbbd5e-7205-4d77-8f4e-79f13150c736,463844,purchase,104,Mouse,Accessories,Rwanda,mobile,facebook,2,40,0.05,2026-05-07 00:03:06
9419f32d-bb2e-4862-ad05-5a9c43dc999f,0d9f2d9d-f326-4d1f-b8ed-3b6e07661515,340836,purchase,104,Mouse,Accessories,Kenya,desktop,google,3,40,0.16,2026-05-07 00:03:07
464227e2-e44c-43b9-b889-c69dc73cf074,c129ba6f-b35f-424f-96be-20f5648b00bc,119953,purchase,101,Laptop,Electronics,Rwanda,mobile,google,2,1200,0.16,2026-05-07 00:03:08
eff345e3-d52d-4a2a-936d-d66446adaee6,55035729-a592-4c48-a5ef-9584217adbcb,179,purchase,104,Mouse,Accessories,Ghana,desktop,organic,4,40,0.12,2026-05-07 00:03:09
7178339f-7b2e-40aa-8217-ed53dd93878e,47054f63-b15c-44be-b6ed-405a813a4214,751,view,104,Mouse,Accessories,Rwanda,desktop,facebook,2,40,0.09,2026-05-07 00:03:10
b6570592-76bd-4d2a-9832-a6504d715468,f6d1ddb9-1271-4217-b7b2-7f9694f3f937,726886,purchase,103,Keyboard,Accessories,Ghana,mobile,facebook,1,70,0.0,2026-05-07 00:03:11
8633259c-0f91-4233-8bb8-1907aa80be69,8891a2eb-8a30-4700-ba1d-27e229f4f106,651266,purchase,102,Phone,Electronics,Kenya,mobile,organic,4,800,0.04,2026-05-07 00:03:12
088da61a-1223-45e6-abf2-c468d93d4fb6,f1a548b6-c93e-47a9-896e-e7ad67343376,912208,purchase,102,Phone,Electronics,Nigeria,mobile,organic,5,800,0.0,2026-05-07 00:03:13
b869d491-d2ac-41ab-b598-db2561ea98dc,85215a97-10f7-47a7-a75d-aa1afcfd5678,526644,purchase,104,Mouse,Accessories,Rwanda,mobile,organic,1,40,0.2,2026-05-07 00:03:14
a44ba197-7a20-4857-bbaa-cf884a0762cc,73c9edfa-46f7-4f1e-8844-496e4e2eaaac,963009,purchase,101,Laptop,Electronics,Nigeria,desktop,organic,4,1200,0.1,2026-05-07 00:03:15
79d517da-eec8-489f-8a1e-92dc633ee3eb,cab2c9c2-32f7-4a02-be77-68f46cae7020,318,purchase,104,Mouse,Accessories,Kenya,mobile,organic,4,40,0.06,2026-05-07 00:03:16
ff3bef76-0bfa-48a2-b252-f6a842431ee9,e1a4a004-36d1-4292-9c3a-4936696fedeb,261,purchase,101,Laptop,Electronics,Rwanda,mobile,facebook,1,1200,0.18,2026-05-07 00:03:17
c3942cc0-b2c6-4e7f-bcb8-33e0cd3541f0,649ca5a4-3e08-4f7e-a5ac-16d6ded3ded9,485533,purchase,102,Phone,Electronics,Kenya,desktop,facebook,3,800,0.04,2026-05-07 00:03:18
8bb34d7a-7642-4ea5-8a0f-3c1a3c69ce9c,9802649e-1139-4a1d-9be5-111e3405bb0e,993086,view,104,Mouse,Accessories,Ghana,desktop,organic,4,40,0.13,2026-05-07 00:03:19
e407c2b3-5c9f-47e2-936e-1c932450bb9a,76a53410-f214-4325-9371-e6c2c00bcbd8,555760,purchase,103,Keyboard,Accessories,Rwanda,desktop,facebook,1,70,0.03,2026-05-07 00:03:20
c5ae1df2-34df-4f1b-88d7-3b50c30bd414,eb6bcfe6-e326-4341-ae27-326c65b507da,565285,purchase,104,Mouse,Accessories,Rwanda,mobile,facebook,5,40,0.15,2026-05-07 00:03:21
71d3269f-c480-4d33-971d-0d79eff44b53,1b232515-2ac2-4528-8380-905d73cffb9f,484693,purchase,102,Phone,Electronics,Kenya,desktop,facebook,3,800,0.03,2026-05-07 00:03:22
91077474-364c-4ba8-abbe-1bf5f7fe75a1,6e9cb5e0-1184-4248-8d3f-53601509b9ca,468132,purchase,104,Mouse,Accessories,Rwanda,desktop,google,2,40,0.12,2026-05-07 00:03:23
9b0cdef4-e392-4f0d-857f-139f2c57b844,407fa2ec-6bee-4b32-bdbd-2b873de47ef2,205521,view,104,Mouse,Accessories,Ghana,desktop,facebook,2,40,0.15,2026-05-07 00:03:24
89e27521-c9a2-4968-9908-705793d52309,ad534bdf-bd9e-47f1-9223-2679d724b9cf,384365,purchase,101,Laptop,Electronics,Rwanda,mobile,google,2,1200,0.02,2026-05-07 00:03:25
b5333d6a-ab34-4543-8d55-c19baf4b4118,5ef13d21-ca3e-4939-874e-3623660003be,784364,view,104,Mouse,Accessories,Nigeria,mobile,facebook,3,40,0.0,2026-05-07 00:03:26
80a28bce-acd3-44ab-88c4-7446ca9b2d9a,d0fef907-4baa-476b-844e-079005aac578,274050,view,101,Laptop,Electronics,Nigeria,desktop,organic,3,1200,0.16,2026-05-07 00:03:27
53830d0d-5f76-4a04-80e4-f32162584b07,86f055b1-3e5f-4734-bfc2-8cc060d3ec0b,647,purchase,104,Mouse,Accessories,Ghana,mobile,organic,1,40,0.15,2026-05-07 00:03:28
540ce915-1b5a-41cf-a2f2-c790ffad4780,b5637a64-d272-4d01-8734-8c2c4f1442e8,262794,view,104,Mouse,Accessories,Kenya,desktop,google,2,40,0.04,2026-05-07 00:03:29
fd389b6f-f6ba-46e3-8fe3-d47d17db686d,0653ab09-f60e-4842-92b1-bc91cbe76541,724,view,101,Laptop,Electronics,Nigeria,mobile,organic,2,1200,0.13,2026-05-07 00:03:30
96e4e3da-ca88-4970-a9eb-9a23e200da7a,7d1109c5-0f65-4000-ae2f-126a0769e274,722741,view,102,Phone,Electronics,Rwanda,mobile,organic,1,800,0.07,2026-05-07 00:03:31
82bedf89-4f59-4026-acc2-37669db15ee8,685e79b4-46a5-4fcf-944e-22941ca1b519,252,purchase,101,Laptop,Electronics,Nigeria,desktop,organic,5,1200,0.1,2026-05-07 00:03:32
d1332b40-6caf-4689-8b4f-77495beed3a4,affd7e3e-b4d7-4748-bec1-7125939a2651,52750,purchase,103,Keyboard,Accessories,Ghana,desktop,facebook,1,70,0.16,2026-05-07 00:03:33
6f75eacf-8934-4d61-9043-5b49a1ade53d,0705fb57-e943-400d-9ac2-5ba1405d6138,137206,view,103,Keyboard,Accessories,Nigeria,mobile,organic,3,70,0.18,2026-05-07 00:03:34
39f6c428-ed91-4a77-810c-d1841d0eb745,d542ebb0-b807-4a23-aea7-10877514f7db,831626,purchase,103,Keyboard,Accessories,Rwanda,mobile,facebook,3,70,0.17,2026-05-07 00:03:35
0a331030-2559-4c4d-b441-7e030a87290e,b7905dfb-9eeb-4a58-b782-dd0f5b296d11,43846,purchase,104,Mouse,Accessories,Rwanda,mobile,google,3,40,0.19,2026-05-07 00:03:36
6bc394b7-86d8-435b-8ac2-3afc313a2e11,5296afb1-7f49-4746-a244-2e88e1ce8ee9,17,purchase,103,Keyboard,Accessories,Nigeria,desktop,google,4,70,0.04,2026-05-07 00:03:37
ac0b642b-259e-4ff7-b5b8-dfef40811039,3e47c3a3-f599-4bc9-af57-3a93fe488095,261890,purchase,104,Mouse,Accessories,Kenya,desktop,facebook,5,40,0.12,2026-05-07 00:03:38
b46b4119-8afc-4052-804b-a74dc1a12083,ef80e96c-a295-4859-b06b-1bc2835476c4,187,purchase,102,Phone,Electronics,Kenya,mobile,google,4,800,0.16,2026-05-07 00:03:39
c19b1a2e-1505-4448-ad7a-714bd4931459,df6b7c60-169e-421e-8a25-f02325b5bab0,636,view,104,Mouse,Accessories,Kenya,desktop,organic,5,40,0.06,2026-05-07 00:03:40
b8cf331c-f822-46f9-8fc6-1903a7c348e8,f1bf9731-611a-4525-8e63-82d0c59c0767,439414,view,103,Keyboard,Accessories,Kenya,desktop,organic,4,70,0.13,2026-05-07 00:03:41
7f3ead8a-23b4-4e06-a717-83460e81d50a,908debe5-a603-41bb-9337-db690600de37,380,purchase,101,Laptop,Electronics,Ghana,desktop,organic,5,1200,0.13,2026-05-07 00:03:42
74668d80-a6ff-47a3-8fe6-c66d7494f8e7,28fe1507-ba4e-4e4b-98f7-bc01e38bc540,733,view,102,Phone,Electronics,Nigeria,desktop,google,3,800,0.05,2026-05-07 00:03:43
bf7fc4de-84ce-4c60-8dee-fcd0ee3ae2e8,19a3ac0a-375e-4a8f-81b0-4dc99f37e60d,151063,view,101,Laptop,Electronics,Rwanda,mobile,organic,1,1200,0.14,2026-05-07 00:03:44
2fbe0cb0-27cc-4d3b-87d0-f24208e563c7,9f16d420-8156-4a61-863f-bfa2a5748ca7,313251,purchase,104,Mouse,Accessories,Rwanda,mobile,organic,5,40,0.18,2026-05-07 00:03:45
2d76dd56-7009-4db8-9ac1-4d84c6396653,c054a583-7221-4902-a508-b0b3e86269d8,181167,purchase,103,Keyboard,Accessories,Rwanda,desktop,organic,5,70,0.14,2026-05-07 00:03:46
b00383ee-5896-4c55-aa3b-c4226c224bd1,1e8ede53-277d-4c51-9e97-8c8998965fb7,521,view,102,Phone,Electronics,Kenya,mobile,facebook,5,800,0.17,2026-05-07 00:03:47
ed4db3cd-cea6-4cfc-98d4-08532e8e7b6e,b140f3c1-cf3e-4d08-959d-c95e8162d6e9,261,view,103,Keyboard,Accessories,Ghana,desktop,facebook,2,70,0.13,2026-05-07 00:03:48
c96bec99-44bc-498d-962a-3611a4d17658,dcad0cd7-9874-4466-9e57-9034344eca6b,219556,view,103,Keyboard,Accessories,Rwanda,mobile,google,1,70,0.08,2026-05-07 00:03:49
47da4d5e-8567-428a-a60d-19deed624673,44b73cc1-ed1a-4508-897a-db0f255b4b70,258,view,103,Keyboard,Accessories,Nigeria,mobile,facebook,4,70,0.06,2026-05-07 00:03:50
2c10d07a-e5ac-485f-af46-bd50c5fd0dc4,42665fcc-a0e9-4496-9d27-2c9c6094ae6a,19684,view,101,Laptop,Electronics,Rwanda,desktop,google,1,1200,0.1,2026-05-07 00:03:51
957d2aca-20a4-4edf-969e-2fa9adcb41c7,3ef6c68b-0935-40d6-baad-67018b653ea3,576151,purchase,101,Laptop,Electronics,Ghana,desktop,facebook,3,1200,0.16,2026-05-07 00:03:52
8823a801-f0b1-409a-b753-4c575522dedf,ddbe472d-f83a-415f-8492-cf65978f73c1,68142,purchase,102,Phone,Electronics,Ghana,mobile,google,3,800,0.2,2026-05-07 00:03:53
4f6a7e06-3b0f-4fee-8f92-8c04ab96a481,503d75e7-75cb-4bb8-8108-3489eb731cb2,922,purchase,103,Keyboard,Accessories,Rwanda,mobile,organic,2,70,0.09,2026-05-07 00:03:54
0548303b-8755-4724-a930-de1d4bbf8374,b219dd27-0723-4b9b-9b52-c911b601fe5d,910261,purchase,102,Phone,Electronics,Ghana,mobile,organic,4,800,0.16,2026-05-07 00:03:55
36cb1039-a9ba-4632-a2a9-abd9f8579464,3af8f4c1-258c-4846-b0e8-c8b360ad2508,550199,purchase,102,Phone,Electronics,Nigeria,desktop,google,3,800,0.13,2026-05-07 00:03:56
53361d2c-d1d4-492a-ac10-d7b3bbc31107,f29a4706-1314-46f5-818a-cd539e61fa53,228,purchase,104,Mouse,Accessories,Rwanda,mobile,organic,4,40,0.04,2026-05-07 00:03:57
28da1246-51ec-4a66-b3c8-a61acbb66d22,6648bb4f-5ebe-4d45-a26c-f45c1136466f,329386,view,104,Mouse,Accessories,Kenya,mobile,google,5,40,0.17,2026-05-07 00:03:58
6a53cf3d-5b49-4077-bfb6-d05e9c617712,bfcf17d2-81b6-460f-80e1-6a29f451b3ab,408472,purchase,104,Mouse,Accessories,Rwanda,desktop,organic,5,40,0.14,2026-05-07 00:03:59
1151f335-d0f5-4b24-845e-308dae471f85,54e7cef2-61da-40d6-bcbd-252ff15e158c,258400,view,103,Keyboard,Accessories,Rwanda,mobile,facebook,2,70,0.08,2026-05-07 00:04:00
717b1ff2-0241-4d55-b696-a757fa771d42,240e0382-9f3c-4710-8bf5-b741b874933b,891159,purchase,101,Laptop,Electronics,Nigeria,desktop,google,4,1200,0.15,2026-05-07 00:04:01
6647bb3c-3e34-4e7c-bd9e-c9dad733cfe1,0aebf521-7293-46dd-9604-edc1280add5b,358881,view,103,Keyboard,Accessories,Rwanda,mobile,google,4,70,0.05,2026-05-07 00:04:02
8e059e78-91a4-43e4-8510-dc6a3673038f,df293e9a-8f5e-4a55-8cf5-60f7d8207ba7,349048,view,103,Keyboard,Accessories,Rwanda,mobile,google,2,70,0.05,2026-05-07 00:04:03
ca14bb36-7340-4a71-9cbc-7ab2045a2abe,d81bd2d4-efc2-4a7d-8e5a-059c428205ef,356,view,102,Phone,Electronics,Rwanda,mobile,google,1,800,0.17,2026-05-07 00:04:04
4c564e9d-d866-42dd-8fff-603b456113c0,e2cd98c0-6023-4ec3-a99c-86945f84361b,620967,view,104,Mouse,Accessories,Ghana,desktop,organic,4,40,0.15,2026-05-07 00:04:05
e984f6b9-cb01-4e35-a055-34d688fef5da,a8faea78-c25a-473a-8a7b-c988e967dbdb,57459,view,104,Mouse,Accessories,Nigeria,mobile,facebook,1,40,0.06,2026-05-07 00:04:06
c0ca6c86-b4a0-4093-a54e-9df5ddeabb3d,b9682efb-1a8a-4215-9562-aa60980be726,464838,view,102,Phone,Electronics,Kenya,desktop,facebook,2,800,0.08,2026-05-07 00:04:07
67baa86a-f953-4ef1-9008-1e737f22b80d,65957c41-c76d-4eb1-be36-57c2a0c531c4,396996,purchase,102,Phone,Electronics,Ghana,desktop,facebook,5,800,0.12,2026-05-07 00:04:08
c22144f9-4985-4b15-9b4e-3b223e89ce35,90dd9f6d-8530-48dc-a3c0-efbf61d5120c,720,purchase,101,Laptop,Electronics,Ghana,desktop,google,1,1200,0.1,2026-05-07 00:04:09
4e04dd32-dbcd-4cdc-83b9-beeba6d50a15,793af9b8-2436-4a0c-a827-b8d5dd8b1724,795,purchase,103,Keyboard,Accessories,Rwanda,desktop,facebook,5,70,0.09,2026-05-07 00:04:10
f0d44885-ade8-463c-bff9-eebc96749a3b,1eebb711-e6e9-43ea-a6c8-9b84686b4579,205372,purchase,102,Phone,Electronics,Kenya,desktop,facebook,2,800,0.16,2026-05-07 00:04:11
f7345cfd-4477-44d2-86e1-40974be460a9,0cf5672e-a0f7-4dcc-b0c6-dbc990171783,178936,view,102,Phone,Electronics,Ghana,mobile,organic,5,800,0.05,2026-05-07 00:04:12
98fbc67f-f47f-4fee-a38a-1bcd1fcacaa8,5eaf06a1-4f63-4389-8bc2-02e7dc7ae24a,129937,purchase,104,Mouse,Accessories,Kenya,desktop,google,3,40,0.13,2026-05-07 00:04:13
1992883f-74d1-4e83-ac21-a1c6ad5cfb6a,0fbb3364-06b5-436c-bc84-05450d742b92,235949,purchase,103,Keyboard,Accessories,Kenya,desktop,facebook,4,70,0.08,2026-05-07 00:04:14
006dfdf7-5818-4d9d-9bfa-4f19ffdeb307,793d3f95-7d64-48b0-911e-a37822fd00c3,958,purchase,103,Keyboard,Accessories,Ghana,desktop,google,3,70,0.1,2026-05-07 00:04:15
3b674ed2-d22c-490c-bcf1-cfe272525851,94d61c28-0886-433a-8367-162a5e4fd459,946702,view,101,Laptop,Electronics,Rwanda,desktop,google,5,1200,0.13,2026-05-07 00:04:16
e40dd748-87fa-4af4-91ce-bd69519166ac,f25b2315-bc90-484c-9d43-edc18007471d,395267,purchase,103,Keyboard,Accessories,Kenya,desktop,organic,5,70,0.13,2026-05-07 00:04:17
61227346-c69f-4c0a-abf4-6fb529b173fc,4eafa25c-c8a7-4bc0-8b36-7f851e55d8af,697,purchase,102,Phone,Electronics,Ghana,desktop,organic,1,800,0.02,2026-05-07 00:04:18
a36d3420-f1b5-43ac-971b-5805e6c2806e,65119983-4f11-47c9-820d-993ed780875f,547146,purchase,104,Mouse,Accessories,Ghana,mobile,facebook,4,40,0.14,2026-05-07 00:04:19
c0dd3795-bc37-4f27-a604-f0f697d8f836,3d4748ac-af10-4a13-9fe4-f946f4ed8f0e,59622,purchase,103,Keyboard,Accessories,Ghana,desktop,organic,5,70,0.19,2026-05-07 00:04:20
09f54464-05cd-4e85-a027-a4378894a4f3,2baf20f3-e6e3-486b-bdcb-ec32998d9c85,759,purchase,102,Phone,Electronics,Nigeria,desktop,organic,3,800,0.06,2026-05-07 00:04:21
9e4b6b63-c102-4687-9ab1-7e4076450e1a,111aa51e-8341-4288-a188-a2a933661d1b,565673,purchase,103,Keyboard,Accessories,Rwanda,mobile,organic,2,70,0.07,2026-05-07 00:04:22
5c0c9ac4-c6b0-4752-bcff-39178e91c281,4c14113b-e09f-48ee-899e-7a38e20f882f,109,purchase,102,Phone,Electronics,Rwanda,mobile,google,2,800,0.13,2026-05-07 00:04:23
8b85b5a1-0618-49e6-ad68-5dc2aa666b23,f8691f8d-ccbe-4d70-816a-4c3441dc8e95,942048,view,102,Phone,Electronics,Kenya,desktop,google,1,800,0.19,2026-05-07 00:04:24
f2c13821-1d0b-4ba1-aa93-e8952c5f1a30,1babf73c-0207-429d-ad05-963c87733281,578614,purchase,104,Mouse,Accessories,Rwanda,desktop,facebook,1,40,0.19,2026-05-07 00:04:25
8f0c9543-b9e0-4728-9cff-6593e90eeba4,935bc812-8d7d-477d-b16a-ec42d45bc9d3,793,view,104,Mouse,Accessories,Kenya,mobile,organic,4,40,0.04,2026-05-07 00:04:26
40deb9fe-e7e9-44a1-941a-001c6b10efd5,f1d78776-61c5-41e5-ac01-ce33428634ad,980852,view,104,Mouse,Accessories,Ghana,desktop,facebook,4,40,0.18,2026-05-07 00:04:27
3f061e78-6051-4795-b093-4536672df0b1,096c1053-72b9-4c1e-9341-dffdc512d66e,21,view,102,Phone,Electronics,Rwanda,desktop,google,1,800,0.1,2026-05-07 00:04:28
48732a4f-6980-4121-91bd-cdcd5109636c,f634da8f-0732-4326-bca6-6420b69382eb,30,view,102,Phone,Electronics,Kenya,mobile,organic,3,800,0.19,2026-05-07 00:04:29
5e383997-a593-45ed-aeb1-fe58ca9437e4,df3dd563-bf46-4cdb-a69a-96d8268b3aed,97534,view,102,Phone,Electronics,Nigeria,mobile,facebook,3,800,0.04,2026-05-07 00:04:30
2218ca41-7e06-430f-9c6b-245404e5467a,e80c1e7f-f6aa-4ffc-a84d-cba47262fecd,264864,purchase,103,Keyboard,Accessories,Nigeria,desktop,facebook,5,70,0.2,2026-05-07 00:04:31
66f8223c-db47-4204-9f30-74cef8c6f353,0b9f4b87-966c-414e-81f7-539139840e13,493570,purchase,103,Keyboard,Accessories,Nigeria,desktop,google,2,70,0.14,2026-05-07 00:04:32
cc8d04e8-89bd-43bf-8fbf-eccde77737e6,2e37cbac-2615-49c0-b9d7-05203a0df871,291095,purchase,101,Laptop,Electronics,Rwanda,desktop,google,5,1200,0.03,2026-05-07 00:04:33
416b92fa-7944-4335-a67e-878290f80169,ee4fb424-86b1-4c0a-ae20-14ab5deec04c,625718,purchase,101,Laptop,Electronics,Nigeria,mobile,google,5,1200,0.13,2026-05-07 00:04:34
94d13eab-2c74-4a4e-8738-b64c33ed9ff3,30ac7911-3d2b-4688-968b-ce0a03525a27,952744,purchase,102,Phone,Electronics,Kenya,mobile,facebook,2,800,0.17,2026-05-07 00:04:35
0c7ffc65-18b9-41dd-9f00-a390db45960e,4cb08b9a-7721-4784-8fdd-7b65ef66be7f,502771,view,101,Laptop,Electronics,Rwanda,desktop,facebook,2,1200,0.12,2026-05-07 00:04:36
946dcb02-4fab-4485-84f9-f28ef400030a,f8a44c97-775a-4821-8067-4a84cd4239db,463809,view,101,Laptop,Electronics,Nigeria,desktop,google,3,1200,0.08,2026-05-07 00:04:37
641eb3ca-0818-4805-a0ee-3089bff5e496,02543271-72e7-4fdf-80ed-f5c491eba3b9,597341,purchase,102,Phone,Electronics,Nigeria,mobile,organic,4,800,0.17,2026-05-07 00:04:38
4856fa61-b8dc-4e84-9e47-81cf2a40a8f7,03f84e4a-5243-42f7-afc9-bb70c8deeb8e,801189,purchase,104,Mouse,Accessories,Kenya,mobile,google,2,40,0.16,2026-05-07 00:04:39
ec2536a6-a6e0-4ca6-97ef-dd62183135e5,66371ba4-0d00-46de-8f37-a887542c113a,450655,purchase,104,Mouse,Accessories,Nigeria,desktop,google,3,40,0.15,2026-05-07 00:04:40
895c1149-ed64-4f59-b1b5-d64125dd9a82,3fe57745-2dce-4dd1-863a-2562ef436461,421,purchase,104,Mouse,Accessories,Nigeria,desktop,google,5,40,0.1,2026-05-07 00:04:41
374170a1-4b4e-4202-9912-fda166c598c6,a8abfc1b-06fe-4f14-9511-231e7e58c265,404178,purchase,103,Keyboard,Accessories,Kenya,mobile,facebook,5,70,0.06,2026-05-07 00:04:42
aeb03596-22ce-47d5-bb79-e4d6769ae4c1,9d2d7f9b-31ab-444a-8a30-d8dca447c5ce,808494,view,101,Laptop,Electronics,Kenya,mobile,google,4,1200,0.12,2026-05-07 00:04:43
fd8aae71-236d-4892-87bd-384165fd46a7,a112fc59-5a38-468b-93f4-f92192e2939e,108,purchase,104,Mouse,Accessories,Kenya,desktop,google,2,40,0.12,2026-05-07 00:04:44
43b004ad-e754-4cbb-ac18-c81248401218,f980e1bd-ebc4-4e26-908f-6da92e9e5475,730450,view,104,Mouse,Accessories,Nigeria,desktop,google,5,40,0.12,2026-05-07 00:04:45
d23d9ac0-d9ae-4917-ba8d-b367e59a3332,f2c1677f-e953-4a1c-9152-9568be269210,662191,purchase,104,Mouse,Accessories,Kenya,desktop,organic,1,40,0.02,2026-05-07 00:04:46
4fd63eb4-c041-4f25-b4be-430a5efc4c61,209b4894-e4d6-4619-be23-f1c71c1cb13d,592,purchase,104,Mouse,Accessories,Kenya,mobile,google,5,40,0.03,2026-05-07 00:04:47
40870a3d-2922-4596-94d7-6dde27fac788,be36050c-097b-45f2-b498-dface56b0173,787059,view,104,Mouse,Accessories,Kenya,mobile,facebook,4,40,0.04,2026-05-07 00:04:48
f669231b-3955-4259-bb2a-2e743aad2478,38766939-a55d-444e-94ec-82283b059306,611,purchase,103,Keyboard,Accessories,Kenya,desktop,google,4,70,0.17,2026-05-07 00:04:49
c8be01b5-ae94-42e7-ad7b-8f757665d572,327c0a32-ad03-4be9-948c-501ecde0fcde,330,view,101,Laptop,Electronics,Ghana,mobile,google,3,1200,0.13,2026-05-07 00:04:50
15b1e8d2-2597-43f2-8bec-d6f2b0c340b6,3031dac2-8c55-413b-bdfb-8cb77aa0a28a,144978,purchase,103,Keyboard,Accessories,Kenya,mobile,facebook,4,70,0.11,2026-05-07 00:04:51
640189ed-6c45-406f-b391-7ff271a65293,42bad7cf-c048-4f99-82a1-6defbb10d7dd,766311,view,103,Keyboard,Accessories,Rwanda,mobile,organic,3,70,0.19,2026-05-07 00:04:52
9992678c-54aa-419e-b885-f97eceb54ee0,834c3ad0-7f7d-4977-88e8-2c48a29cebc8,128354,purchase,104,Mouse,Accessories,Rwanda,mobile,organic,5,40,0.11,2026-05-07 00:04:53
dc7bda9d-3790-4d25-adff-7f2ed36944ee,77841082-331e-42c1-bfe8-85924aef21a0,100278,view,102,Phone,Electronics,Kenya,mobile,organic,1,800,0.02,2026-05-07 00:04:54
15238f94-41de-4f19-ab9f-4bbae680c49e,9f4572d8-7fad-4be1-a3e5-81a1d72c279d,175039,purchase,101,Laptop,Electronics,Nigeria,mobile,facebook,4,1200,0.01,2026-05-07 00:04:55
1bed048b-d758-4101-9421-4e9dbec5a382,bcaa58b5-a0db-4316-8bf4-f7eb2e6e4ee3,766200,purchase,101,Laptop,Electronics,Rwanda,mobile,facebook,3,1200,0.05,2026-05-07 00:04:56
11a77c0f-e604-4801-9961-ab9704915466,07d0960c-c62d-44d7-8478-da682e3c2dc1,408041,view,103,Keyboard,Accessories,Ghana,mobile,google,2,70,0.15,2026-05-07 00:04:57
6c4b92fd-eeec-4cd4-953f-da28530382ca,e4692b90-fdf4-4d70-9658-8e83d57ce437,727,purchase,101,Laptop,Electronics,Kenya,mobile,organic,4,1200,0.02,2026-05-07 00:04:58
ab2b7689-ca1e-4235-b67e-bbe495104e8a,cef5c774-85bf-46ce-b541-87af3665433a,275190,view,102,Phone,Electronics,Nigeria,desktop,google,1,800,0.19,2026-05-07 00:04:59
a20612b1-a8bd-4378-b510-34a71993e71b,5c11c05e-40f5-4ddc-9ea0-03a09420e8d8,441318,purchase,103,Keyboard,Accessories,Ghana,mobile,facebook,3,70,0.19,2026-05-07 00:05:00
7d708736-0fbf-43ca-92bc-4a74fd894b44,487c0497-ed74-4f0a-8836-07b1506b3b26,494179,purchase,102,Phone,Electronics,Ghana,desktop,organic,4,800,0.05,2026-05-07 00:05:01
4c7c73e1-a1bd-48c7-a013-e7614cfa3f7e,adf13134-30cf-466b-a2d0-af359d020b86,708,view,101,Laptop,Electronics,Kenya,desktop,organic,4,1200,0.05,2026-05-07 00:05:02
850b9c37-6bda-4667-974f-6a11358d0e1b,8f738781-7ec3-449d-b678-8cd7299c53b3,229,view,104,Mouse,Accessories,Rwanda,mobile,organic,3,40,0.03,2026-05-07 00:05:03
15d4fc4a-64f7-47c2-9efc-4f693af43d8f,54cbacb8-4908-4273-a06e-60e44a1d4326,432,purchase,102,Phone,Electronics,Rwanda,mobile,google,2,800,0.02,2026-05-07 00:05:04
14ad6368-a662-4f59-a75b-b7eb744ba3d6,1eb42400-f7ac-430a-b66c-79b35e86bdce,553977,view,102,Phone,Electronics,Rwanda,mobile,facebook,4,800,0.1,2026-05-07 00:05:05
5f4f7ee9-f1c2-4a48-a88e-e53ef04e503d,ab985b93-8da8-422f-87f3-c8157d06cdaf,988434,purchase,101,Laptop,Electronics,Ghana,mobile,google,5,1200,0.04,2026-05-07 00:05:06
a44c6181-7b3b-438b-80c3-ef879e14b777,283a50ab-933f-4c45-a29a-6de88273c01b,63847,purchase,101,Laptop,Electronics,Kenya,desktop,facebook,2,1200,0.18,2026-05-07 00:05:07
b4d26307-0c28-4ea3-99b3-706b6e45eb34,fbbca843-79c5-4c28-b609-b3720e6b06a2,823413,view,103,Keyboard,Accessories,Kenya,desktop,organic,2,70,0.18,2026-05-07 00:05:08
e9791605-74d7-4a6a-86c3-f1b4218b3d61,e211df2f-3c7f-4ba2-9ba4-68f61916f18a,460932,view,101,Laptop,Electronics,Ghana,desktop,organic,1,1200,0.03,2026-05-07 00:05:09
7c310cc6-5174-4e6b-905e-1107de21faaa,89890ad3-c8c5-465b-9598-803a4b2e0d7b,998704,view,103,Keyboard,Accessories,Kenya,desktop,facebook,3,70,0.2,2026-05-07 00:05:10
ae857157-2800-4975-b5e1-50082ad721a7,01b867ca-51b7-42f6-a555-2ddb4a9ab7ce,577579,purchase,104,Mouse,Accessories,Kenya,mobile,organic,2,40,0.12,2026-05-07 00:05:11
bd122f62-70a8-425d-bc02-f3bffe6bca3a,85f91a55-4b23-4e66-9078-0fb21e59049d,286500,purchase,104,Mouse,Accessories,Kenya,mobile,facebook,2,40,0.1,2026-05-07 00:05:12
7e5da331-90a6-40c0-b411-cf7043df7e0a,389c6dc4-b4a4-49f8-bd03-a3c7ba22f33e,557782,view,101,Laptop,Electronics,Ghana,mobile,facebook,4,1200,0.07,2026-05-07 00:05:13
3f9ef3e2-0207-4159-8909-20f23b301776,c4284ea8-35b9-4697-96c6-de5607761b54,412,purchase,102,Phone,Electronics,Nigeria,mobile,organic,5,800,0.1,2026-05-07 00:05:14
2b9eef1c-5f67-45ef-9261-faf636920a4a,aca3367c-5d39-4fdf-92ff-6e922ddd578a,529,view,104,Mouse,Accessories,Rwanda,mobile,facebook,4,40,0.05,2026-05-07 00:05:15
f8b1d9cb-e970-4ad6-a788-91c959424022,569c5042-8c39-4875-99af-5c4019ba2126,876765,purchase,104,Mouse,Accessories,Kenya,desktop,facebook,2,40,0.07,2026-05-07 00:05:16
44c2f17c-8018-4d5a-9441-d5e77b0a2a18,8b3cf54b-4983-4df8-be46-182c8ec3470f,456,view,104,Mouse,Accessories,Ghana,desktop,google,3,40,0.19,2026-05-07 00:05:17
af24a30f-94f6-41e9-848e-9abff437c653,aca1f5e8-1d17-49fa-bf44-378aa1b0f40e,757238,view,102,Phone,Electronics,Kenya,mobile,google,1,800,0.07,2026-05-07 00:05:18
d49a4eb3-6b78-44a5-9118-134db1113880,8d924b10-2f8b-4615-a674-86a50a034957,158090,purchase,101,Laptop,Electronics,Nigeria,desktop,google,4,1200,0.04,2026-05-07 00:05:19
a090ac7b-330c-4752-ac6b-fd8c87a1c43f,cd68bcc3-243f-43a6-9bba-8cec1a3ec4f0,979,view,103,Keyboard,Accessories,Rwanda,mobile,organic,1,70,0.04,2026-05-07 00:05:20
3a41c983-cc21-439c-a6ab-1ca760c5af28,b6944657-e197-4c6c-9578-18e22097361f,425255,view,104,Mouse,Accessories,Nigeria,desktop,google,5,40,0.2,2026-05-07 00:05:21
6366c6c3-e89f-4d74-a452-09e5b916a6f0,6b6b8c8d-4a25-4caa-8177-6c53cb85a07c,197,view,102,Phone,Electronics,Kenya,mobile,google,4,800,0.19,2026-05-07 00:05:22
c3a974e0-dc9a-41c8-86ac-1ccf69be68e5,9255d138-b731-4be9-a207-1c4a7d80c9cd,761155,view,104,Mouse,Accessories,Kenya,mobile,google,1,40,0.18,2026-05-07 00:05:23
73be009d-2081-4f45-b99d-341eb9ad2992,21f7efaf-fffe-4965-97ec-7bfa1eebc424,408521,view,103,Keyboard,Accessories,Rwanda,desktop,organic,3,70,0.01,2026-05-07 00:05:24
382df2db-b7ff-4c73-b472-5968b48aa3e7,21242ca5-f7a4-48d6-bd84-217aa776af8e,919859,view,104,Mouse,Accessories,Nigeria,mobile,facebook,2,40,0.09,2026-05-07 00:05:25
ed467ce1-3203-47f3-9082-9527c562eb56,ee654ffa-2590-4b19-a620-39d23befe47b,644443,purchase,102,Phone,Electronics,Nigeria,desktop,organic,2,800,0.03,2026-05-07 00:05:26
02730767-29ea-4bc1-8986-549ff351f579,8a3795fe-d423-4066-a388-f8984af796a1,614455,view,103,Keyboard,Accessories,Rwanda,desktop,google,1,70,0.07,2026-05-07 00:05:27
359f6dbb-5336-4ed4-85b5-a752b9ae5ad6,c9de1cbd-c6c1-40b2-b991-73ba65012184,149974,view,102,Phone,Electronics,Rwanda,mobile,organic,4,800,0.07,2026-05-07 00:05:28
18e97024-bb57-4fd7-b77a-8f1cb7bb748e,0a12d5d9-8752-4c62-b3f5-15f06f22f4c1,309268,view,102,Phone,Electronics,Rwanda,mobile,organic,2,800,0.16,2026-05-07 00:05:29
c597302f-8af2-48ac-9f31-4df5ac07d7ea,7e19016d-c14a-4665-aed5-d0ec82fce826,459,purchase,102,Phone,Electronics,Rwanda,mobile,google,4,800,0.12,2026-05-07 00:05:30
0f92ea7f-672c-43e3-a1fb-a2574853088b,bf1f334d-8e94-46d5-9adf-ce4e2e7b6997,574,view,103,Keyboard,Accessories,Rwanda,desktop,google,1,70,0.01,2026-05-07 00:05:31
f92d08de-c94c-45e3-9e79-65e1b03349a2,45f3efec-b16e-48e8-a09d-aff89e2a8e27,550,purchase,104,Mouse,Accessories,Nigeria,desktop,google,4,40,0.02,2026-05-07 00:05:32
3a322976-9969-4d6f-bfcd-0b865c6032d4,81896c66-a6d8-4ed1-8c6f-9b2711be5944,970291,view,102,Phone,Electronics,Nigeria,desktop,facebook,3,800,0.13,2026-05-07 00:05:33
e5a9c421-47cf-429b-8a76-3e3633519d13,a871a4df-d22c-4136-adca-dc4e1c46bafc,365,purchase,103,Keyboard,Accessories,Rwanda,mobile,google,3,70,0.02,2026-05-07 00:05:34
248a6f5e-4efc-452f-b097-e8651ef2fe58,ff8507ae-7c83-48b3-924b-d263b3f43a42,724109,purchase,102,Phone,Electronics,Kenya,desktop,organic,5,800,0.2,2026-05-07 00:05:35
0619523e-dee7-4c52-b544-17046de7e9da,2342f1ce-2648-429a-b55e-a9031125d9a3,336562,view,101,Laptop,Electronics,Ghana,desktop,organic,5,1200,0.07,2026-05-07 00:05:36
510e75df-a364-4cc8-8f82-a350c4e19ca0,9167183f-43b0-4d14-a6d1-80e422559446,24626,view,104,Mouse,Accessories,Rwanda,mobile,organic,4,40,0.02,2026-05-07 00:05:37
7d622620-670f-4539-a28c-4c8b54c17254,eaa686bb-20b0-4011-a881-d53d2afb5531,84782,purchase,104,Mouse,Accessories,Rwanda,desktop,facebook,3,40,0.03,2026-05-07 00:05:38
b04ae3f3-4b7f-4d22-88f3-01643af38536,6d4fa277-4843-4ca3-971a-37d31d2326d1,87186,purchase,101,Laptop,Electronics,Kenya,desktop,google,3,1200,0.09,2026-05-07 00:05:39
8820afc9-912b-49d6-a1df-1c4f2026a9f1,9da768f9-1433-4186-969b-93b4c01b5c55,158566,purchase,104,Mouse,Accessories,Rwanda,mobile,organic,5,40,0.18,2026-05-07 00:05:40
16de4f55-2f2b-428b-87b9-36f6801865f7,9bf5b716-981a-463f-a679-4d538919d1dd,197772,view,103,Keyboard,Accessories,Ghana,desktop,google,2,70,0.15,2026-05-07 00:05:41
6b1ba1c4-567e-4ddc-8235-452516939e6f,2688f278-1158-4811-a1af-4b5c01673d5e,459109,view,101,Laptop,Electronics,Ghana,desktop,facebook,3,1200,0.11,2026-05-07 00:05:42
ccbec82f-05f3-4d9f-8479-211f0fb4f81b,368b606c-3a11-435d-94c9-230a63dc4567,596,view,102,Phone,Electronics,Ghana,mobile,facebook,1,800,0.19,2026-05-07 00:05:43
e6fc80ef-48a2-4175-b6ef-75824c29f171,aa89c66b-1c00-42cc-9a29-41d86a162beb,897,purchase,102,Phone,Electronics,Nigeria,mobile,organic,4,800,0.11,2026-05-07 00:05:44
16c8226e-9579-441f-a53c-d5105c66133f,f0b425e6-3844-4655-aa72-0b4322ba9b49,636,view,102,Phone,Electronics,Rwanda,mobile,organic,1,800,0.15,2026-05-07 00:05:45
e946fa1a-a21b-4b9e-8291-a0bc094e28ae,f66d13ee-010d-44c8-9f11-92011b9afce5,63442,view,104,Mouse,Accessories,Kenya,desktop,google,5,40,0.06,2026-05-07 00:05:46
ceab8109-a7d1-4a94-8aed-a1e493d8a0fc,fcc6d34f-92f0-4c28-9bb6-5c2afec96d7d,376337,purchase,103,Keyboard,Accessories,Nigeria,desktop,facebook,4,70,0.01,2026-05-07 00:05:47
cfa2eb11-ae98-409e-975f-1b6d43bed564,b5043c5f-3998-4726-bce8-58e7cb5e0b37,577267,purchase,103,Keyboard,Accessories,Rwanda,mobile,google,1,70,0.06,2026-05-07 00:05:48
df51c4a7-d635-4ab7-9cf7-a253f6d1aad8,32060c8a-084a-4a3f-b9b9-8251f347618e,151056,purchase,104,Mouse,Accessories,Ghana,mobile,facebook,3,40,0.09,2026-05-07 00:05:49
e890ae28-9205-477b-a33e-76a54eb85f13,937fc8d6-e0a4-4fca-9e33-7abcb608c585,611,purchase,101,Laptop,Electronics,Ghana,mobile,organic,1,1200,0.04,2026-05-07 00:05:50
8b6b42e0-fd45-4223-8558-fed440cd1665,45a1a0ae-7d85-4672-b616-e7405a4f1e54,425,view,103,Keyboard,Accessories,Rwanda,desktop,facebook,5,70,0.19,2026-05-07 00:05:51
32bf0d0d-7670-4161-a980-33f7b81095c8,49aa8d39-625e-4efe-9ea2-d79e4fd75edd,707,purchase,102,Phone,Electronics,Nigeria,mobile,organic,2,800,0.01,2026-05-07 00:05:52
aedd94cb-cbf8-4d23-80a0-8adb34b7b524,360e9b36-d82f-4cc6-9a90-4349f9b5dfcd,114926,purchase,103,Keyboard,Accessories,Kenya,desktop,google,4,70,0.06,2026-05-07 00:05:53
9108d51f-46ed-466a-8d94-6963da2076bb,313a2c02-5841-407b-b50f-0f5f1195d0e2,112893,purchase,104,Mouse,Accessories,Nigeria,mobile,google,3,40,0.05,2026-05-07 00:05:54
111ac86e-93ea-469c-9f23-228bba50b316,00f0cc1c-0edb-45db-8a1d-b94ef402f3f0,844434,purchase,102,Phone,Electronics,Ghana,mobile,facebook,5,800,0.16,2026-05-07 00:05:55
650c2b96-1524-4355-9f7d-d770899e178d,665849a1-318c-4ccd-bf2b-28a9c701f589,851967,view,102,Phone,Electronics,Kenya,mobile,google,2,800,0.01,2026-05-07 00:05:56
2642706c-ad42-4ca0-ab54-32071ec04988,521a3a3b-74ad-4426-8aaf-515ae4c65332,346011,view,101,Laptop,Electronics,Ghana,mobile,google,3,1200,0.18,2026-05-07 00:05:57
bb9a291c-b1fc-417c-97f0-320caf9ceae6,c788b888-4a83-4ff7-89b8-9a7847d73ba0,632155,purchase,101,Laptop,Electronics,Kenya,mobile,google,4,1200,0.14,2026-05-07 00:05:58
8c4cda14-3e6d-4836-966f-0ce511abfe6c,2464d66b-f1d8-41fa-b41b-bcff81c06466,430106,view,101,Laptop,Electronics,Ghana,mobile,organic,4,1200,0.06,2026-05-07 00:05:59
b2497b05-3d26-4472-8818-9617e35a19d4,128ca87d-474b-4556-8df1-8359dfb5c23f,55,view,103,Keyboard,Accessories,Kenya,mobile,google,4,70,0.05,2026-05-07 00:06:00
9d9ce104-ee72-43d8-84d2-cbb433136e1f,66f14a32-3e82-4032-b889-c44ed97cbe4b,830887,view,104,Mouse,Accessories,Rwanda,desktop,organic,3,40,0.04,2026-05-07 00:06:01
bc567988-e727-4ccd-a556-ae56bcca7259,d7f15d5c-de1a-40ca-806d-1f78ee14f189,537388,purchase,101,Laptop,Electronics,Kenya,desktop,organic,3,1200,0.06,2026-05-07 00:06:02
e7539b59-3d2e-4ea1-a350-7b1707f3c24a,7221cf54-8ac2-4b2b-9ad4-12c7133a04cb,4132,view,102,Phone,Electronics,Kenya,desktop,google,5,800,0.06,2026-05-07 00:06:03
35ed301d-51e8-4ad2-874c-01b77b1e57d4,fbab6e26-450a-4edd-9741-b3569ed7e537,788730,view,101,Laptop,Electronics,Ghana,desktop,google,4,1200,0.0,2026-05-07 00:06:04
428beaa7-4aa4-481e-8be0-ce63bf8a85e4,3e5fe9ff-7930-4640-ae84-512664706f4b,994443,view,103,Keyboard,Accessories,Ghana,desktop,google,3,70,0.02,2026-05-07 00:06:05
467917e7-0e34-42ac-a1d6-b7e2d54008b5,5d5c1c38-c444-4820-9433-bb20031fe863,250791,view,104,Mouse,Accessories,Nigeria,desktop,facebook,1,40,0.17,2026-05-07 00:06:06
63a5d909-d0b0-473e-af19-bcfd10762396,b943f37c-bd7f-4f65-8660-f9e091f1186d,135038,purchase,101,Laptop,Electronics,Ghana,desktop,google,5,1200,0.1,2026-05-07 00:06:07
8b0a5820-4d7b-427e-99ec-e9a0f657dd55,ff061118-eba8-4874-8832-37844b03ac6f,738606,purchase,103,Keyboard,Accessories,Kenya,desktop,google,2,70,0.12,2026-05-07 00:06:08
0abdc486-bb30-4a03-a4a8-20627945ca07,fc2cd76d-bf18-4a8a-89ff-f6e00c5370e1,897279,purchase,101,Laptop,Electronics,Rwanda,mobile,facebook,5,1200,0.17,2026-05-07 00:06:09
b335afca-30fc-4ce2-8f6f-4bdd61e4b8bf,d13ec6ae-0871-47a7-8020-bf4e5c2eadc0,781864,view,103,Keyboard,Accessories,Rwanda,mobile,google,1,70,0.07,2026-05-07 00:06:10
9c0c11cb-7f7e-49b8-9f0f-519711172454,bcea12f9-e3dd-4b7f-be5d-c82075431ee8,347273,purchase,103,Keyboard,Accessories,Nigeria,desktop,organic,2,70,0.12,2026-05-07 00:06:11
53820bd6-236c-4314-bdd1-c28dc9b2aa3c,5db6c055-f764-4af8-b369-644ddf310ac1,103,view,104,Mouse,Accessories,Nigeria,mobile,google,4,40,0.15,2026-05-07 00:06:12
38bd16a2-fe87-4306-911c-efbcebf44508,d33198bb-7f62-42c0-b0f7-cff9ede87f89,624160,view,101,Laptop,Electronics,Kenya,mobile,organic,4,1200,0.03,2026-05-07 00:06:13
0e7a8296-9cd1-468e-bb0a-6c6497ca29ee,e78a39c0-5cee-497f-9dcc-31fb94894f78,130,purchase,103,Keyboard,Accessories,Nigeria,desktop,facebook,5,70,0.14,2026-05-07 00:06:14
068f870e-10fa-4ab1-abb0-d3eeffea0d18,14a89c60-a65f-4cc8-a4ea-2df48ba6a98d,806419,purchase,103,Keyboard,Accessories,Nigeria,desktop,facebook,1,70,0.09,2026-05-07 00:06:15
fdaf1f1d-e620-48c1-97f7-6f1e05c2e5c4,25b574ea-b8ee-4f07-8a7b-61e031d3df4d,693186,view,103,Keyboard,Accessories,Kenya,mobile,facebook,5,70,0.07,2026-05-07 00:06:16
bb911619-7953-41ab-a3cc-30233f2b0fea,74f41854-10ac-4835-a762-55728a104f55,10088,purchase,102,Phone,Electronics,Rwanda,desktop,google,1,800,0.08,2026-05-07 00:06:17
afae75be-931c-409d-b26b-4ddce0c43576,d6956e31-7be4-45d8-9475-4857476675b7,158332,view,104,Mouse,Accessories,Rwanda,desktop,organic,5,40,0.15,2026-05-07 00:06:18
d27fe857-b5ad-45d7-8e4d-d06b4a84b175,2fb80509-6f65-40a7-8ab2-7035a561444d,397,purchase,102,Phone,Electronics,Rwanda,mobile,facebook,5,800,0.17,2026-05-07 00:06:19
636284f7-b5f2-4145-87dc-45f9bbbc52d8,3f1d9f53-3a4d-4215-b5b1-f8bd2a7fc5c1,71906,purchase,101,Laptop,Electronics,Ghana,desktop,google,1,1200,0.01,2026-05-07 00:06:20
ce56d276-aa98-460f-9a15-a2e4f370c6c2,e51458b5-fed1-47a6-b695-33e760ac923c,485,view,104,Mouse,Accessories,Rwanda,mobile,facebook,4,40,0.04,2026-05-07 00:06:21
1c16a7a6-6d1c-49e4-adbb-031c9d1ebe08,14bcea83-e928-421b-88da-24f64254432c,998646,view,103,Keyboard,Accessories,Kenya,mobile,facebook,2,70,0.04,2026-05-07 00:06:22
16e0f4cd-52bb-424a-b74f-e5d1228205ab,45f6e01a-6461-4da6-90b1-c4331e92fdba,672,purchase,101,Laptop,Electronics,Ghana,desktop,organic,1,1200,0.11,2026-05-07 00:06:23
0143b004-4481-451d-8931-1e7445f5907a,e9c85f8b-fa5a-4cf0-835e-d260881e661c,439,purchase,103,Keyboard,Accessories,Nigeria,desktop,facebook,3,70,0.07,2026-05-07 00:06:24
7dbf759d-9e87-4216-b7b2-caa0869dbcdf,34624340-cf73-4b7b-b327-cffc45c04a85,228977,view,101,Laptop,Electronics,Nigeria,mobile,google,1,1200,0.06,2026-05-07 00:06:25
e5b2e3b8-b72a-4de7-be24-655984201573,c5553408-aaca-4a57-8f32-2ba3d5ead1f2,578571,view,101,Laptop,Electronics,Ghana,desktop,google,5,1200,0.12,2026-05-07 00:06:26
fbf1eedd-d9f5-48b3-9205-dfb932f7b8e0,633d2781-921c-4695-9248-816866fa3a0f,207565,purchase,103,Keyboard,Accessories,Nigeria,mobile,facebook,1,70,0.04,2026-05-07 00:06:27
76735f46-db93-45ba-8305-edd6f92f0473,f01018df-133c-4e09-ab83-66274df998c1,616921,purchase,103,Keyboard,Accessories,Kenya,mobile,facebook,4,70,0.11,2026-05-07 00:06:28
b7fe4590-4ba9-4ecf-8bc1-97c7de1f5d1a,58c10cf4-4bf6-4b05-9a4d-815afc017e47,513775,purchase,103,Keyboard,Accessories,Nigeria,desktop,organic,2,70,0.07,2026-05-07 00:06:29
40b6ac03-7eb9-45b3-99b1-e305d2c86808,9c4c4721-3e67-4918-9465-7fca15ce03ef,885120,view,101,Laptop,Electronics,Rwanda,mobile,organic,4,1200,0.2,2026-05-07 00:06:30
392dcea6-d813-4c3e-82c1-15c80a50d1cd,f8d45e6d-9e65-4c25-b470-1ade928575a8,287458,view,104,Mouse,Accessories,Nigeria,mobile,organic,4,40,0.09,2026-05-07 00:06:31
3b074ad6-714d-40cd-8de2-a346f2fb50dd,40f07d80-fc9b-4511-8585-fb3cdefc1be8,988740,view,101,Laptop,Electronics,Nigeria,mobile,facebook,1,1200,0.14,2026-05-07 00:06:32
f05b252e-0cb0-4ddd-93db-9abb5a0a76b3,bc9abb81-43ca-4414-9191-1392b58b98e6,183192,view,103,Keyboard,Accessories,Ghana,desktop,facebook,1,70,0.18,2026-05-07 00:06:33
fe1d41c6-645e-454c-9ae0-3671fb32009e,17f916fe-8006-4dca-a256-c0c93ecb15f0,970205,purchase,101,Laptop,Electronics,Rwanda,mobile,google,5,1200,0.06,2026-05-07 00:06:34
b47d6042-8013-4f04-80c8-57e4fed1916a,208a4955-39ad-4000-98d7-deebec001fec,944,view,103,Keyboard,Accessories,Kenya,mobile,organic,5,70,0.16,2026-05-07 00:06:35
c1627360-f682-456f-a081-2f707bb0de5a,b325fc4d-1658-4014-aca8-15dc038f1a9c,871951,view,102,Phone,Electronics,Nigeria,desktop,google,1,800,0.04,2026-05-07 00:06:36
6924eb7d-0063-4302-a6ed-c5911f799c5a,eddeefa9-e77c-4385-a385-da5c86bc237b,642,view,101,Laptop,Electronics,Ghana,mobile,google,5,1200,0.01,2026-05-07 00:06:37
08812b50-1986-4ca1-ba1f-870ac5071b15,d0783119-7587-4dea-93ee-747bddc7f7bf,506471,view,103,Keyboard,Accessories,Nigeria,desktop,organic,3,70,0.11,2026-05-07 00:06:38
b40d4bc6-ea72-4f34-84eb-4c82047bb0d7,83d8bf1d-2328-477b-a5aa-0800a51bd185,21843,view,101,Laptop,Electronics,Kenya,mobile,organic,1,1200,0.07,2026-05-07 00:06:39
fc756b43-08a7-4467-90e1-5590564f0b55,dd91c6e5-38ca-4fef-9a14-1a9b30b95650,649916,purchase,101,Laptop,Electronics,Kenya,desktop,facebook,2,1200,0.14,2026-05-07 00:06:40
902539ea-2b3a-4f73-b86f-4e84ceabf1c6,4b12898b-7319-4294-8189-63de3cf75663,323197,view,101,Laptop,Electronics,Kenya,mobile,organic,2,1200,0.03,2026-05-07 00:06:41
697a920d-dcb7-4caa-bfa4-ed4a8f2f7973,ebd8d3c7-6d4d-4d32-affa-3d898a618a37,719558,view,101,Laptop,Electronics,Ghana,mobile,organic,4,1200,0.17,2026-05-07 00:06:42
33ad49e0-7992-442e-ad88-34e019f7da86,afeccc18-babb-463c-b9c2-bae9d02cd6c4,707418,view,101,Laptop,Electronics,Rwanda,mobile,facebook,4,1200,0.14,2026-05-07 00:06:43
bc28cbb7-53a7-427b-8c98-7700b4c5f5f5,7e686135-cbdd-4070-9d72-9722abab54a4,593481,view,102,Phone,Electronics,Nigeria,mobile,facebook,2,800,0.0,2026-05-07 00:06:44
f6622fff-33f7-4b0e-a170-e03472caac7a,1a7a5c51-a7e1-4335-aeb3-176449747630,744735,view,103,Keyboard,Accessories,Nigeria,desktop,facebook,4,70,0.1,2026-05-07 00:06:45
0577a178-9409-404c-aeb9-c6fc175252e8,ddbe72f8-762c-4172-a693-88b6c2cc9a9a,207630,view,104,Mouse,Accessories,Rwanda,desktop,organic,3,40,0.03,2026-05-07 00:06:46
85bf957f-6b23-4a9a-bd20-712101103cef,482f4ce2-144c-427c-af44-557f3433ce7b,932,view,103,Keyboard,Accessories,Rwanda,mobile,google,3,70,0.19,2026-05-07 00:06:47
2fdc17cc-a1bb-46ac-a58a-63143f2ccc0e,4eb1547d-b893-40f7-9db2-ed8ec30f1868,876445,purchase,103,Keyboard,Accessories,Kenya,mobile,google,2,70,0.01,2026-05-07 00:06:48
abcd41a9-ec9d-4ef7-a07e-34c4c761dc14,69cb9e7b-4423-4e2e-9ec6-7da08ce45f64,221,view,101,Laptop,Electronics,Kenya,desktop,google,3,1200,0.07,2026-05-07 00:06:49
90177595-c2af-4f51-af73-5416baecac06,4955220a-ddfe-49dd-8af0-e3cf23b89eb3,758095,view,102,Phone,Electronics,Rwanda,mobile,facebook,1,800,0.07,2026-05-07 00:06:50
1d9f4c39-06c6-4429-b02c-e9c94429a8b0,97e4938d-ffa8-4cd4-ab9e-1e702cd72229,39013,view,101,Laptop,Electronics,Rwanda,desktop,organic,3,1200,0.08,2026-05-07 00:06:51
aa55ac24-8340-4fd2-8db9-fb2dd460f392,8873b6bc-d831-41f9-8f8a-3841c8f6edd2,615873,purchase,103,Keyboard,Accessories,Nigeria,mobile,organic,3,70,0.15,2026-05-07 00:06:52
a39d6649-2c10-40c3-9638-f8a024ad31bc,507c6b32-452e-465e-960a-373c769cf09a,586997,purchase,104,Mouse,Accessories,Ghana,mobile,organic,5,40,0.02,2026-05-07 00:06:53
61f0ba72-2cdd-45fa-91d2-19e6e90d3c55,a71baacb-1cec-44e0-863c-c4260fb9eb5d,717026,view,103,Keyboard,Accessories,Nigeria,mobile,organic,4,70,0.11,2026-05-07 00:06:54
2b9b6412-3fe0-4a22-a86c-bcb648f8bb40,9414394f-6789-4e70-9e23-dbba3a4b6502,660,view,104,Mouse,Accessories,Rwanda,mobile,organic,4,40,0.16,2026-05-07 00:06:55
9ca1f317-af0a-4430-be6d-f7743d16a8ab,cacdc900-7151-414e-85d4-c375016a7f83,983024,purchase,103,Keyboard,Accessories,Ghana,mobile,google,1,70,0.1,2026-05-07 00:06:56
6b22a4d9-95a7-4e02-910c-943b48e97618,a2119076-bbfa-4303-a86e-a5a71e4e63a7,10635,purchase,102,Phone,Electronics,Ghana,mobile,facebook,3,800,0.17,2026-05-07 00:06:57
e30be691-5b44-4ffc-a5ec-eb4d2cb1ffb0,fbf646d9-28cb-45d4-9fcf-0a62b2180e66,315931,view,101,Laptop,Electronics,Ghana,mobile,facebook,3,1200,0.02,2026-05-07 00:06:58
65807734-315e-44dd-9858-fc77bcb5aa72,5d990e03-2208-4d13-a735-c2e2d65b7e81,159,view,102,Phone,Electronics,Ghana,mobile,organic,5,800,0.12,2026-05-07 00:06:59
f6047be8-1e2c-4f9b-8f2f-41df21dd2028,bf6903f6-8e05-4efb-861d-37b3be6f8eb7,703623,purchase,101,Laptop,Electronics,Kenya,mobile,facebook,1,1200,0.17,2026-05-07 00:07:00
e755c665-6082-4d55-bd80-cbe6d1a15e75,7e6cb2ab-c9f5-4c22-9f21-16dc702cd813,659736,view,103,Keyboard,Accessories,Nigeria,mobile,facebook,3,70,0.1,2026-05-07 00:07:01
2ef874db-7dca-437d-bcb9-226f79ff7c9c,79aedaf3-13dc-49db-b7c0-af0441a0cf88,215108,view,102,Phone,Electronics,Ghana,desktop,organic,2,800,0.04,2026-05-07 00:07:02
5545abbc-f9a8-4b84-a4b2-94076baf9958,ab000612-09d2-4645-8412-fb26088bc592,911579,purchase,103,Keyboard,Accessories,Ghana,mobile,facebook,2,70,0.06,2026-05-07 00:07:03
2f979692-98c1-47a2-8b04-81261abb2a7c,e794b456-d2dc-48bc-b674-0fd7bb088a30,104,purchase,104,Mouse,Accessories,Rwanda,desktop,google,4,40,0.07,2026-05-07 00:07:04
87fbd794-cab8-43bb-8907-eb3a1dabadf3,41bb30bf-d6b0-4f27-a0a3-7f3171522194,494,purchase,101,Laptop,Electronics,Kenya,mobile,facebook,1,1200,0.1,2026-05-07 00:07:05
788585cc-3e06-4e2a-beb9-b1217d4bb37b,a111af75-f246-48ee-90ff-af1669c1181a,656,view,102,Phone,Electronics,Nigeria,desktop,organic,3,800,0.18,2026-05-07 00:07:06
ae80944f-5db4-4713-9f74-c10273e32a06,bae7282d-5741-4699-906b-f9ad1e40a1f7,424495,view,101,Laptop,Electronics,Ghana,mobile,facebook,5,1200,0.07,2026-05-07 00:07:07
56205e8d-f0b9-48c3-b8f9-29bb9d78f4c8,b305355d-c0f7-476e-99a5-431652f162c5,224752,purchase,104,Mouse,Accessories,Kenya,mobile,google,5,40,0.1,2026-05-07 00:07:08
2d675c96-2d67-430c-a83e-39eb756dc34d,d2e44101-ba33-4f45-a1b6-b5999d68f6ae,726592,purchase,101,Laptop,Electronics,Ghana,mobile,facebook,5,1200,0.01,2026-05-07 00:07:09
4b5ea6fb-9d22-411f-8606-4cedf8b9f9d0,1f885309-6251-4bae-b720-153b6e08acba,676236,view,102,Phone,Electronics,Nigeria,mobile,google,4,800,0.0,2026-05-07 00:07:10
b0babd4c-0999-49e9-a89e-7ee8a6739b1b,d7ef0ea4-7d2f-4c5a-b091-e7010ff177c8,363766,purchase,101,Laptop,Electronics,Rwanda,desktop,google,3,1200,0.2,2026-05-07 00:07:11
bf5e1c90-eeda-44f2-8a56-28e619c45322,2b468f97-a334-4d56-a8df-5750da9ae68e,405573,purchase,104,Mouse,Accessories,Ghana,mobile,facebook,4,40,0.06,2026-05-07 00:07:12
4145fbe1-d8c8-43c0-be6e-78e680aca77d,81dcf326-7128-403d-bd33-a2c9e3ebb87f,92,view,102,Phone,Electronics,Nigeria,desktop,organic,5,800,0.09,2026-05-07 00:07:13
d36564c8-fbd1-4811-a376-741e67cb09e4,89baa35b-3616-487b-b639-b45e6f6be8b0,99652,purchase,101,Laptop,Electronics,Rwanda,mobile,google,3,1200,0.19,2026-05-07 00:07:14
4126ec6a-86a7-4089-9821-f509afd07f46,2a421c6e-4882-4967-ba4e-ab0799c39da1,112186,purchase,101,Laptop,Electronics,Ghana,desktop,google,4,1200,0.04,2026-05-07 00:07:15
34c7bbd7-1481-41fd-944f-c1744e802af6,68be1b4e-1ae5-43fe-b13d-29e67aaef01f,53173,purchase,101,Laptop,Electronics,Kenya,desktop,organic,1,1200,0.17,2026-05-07 00:07:16
3f4b10dc-5a63-4943-bb3b-a7c287420a0d,3916f750-5789-4d81-84f5-9662cbf79a9a,855105,purchase,103,Keyboard,Accessories,Ghana,desktop,facebook,2,70,0.15,2026-05-07 00:07:17
0ee5da24-3805-414a-bb6e-18a0a261c988,3dc53c81-0c06-417e-afbb-77569dba99f6,861719,view,104,Mouse,Accessories,Kenya,mobile,facebook,2,40,0.1,2026-05-07 00:07:18
b8b0d69c-646c-47fc-bb4c-a553c98c7b19,a6ef839b-598e-457a-a059-46c7a0cccc8e,247906,purchase,102,Phone,Electronics,Nigeria,mobile,google,3,800,0.17,2026-05-07 00:07:19
08c675f4-a3e5-45ca-a792-2158e6c52667,7fca4c46-a418-46ae-9bdc-2b538542db2b,162645,purchase,101,Laptop,Electronics,Rwanda,desktop,organic,3,1200,0.02,2026-05-07 00:07:20
553ed9d3-8cc4-42de-98d1-ccfdb8c591fa,3fdda283-0917-454c-8bb7-49273e89117c,378317,purchase,102,Phone,Electronics,Nigeria,mobile,organic,5,800,0.17,2026-05-07 00:07:21
f3aefb3c-38c9-462c-854f-545b363ac34b,25006039-6f1b-45e7-8c08-9a893e2bc0db,75507,view,104,Mouse,Accessories,Nigeria,mobile,google,2,40,0.16,2026-05-07 00:07:22
7a8db936-5ff5-48b2-835e-2ede3f9aa0c2,75c03152-0a93-422d-b7e4-506c43ca7f95,971679,purchase,101,Laptop,Electronics,Ghana,mobile,google,3,1200,0.05,2026-05-07 00:07:23
f01246b8-e83c-4939-a504-c34a6e0fedba,9b26df5c-b1cb-4173-9d91-bd072848e9a2,629149,view,101,Laptop,Electronics,Rwanda,desktop,facebook,1,1200,0.01,2026-05-07 00:07:24
639013c7-ea88-4ca8-b54d-9d4085bb817a,34eda96f-9738-4c49-bb53-5c6bd00ac446,807184,view,101,Laptop,Electronics,Nigeria,desktop,google,3,1200,0.08,2026-05-07 00:07:25
af64dc9b-e476-441e-9158-cc72b3ceb862,3d500756-b1b1-445a-976a-357106da640d,470009,purchase,101,Laptop,Electronics,Rwanda,mobile,organic,1,1200,0.19,2026-05-07 00:07:26
32b6b801-1017-423c-be02-3bc1190eaa3f,67f03308-7572-4bf2-91cb-ff5e38edde9c,909028,view,102,Phone,Electronics,Nigeria,mobile,facebook,4,800,0.16,2026-05-07 00:07:27
249fb994-9be5-4a96-98dc-73c1405156b8,87e7e1d4-1d0b-401b-9bff-1dbb9ec3bece,258,view,102,Phone,Electronics,Nigeria,desktop,organic,3,800,0.06,2026-05-07 00:07:28
0eb4846c-dfc0-45f1-b27b-7317920f8c9d,27cc408a-d8ca-47a3-b754-5964af64b40d,879588,purchase,103,Keyboard,Accessories,Nigeria,mobile,facebook,3,70,0.1,2026-05-07 00:07:29
bc7cb23a-caf5-48df-a110-ca3c75d796dd,866d9cc1-7697-455c-a550-8e8bd67a9154,690956,purchase,102,Phone,Electronics,Nigeria,desktop,google,4,800,0.01,2026-05-07 00:07:30
3db8672d-4a44-4e46-82e3-2f4e2a877421,13e9c044-b9a2-4b7e-a8af-4d49ab480f1b,131289,view,102,Phone,Electronics,Ghana,desktop,facebook,2,800,0.07,2026-05-07 00:07:31
fe3667bb-6502-405f-b0de-1c5b09e92dc2,c60db480-5892-43c2-a215-5735abd28a57,371,view,104,Mouse,Accessories,Kenya,desktop,organic,3,40,0.07,2026-05-07 00:07:32
4c447073-f45a-4ab3-8a52-10184841e112,eb365857-5b5a-49d0-a162-9e229c83fdbc,425580,view,104,Mouse,Accessories,Rwanda,desktop,organic,3,40,0.01,2026-05-07 00:07:33
c60e1876-78a1-4342-ac37-2c2bb9aad4c2,72d496cf-beb3-4e0b-b473-ec60e2ce8f4a,341632,view,101,Laptop,Electronics,Kenya,mobile,google,4,1200,0.11,2026-05-07 00:07:34
af4aaacd-5069-475c-a620-f7c8b1b04a64,e8e63e74-6ee2-4ea3-ba02-0838aeb80eed,359740,purchase,103,Keyboard,Accessories,Kenya,desktop,facebook,5,70,0.13,2026-05-07 00:07:35
06852cc9-b3bf-4011-86bb-f44a7710cc19,ba39a954-1d4d-449c-89ce-4e07db91f744,708132,purchase,101,Laptop,Electronics,Kenya,desktop,google,5,1200,0.05,2026-05-07 00:07:36
b64df506-b927-4cf8-8336-b6c00c87fba2,5cf9d511-5d47-4b64-b38a-6c88a8db14de,487,purchase,103,Keyboard,Accessories,Ghana,desktop,facebook,2,70,0.18,2026-05-07 00:07:37
c07945cf-4931-456a-80e3-c6e416965e9f,1bc7c946-fd5a-4379-bac8-a26f52c2cf74,434,view,101,Laptop,Electronics,Rwanda,mobile,facebook,4,1200,0.05,2026-05-07 00:07:38
1652d7d8-b5e4-44ea-93a8-548d8b8d1529,288d4370-598b-4eb1-b3af-efed61091e65,999394,purchase,102,Phone,Electronics,Kenya,desktop,google,2,800,0.13,2026-05-07 00:07:39
304de995-4224-4347-88d9-20b69315a210,6f01adad-980b-4b93-9570-6270268b08b1,157308,purchase,104,Mouse,Accessories,Ghana,mobile,organic,4,40,0.13,2026-05-07 00:07:40
a98d00f3-0213-4038-b65f-af379b82a706,70603dde-425f-4a54-adad-0946dfcc7008,276144,view,102,Phone,Electronics,Kenya,mobile,google,5,800,0.06,2026-05-07 00:07:41
8d97e0f7-2f47-40e3-a6ea-37da4932f89c,ff948b7a-ae2a-406e-ac82-e03feb9bdff7,315831,purchase,102,Phone,Electronics,Kenya,desktop,google,4,800,0.18,2026-05-07 00:07:42
360f298b-718b-44ae-8c90-39c1f6518ee2,e61071e1-1589-4a6d-a2d5-04064680ab32,530463,view,101,Laptop,Electronics,Rwanda,desktop,facebook,5,1200,0.01,2026-05-07 00:07:43
3ffd64ed-1514-4bd1-b621-e2d045729da0,37600c02-2870-4b14-bdf2-7fdad90dcfd3,57,view,104,Mouse,Accessories,Rwanda,desktop,facebook,4,40,0.02,2026-05-07 00:07:44
200cab0f-d166-4568-9bc3-f819b9965f19,c071dc2e-1109-4022-8239-9adcbf4b90a3,610,purchase,103,Keyboard,Accessories,Nigeria,desktop,google,1,70,0.15,2026-05-07 00:07:45
26d260bb-5dc3-4b88-8fb5-c7a19d182b52,c59deab8-e581-4650-ade0-88d051c340e1,269065,purchase,103,Keyboard,Accessories,Ghana,mobile,google,4,70,0.15,2026-05-07 00:07:46
f5527004-196e-4d15-a6c9-ac9f5c2efce8,23593bff-a57c-48c4-86ae-02f9c8f5c750,876,purchase,102,Phone,Electronics,Nigeria,mobile,facebook,5,800,0.18,2026-05-07 00:07:47
6c9722bd-b1c0-448e-b0dd-0760e1360921,694efdc4-b72b-43df-99f9-1504b1de8d62,53398,purchase,102,Phone,Electronics,Ghana,mobile,facebook,4,800,0.01,2026-05-07 00:07:48
f9189c00-ab45-4053-a250-9be8352f0b1a,7ca95a4c-91d7-498c-8866-ce614291890c,505677,view,103,Keyboard,Accessories,Nigeria,mobile,google,1,70,0.06,2026-05-07 00:07:49
778c2584-cb04-4d37-8e71-0213ae3ce893,b3352a8d-516e-4d1b-994b-2697f8a2bb4e,804,purchase,103,Keyboard,Accessories,Ghana,mobile,organic,5,70,0.17,2026-05-07 00:07:50
6351d97b-a9ab-438f-90ea-0c6ae3c18a54,4502a0c7-b201-4886-a8d9-168a217c2d64,815396,view,103,Keyboard,Accessories,Kenya,desktop,organic,2,70,0.01,2026-05-07 00:07:51
68a871b2-5ac4-45f3-8be5-a5d4072b9132,6fe0cfee-f171-4a29-b552-150e99908541,60716,view,104,Mouse,Accessories,Nigeria,mobile,google,2,40,0.02,2026-05-07 00:07:52
1e1d59ac-1280-4b92-a4ff-3ef72790edec,17006d16-f78f-4ef2-bd04-0ebeb47ea9aa,458561,purchase,101,Laptop,Electronics,Kenya,desktop,google,5,1200,0.19,2026-05-07 00:07:53
7bd63a9b-0b57-4e54-862d-b8e2491fa750,96e23988-0b60-4991-8502-be02fc73edc3,482460,purchase,101,Laptop,Electronics,Rwanda,desktop,google,2,1200,0.11,2026-05-07 00:07:54
f9fa7321-f2f7-4125-bcf3-674e8566cf67,a676ac59-da94-4de6-b4ef-42afcfdddba8,793869,view,101,Laptop,Electronics,Rwanda,desktop,facebook,1,1200,0.04,2026-05-07 00:07:55
76738ad7-b829-490f-b51b-fe88abd8b915,83e1e46b-7afa-4d4e-b5ee-b1912e8b7e14,743457,view,104,Mouse,Accessories,Ghana,mobile,google,4,40,0.07,2026-05-07 00:07:56
bfcfbe05-ded8-45b9-959a-50ebd1bb20bf,762fe9f5-2512-49b0-99f5-62ad416e17e7,334,view,103,Keyboard,Accessories,Nigeria,mobile,facebook,4,70,0.14,2026-05-07 00:07:57
0f4bed8c-ab3c-4950-8240-1ba6ac0c8766,6c9e47db-fca4-4a8c-9d92-dde1b1ca18cc,151173,view,104,Mouse,Accessories,Rwanda,mobile,google,4,40,0.17,2026-05-07 00:07:58
592391e7-c882-4c02-8abf-3dc89b05d1d8,ed719fc9-f6ca-4996-9e01-c5b7b9952004,603,view,103,Keyboard,Accessories,Ghana,mobile,google,4,70,0.17,2026-05-07 00:07:59
469ae389-043d-4011-8195-6439f02d12f8,fcf76d23-de6b-423d-8abc-60c015f62bea,238770,purchase,104,Mouse,Accessories,Kenya,mobile,organic,3,40,0.06,2026-05-07 00:08:00
e606aa24-1704-47ce-823e-2585e7a30119,e275ea2a-d07d-4905-a6e1-f6d4a5a0b0a1,576751,view,101,Laptop,Electronics,Rwanda,desktop,facebook,3,1200,0.07,2026-05-07 00:08:01
023381ca-fa3f-430b-8dda-36f0d777a834,de3be813-2349-47b0-ac99-938669f485ad,792494,purchase,104,Mouse,Accessories,Nigeria,desktop,facebook,4,40,0.13,2026-05-07 00:08:02
930349be-d534-4fc4-ae23-a85faef186f4,381b9892-7a84-4319-9baa-718ae7cb69d6,818,purchase,102,Phone,Electronics,Nigeria,desktop,facebook,5,800,0.02,2026-05-07 00:08:03
35db74b6-f1ec-4164-9db7-29516eb74a75,bdec2d07-89af-4808-a538-8ac53b167f28,885585,purchase,103,Keyboard,Accessories,Nigeria,mobile,google,5,70,0.04,2026-05-07 00:08:04
94ec948a-b742-4402-a810-05620b5c69d7,dc5c395d-2777-4335-8958-529019687bc9,292,view,101,Laptop,Electronics,Kenya,mobile,organic,4,1200,0.19,2026-05-07 00:08:05
d06426ff-e0d6-4d8e-8050-43c0ae0fbe1b,7fee9690-8d15-413c-a631-c04a8df8a853,504858,purchase,103,Keyboard,Accessories,Kenya,desktop,google,2,70,0.0,2026-05-07 00:08:06
7267f574-ef7f-4545-92a7-b327cf11adb4,c4edae4b-750f-4d4b-9ab9-a46766d2b5d2,918258,view,101,Laptop,Electronics,Ghana,mobile,google,2,1200,0.09,2026-05-07 00:08:07
b76b0028-3bbd-4e3d-9d12-aceae46bf030,38c1bf7e-c0b2-4845-9a9e-fff1e1c50688,670892,purchase,103,Keyboard,Accessories,Rwanda,mobile,facebook,2,70,0.1,2026-05-07 00:08:08
b6667df1-a68e-4aa8-abcc-79aebab1a6a8,64bc1d11-cbc5-4b12-9aa2-8a0b1e75a2b6,703,view,103,Keyboard,Accessories,Nigeria,desktop,google,1,70,0.06,2026-05-07 00:08:09
9492f9c3-9ed9-4c21-a8a5-9febd41bc3ca,993d8f9c-c936-438f-a762-3c50685a942e,270786,view,104,Mouse,Accessories,Rwanda,mobile,google,3,40,0.13,2026-05-07 00:08:10
3230a424-2f31-4184-afc6-717fef7a029f,374b31cb-cfad-447c-9c2e-dc444affc1cc,752164,view,103,Keyboard,Accessories,Kenya,desktop,organic,3,70,0.12,2026-05-07 00:08:11
376facf7-f116-41ee-9ad4-779cdf558c66,4f16e36a-755e-43ca-91a1-8a98732fc107,459084,purchase,104,Mouse,Accessories,Kenya,desktop,organic,2,40,0.13,2026-05-07 00:08:12
638a6d1f-2502-42e0-9cd4-6050d152c3ad,ad866b2e-1fd3-4f14-be51-d4a5b5bbc457,668,view,102,Phone,Electronics,Ghana,desktop,google,2,800,0.07,2026-05-07 00:08:13
ef135c7c-63db-4652-a362-6fc18a546d70,07783a97-fbe2-46ee-871d-ef3276f05db9,27602,purchase,102,Phone,Electronics,Kenya,mobile,facebook,1,800,0.13,2026-05-07 00:08:14
e60b3832-39b2-4efb-8280-3ae56942cdc4,6937e527-3304-4168-b404-d5f1c5fe53c5,709,purchase,101,Laptop,Electronics,Nigeria,desktop,organic,5,1200,0.13,2026-05-07 00:08:15
d69df8f2-cd32-4b8c-936a-55deadbaa1ee,3f6ecce8-ddf7-4bf7-acd9-10f2d794ec3a,438848,view,101,Laptop,Electronics,Kenya,desktop,organic,2,1200,0.2,2026-05-07 00:08:16
41520307-b20e-4c77-9ec1-18296c68a859,3db7e263-3ccf-4887-8e4d-9f998ea10c83,36,view,101,Laptop,Electronics,Nigeria,desktop,facebook,1,1200,0.16,2026-05-07 00:08:17
b335a30e-a73c-4294-ac50-d3acbc644f6b,0e7516b5-b433-4a7d-8fc7-c373087ab58b,521,view,101,Laptop,Electronics,Nigeria,desktop,facebook,3,1200,0.12,2026-05-07 00:08:18
4be3c650-0006-40d0-b705-be32b1558a1a,36ec5478-2641-42a7-bea9-a9e91577c887,250041,view,102,Phone,Electronics,Kenya,mobile,organic,1,800,0.02,2026-05-07 00:08:19
8af9a5b6-4fea-41c6-a688-672add97dd39,db8318dc-aa6c-4206-b639-f15afe10dcd3,247760,view,101,Laptop,Electronics,Ghana,mobile,google,3,1200,0.04,2026-05-07 00:08:20
bfce916a-4441-4330-9053-f45f29f12c73,68dd3c6b-18e3-4afa-92cd-b5d9239397f4,981,purchase,101,Laptop,Electronics,Nigeria,mobile,facebook,2,1200,0.01,2026-05-07 00:08:21
bc5021b3-6e3c-4022-9f93-58bc21cf19bf,d4bfe3b5-c6c5-4a8f-85f4-d670bfc86277,108,view,103,Keyboard,Accessories,Nigeria,desktop,google,5,70,0.04,2026-05-07 00:08:22
24ea5cad-a878-40d2-b4b6-76e712670ba6,1355c797-0d83-4a17-b57a-880a63b15a1b,996,view,101,Laptop,Electronics,Rwanda,mobile,facebook,1,1200,0.09,2026-05-07 00:08:23
7eefc0a4-d9a0-4253-ad67-a00fe36f4481,548fc66a-3850-43ce-81cf-1889b24997c1,557207,view,102,Phone,Electronics,Rwanda,mobile,google,1,800,0.08,2026-05-07 00:08:24
0cea7d18-da75-4170-9845-b85e52960ba9,b99f2590-a109-4ffe-8e48-c8794678df08,597119,purchase,101,Laptop,Electronics,Ghana,desktop,google,4,1200,0.15,2026-05-07 00:08:25
c2781b87-2834-4ab1-925f-6755f73f46d4,c90bec77-67fe-4e6f-a283-c456e6482092,416406,view,101,Laptop,Electronics,Kenya,mobile,facebook,3,1200,0.2,2026-05-07 00:08:26
69b4f88e-7a43-4d02-8c37-1a8b88ab4d14,50135153-0e7d-42ec-b423-638eacfb27a3,282265,purchase,104,Mouse,Accessories,Kenya,desktop,organic,2,40,0.16,2026-05-07 00:08:27
aa0513ee-68e0-48f2-8431-d68a50064cc9,72913ff9-4226-4013-b0e6-3d737bf4af51,945226,view,103,Keyboard,Accessories,Kenya,mobile,google,2,70,0.07,2026-05-07 00:08:28
d4d96f94-4a4a-40bd-8a43-967974026cc8,040ec6a3-c0b9-4ead-b690-af2ae95d838f,232964,view,103,Keyboard,Accessories,Nigeria,desktop,facebook,5,70,0.05,2026-05-07 00:08:29
a982d79d-480b-48d6-969b-e61e2f8b203e,00c789ca-d4ee-4217-81f9-1bf741e927c6,281651,view,104,Mouse,Accessories,Ghana,mobile,organic,1,40,0.15,2026-05-07 00:08:30
e31281c7-3c00-4c0c-b561-2c439b23d896,bc7427fb-bcc1-4fa6-b8ef-8749f3aefdf7,249971,view,102,Phone,Electronics,Nigeria,mobile,facebook,1,800,0.15,2026-05-07 00:08:31
846504bd-90ad-4ef7-a5ca-d3b1d4eb6cfb,3a9a7992-e924-4b1a-a0ad-0f029fbda93b,640,view,103,Keyboard,Accessories,Nigeria,desktop,google,2,70,0.06,2026-05-07 00:08:32
e23bda26-c59d-45ca-bb44-d422ad97e467,a1f0c98d-ce38-44c0-a0c8-2d8354a23d84,426055,view,101,Laptop,Electronics,Rwanda,desktop,google,5,1200,0.14,2026-05-07 00:08:33
99dfe9b5-03e6-4c40-a822-5fce4e9ea892,6cf6d0be-b334-4392-82cd-be6b8eeea2fb,693,view,101,Laptop,Electronics,Kenya,desktop,facebook,5,1200,0.04,2026-05-07 00:08:34
8286866b-5088-434e-8ae2-13ece79880ef,2741c477-524b-44b5-9ff1-ad97a8a803cb,129,view,104,Mouse,Accessories,Rwanda,desktop,organic,4,40,0.03,2026-05-07 00:08:35
f0288e6c-b288-4a5c-8a77-bdf071d2a140,40ca83bf-8eb5-4ba7-81fc-911b6c691ae8,269,purchase,102,Phone,Electronics,Nigeria,desktop,google,5,800,0.06,2026-05-07 00:08:36
0e5521c6-2f9f-4af1-b4cf-33e993b50d32,3bf784f4-bdb3-4214-946a-4694aed6ebc0,840,view,104,Mouse,Accessories,Nigeria,desktop,google,4,40,0.03,2026-05-07 00:08:37
eacb58ca-6df1-40a9-84ee-b7c8bfdc820a,937a25c3-1fd2-4fc9-acdf-2f7459e73120,85928,purchase,103,Keyboard,Accessories,Ghana,desktop,facebook,4,70,0.1,2026-05-07 00:08:38
6a49993c-362d-4716-998a-d3de5910dee8,e4e64921-dff9-44ec-b5bd-21aac7f7ae16,307,view,103,Keyboard,Accessories,Rwanda,desktop,google,3,70,0.18,2026-05-07 00:08:39
79e63622-2341-42e2-8dae-6d73c08ed4a1,fbd628e2-15e9-4caa-9b31-1437960d8de6,222142,purchase,102,Phone,Electronics,Nigeria,mobile,google,1,800,0.02,2026-05-07 00:08:40
6fe3773b-8f55-45f0-8f70-066f9f0b633f,e087d30d-c228-4be6-a3fb-3b5ad51121ab,98,view,101,Laptop,Electronics,Rwanda,mobile,organic,1,1200,0.19,2026-05-07 00:08:41
a4747b20-df28-47db-80a8-54d15bb9801a,38889b2d-b488-4659-a82b-df27a8d088dc,377686,purchase,104,Mouse,Accessories,Ghana,mobile,facebook,2,40,0.12,2026-05-07 00:08:42
55f6abcb-91e2-4260-87ce-b2608ac7008d,a502d0bb-17cf-4620-b9d2-06a93a4b4501,799,purchase,102,Phone,Electronics,Rwanda,mobile,google,4,800,0.12,2026-05-07 00:08:43
afbc0a3b-a762-48da-815a-66f7b1939986,e22b7f22-dd7f-4e8b-aa32-9e9ec3a8ac32,472499,view,103,Keyboard,Accessories,Kenya,desktop,facebook,2,70,0.16,2026-05-07 00:08:44
59d891ef-8033-4520-b3ef-5a64a1d7f498,b9a88b17-8d0a-4d22-9d76-557ef097a72a,76,view,103,Keyboard,Accessories,Kenya,mobile,organic,1,70,0.09,2026-05-07 00:08:45
4de2e235-f234-451a-8ce9-1e30954ec622,720dafd0-726f-4a0e-b2ba-a5507f2433d3,729647,purchase,104,Mouse,Accessories,Ghana,desktop,google,2,40,0.02,2026-05-07 00:08:46
b46f64f7-702f-4a83-9dfb-e94f84481614,7291a9e3-0d9c-4a7a-b878-970eaf046363,287911,purchase,104,Mouse,Accessories,Kenya,mobile,organic,1,40,0.19,2026-05-07 00:08:47
757295e5-a47e-4247-9771-7b5a3f15c4ba,25f1756b-faa1-438d-8188-672b07fa9410,888,purchase,103,Keyboard,Accessories,Kenya,desktop,organic,1,70,0.02,2026-05-07 00:08:48
a5e2989a-9615-4f58-8709-b2f40628ea6c,77ceac76-6577-481b-ac4d-56387ddc140d,593066,view,102,Phone,Electronics,Nigeria,desktop,google,1,800,0.15,2026-05-07 00:08:49
8479bd0a-7f86-4d6f-9685-602c8cbc5e3a,0f07220c-02b1-4903-8033-3d9becb797ad,643466,purchase,104,Mouse,Accessories,Kenya,mobile,facebook,4,40,0.11,2026-05-07 00:08:50
1ca1c059-2f5a-4134-b2c6-78540764de92,f1ee2bd8-e50a-4c51-bc1e-5bc80974cb63,621524,purchase,102,Phone,Electronics,Kenya,desktop,google,5,800,0.19,2026-05-07 00:08:51
c8139cab-386a-41ab-a92e-884040a87f6d,738994b5-deeb-4118-ba30-5ba40274fb3c,976632,purchase,101,Laptop,Electronics,Ghana,mobile,google,1,1200,0.05,2026-05-07 00:08:52
9d0d8f67-b6d7-4bb3-8682-91103f728d4f,10edf703-e008-4546-8ee0-1218c46f5d41,899290,purchase,103,Keyboard,Accessories,Nigeria,mobile,organic,3,70,0.19,2026-05-07 00:08:53
8260061a-6340-48da-a521-ad0bf303b990,904e14db-5caf-4e16-b244-f943f62f7d73,924,purchase,102,Phone,Electronics,Ghana,desktop,google,3,800,0.1,2026-05-07 00:08:54
60e3053b-c03a-4731-a8c1-a8b8353656b4,2af9b277-86a1-4b9c-bcc0-5ab1402a3139,610449,view,103,Keyboard,Accessories,Ghana,desktop,google,3,70,0.18,2026-05-07 00:08:55
387b9f7d-7c84-4197-9c94-6c452fd7831d,b4d5a2b5-d739-46ba-bc29-975e375ab17e,527,view,103,Keyboard,Accessories,Nigeria,mobile,google,4,70,0.09,2026-05-07 00:08:56
ba4820c0-0896-4c17-b692-dd3795e4d089,7bd27106-f8d9-44fd-85f6-16b260650cf3,354001,purchase,104,Mouse,Accessories,Ghana,mobile,facebook,2,40,0.07,2026-05-07 00:08:57
a28d327f-6761-4d3b-bf55-34783ccc1cfd,0c6ed89d-e1a4-42ab-873f-8cda05a56d0e,762824,view,102,Phone,Electronics,Nigeria,mobile,organic,2,800,0.1,2026-05-07 00:08:58
702e4821-0837-4abe-bee5-5082b146f688,14b9855a-3b5b-46b6-8ff5-7550d139584a,452796,view,104,Mouse,Accessories,Ghana,mobile,google,5,40,0.07,2026-05-07 00:08:59
a3153285-a3e4-401f-8b9c-fb683418a344,6867c5bf-27ea-43d1-a233-1ea2016cdad7,724026,view,104,Mouse,Accessories,Rwanda,desktop,google,2,40,0.08,2026-05-07 00:09:00
1381b22b-eb15-4ff5-8b52-16e16f59c584,0013869f-ce30-4c56-b932-eca6cc485b78,909101,purchase,101,Laptop,Electronics,Rwanda,mobile,organic,2,1200,0.12,2026-05-07 00:09:01
481631f8-1650-456c-829d-b5a311796f0a,e0b0dcd2-2d13-40eb-8c51-7a6048325e19,251128,view,101,Laptop,Electronics,Kenya,mobile,facebook,1,1200,0.08,2026-05-07 00:09:02
f71cf27f-92d1-4fb1-be23-ac0fb5b67c81,5dbce8cd-6fc0-47a3-9004-e95d540710b5,756463,view,101,Laptop,Electronics,Kenya,mobile,google,4,1200,0.03,2026-05-07 00:09:03
f318fab3-267c-4436-929b-9bb4ee1a6acb,5c3bee84-c32e-4fcb-89e9-6255ff9f895e,664,view,102,Phone,Electronics,Ghana,desktop,facebook,4,800,0.09,2026-05-07 00:09:04
93e68ed0-55fd-445a-a5f1-d55123a1025a,feccbe70-e4e9-4abd-a5fa-112cb4546ee6,858261,purchase,103,Keyboard,Accessories,Kenya,desktop,google,3,70,0.14,2026-05-07 00:09:05
9e8ebf94-b00a-4ec7-9fbb-56208ecc651f,f4737864-9926-4773-b5d3-5cebe1c986f5,150331,view,104,Mouse,Accessories,Nigeria,desktop,organic,1,40,0.18,2026-05-07 00:09:06
88424e68-2d9f-4ad9-b8b5-a698b045c9a5,e4d48250-284c-428e-9d60-2f79900fbb83,892544,purchase,102,Phone,Electronics,Rwanda,mobile,google,1,800,0.0,2026-05-07 00:09:07
5636ea3c-d97b-43b5-983c-2766477b1155,effc63c8-297c-4124-a164-56cbb93d043c,925213,view,102,Phone,Electronics,Ghana,desktop,organic,4,800,0.02,2026-05-07 00:09:08
71e926da-03b8-4aa7-8a20-83a3e8c230e3,358738bb-37ab-482a-8a24-872fa5b44ac9,718610,purchase,104,Mouse,Accessories,Kenya,desktop,organic,3,40,0.02,2026-05-07 00:09:09
43d76b9a-bcfd-45df-a0b5-8729f238bdfc,a628f966-a96e-42a4-a795-f78e02c76ce7,364882,view,101,Laptop,Electronics,Ghana,mobile,google,5,1200,0.11,2026-05-07 00:09:10
ede28317-24cc-4be9-bc21-62239aec3872,0bae237a-1911-4919-b10e-2ada2121d6e4,520,purchase,104,Mouse,Accessories,Kenya,desktop,organic,5,40,0.02,2026-05-07 00:09:11
68e8863e-30b7-4b28-94ce-a8e037f689d4,48ecf47c-334b-4f1e-bc6f-eeb430a688e0,960938,view,104,Mouse,Accessories,Ghana,desktop,google,2,40,0.19,2026-05-07 00:09:12
39c1c63b-cc8e-42ad-b32d-ca9a1b9d024c,f5ac621c-677a-4da5-991b-760b6ba85bf6,808121,view,101,Laptop,Electronics,Nigeria,mobile,google,3,1200,0.08,2026-05-07 00:09:13
5071f57f-7d69-4142-8790-c00ff6a52aa4,4955a067-e4d9-4bbb-b3cd-109cc95b84e0,397,purchase,101,Laptop,Electronics,Nigeria,desktop,organic,2,1200,0.08,2026-05-07 00:09:14
46424848-c03f-4627-9242-42c2d1cef60b,f931199c-9b85-48b2-86ac-8710e02d5852,574900,purchase,103,Keyboard,Accessories,Ghana,mobile,facebook,1,70,0.18,2026-05-07 00:09:15
ee05c721-31c3-4b98-a06f-05096c1fda0c,8cc3fc5b-ce9a-4861-a505-d98b46bcfe62,844541,purchase,102,Phone,Electronics,Kenya,mobile,google,2,800,0.12,2026-05-07 00:09:16
90f870a8-bea1-49a8-a995-8598c00c9939,693b4fc4-63c8-4b53-917e-c8d9eaf39018,285226,view,103,Keyboard,Accessories,Nigeria,mobile,google,4,70,0.17,2026-05-07 00:09:17
48a07db6-31f5-4866-9b3c-b2869c9af523,3257f564-0048-45c0-8ced-a7eff5059572,785874,purchase,102,Phone,Electronics,Ghana,mobile,google,4,800,0.02,2026-05-07 00:09:18
d12122ee-cd8d-423c-b5d5-e9548dec44e9,cf4d6c59-8459-47b5-b402-ddef0d85f132,11710,view,104,Mouse,Accessories,Kenya,mobile,facebook,1,40,0.19,2026-05-07 00:09:19
66db9850-1c1e-4187-acae-41fa34020a8c,212e754e-3b0e-4fab-9284-9c2102786ec5,970881,view,102,Phone,Electronics,Kenya,mobile,organic,4,800,0.1,2026-05-07 00:09:20
7491ebec-b040-4a31-91ec-1a94d3ecf5f8,65077cbe-ad02-4867-b083-f8fa9fcfccf3,68807,view,104,Mouse,Accessories,Rwanda,desktop,google,5,40,0.12,2026-05-07 00:09:21
0a31e66a-453d-4bde-8d06-9003152b53bd,599b231e-b80c-41f6-bf5d-a22cc0f5b57b,2550,purchase,102,Phone,Electronics,Kenya,mobile,google,3,800,0.1,2026-05-07 00:09:22
c2fc114f-09a3-4371-8477-e500f798434e,5f264d7f-d58f-4fc5-ac84-0c235e0494ea,151059,purchase,103,Keyboard,Accessories,Nigeria,desktop,organic,5,70,0.18,2026-05-07 00:09:23
27877896-8bb2-4ad6-a6b1-b0cc82c531da,a1639281-c4e9-4965-8ca5-75aa2acff4b0,234,purchase,104,Mouse,Accessories,Kenya,desktop,facebook,4,40,0.14,2026-05-07 00:09:24
f56e8718-3a7d-4ca9-97ef-d00bbd34c817,f6a28557-2418-44ec-ba99-3890c6c63806,4056,view,101,Laptop,Electronics,Ghana,desktop,facebook,2,1200,0.19,2026-05-07 00:09:25
cb00a232-790e-4e81-94fc-e6543dac24f3,a34154fc-b313-4a76-9db2-6ffb5072cbd3,74797,purchase,102,Phone,Electronics,Rwanda,mobile,organic,2,800,0.03,2026-05-07 00:09:26
c40c518f-a152-46af-ac84-2def92d4dd4e,842a5221-0435-4ab8-899f-9ee59ae1c25b,859317,view,101,Laptop,Electronics,Nigeria,desktop,organic,1,1200,0.16,2026-05-07 00:09:27
529bf1f8-69bc-48e1-9b50-06bf5e600e1d,b9dc4d52-6152-4774-8c18-dec81195af2e,557,purchase,104,Mouse,Accessories,Kenya,desktop,facebook,4,40,0.07,2026-05-07 00:09:28
23ca43d9-ab6d-4929-8cef-317d3aa4c909,49a4eb1a-6c2d-42c5-b58e-6e58fca6177b,854,view,103,Keyboard,Accessories,Kenya,mobile,google,5,70,0.02,2026-05-07 00:09:29
416de4e9-5d92-4d20-abf6-0e7b5850942a,ed988586-e74c-4bb9-af58-31203d536928,787,purchase,104,Mouse,Accessories,Kenya,mobile,organic,2,40,0.07,2026-05-07 00:09:30
15cdcc43-b4c8-4e72-8c08-b57d87323a4a,eb1641c3-4381-4bf6-b00d-8e3f78baf938,456461,view,101,Laptop,Electronics,Ghana,mobile,organic,5,1200,0.07,2026-05-07 00:09:31
95637557-390e-4b74-bb39-61862639931e,7bbba69d-be29-4152-9e72-13bea195a804,96631,view,102,Phone,Electronics,Kenya,mobile,google,3,800,0.06,2026-05-07 00:09:32
dbba2181-a71d-49dc-8132-bac7a9b24e21,311b2af5-6818-4253-89ea-0882d3f580a8,353332,purchase,101,Laptop,Electronics,Kenya,mobile,facebook,3,1200,0.19,2026-05-07 00:09:33
32c6a67b-6da5-4940-83fa-9719d441b989,a785be07-a2d5-4ddb-a194-092cd2737cf9,942,view,101,Laptop,Electronics,Ghana,desktop,organic,5,1200,0.15,2026-05-07 00:09:34
994f3cb2-2c0e-4312-a303-49c9129d8eb4,71fe7a0f-91f5-4a4b-865d-b6f340f17e0c,211,purchase,101,Laptop,Electronics,Kenya,mobile,google,5,1200,0.05,2026-05-07 00:09:35
1354cf9d-3f93-46e9-92a4-7d59abd187c0,b1eee4ef-df93-4f88-9d41-280a2c1fe2af,70,view,102,Phone,Electronics,Rwanda,mobile,facebook,5,800,0.0,2026-05-07 00:09:36
2728443d-5f8d-4d80-a2cb-b7e12faaf841,26575f56-96e5-4338-8d60-1c032d938ce7,820,view,101,Laptop,Electronics,Kenya,mobile,facebook,4,1200,0.13,2026-05-07 00:09:37
41ca4022-b944-4d46-b144-a0c6794284b2,4f66cd48-dc0e-433b-b6dc-fe5952ae78c5,153625,purchase,101,Laptop,Electronics,Rwanda,mobile,organic,3,1200,0.07,2026-05-07 00:09:38
9414650d-3241-4770-a1d9-b4d06c540d9b,1d7f2015-731e-47cf-81c8-790039b0363b,320526,purchase,104,Mouse,Accessories,Kenya,mobile,organic,4,40,0.1,2026-05-07 00:09:39
db21d563-16ed-4ab9-b383-626216c615cd,b2d5976a-fee4-4939-bcaa-8830b815a910,746,view,104,Mouse,Accessories,Kenya,desktop,organic,5,40,0.02,2026-05-07 00:09:40
6630a19c-52f3-48b9-9bdb-d41549de9ebd,ddc9dcc3-2384-44c2-b7a8-751fe7aa0d58,573132,view,104,Mouse,Accessories,Rwanda,mobile,google,4,40,0.2,2026-05-07 00:09:41
e66052b5-57ab-459b-a059-27f9174ffdb5,7d043238-7809-43cc-ad98-c25a7816aa5a,850,purchase,101,Laptop,Electronics,Nigeria,desktop,google,1,1200,0.02,2026-05-07 00:09:42
9d2272b2-40fa-459d-9b55-f3a73c0300c1,a4749009-9ef5-4317-9311-217bcf3c50a8,115238,purchase,101,Laptop,Electronics,Nigeria,desktop,google,4,1200,0.03,2026-05-07 00:09:43
ea31b707-da8c-45f6-af15-2581bc6b48c0,46a9d131-5b2f-4831-a780-19c012e9ca53,933,view,103,Keyboard,Accessories,Ghana,desktop,organic,5,70,0.11,2026-05-07 00:09:44
16d62f81-fb49-4808-8b57-745bb3ed3972,0952b494-fca3-499c-94fb-6747d46f3425,576708,view,104,Mouse,Accessories,Rwanda,mobile,organic,5,40,0.02,2026-05-07 00:09:45
c971d18f-5962-46a5-92c8-86f6a1b0b3e0,d23b0110-ac62-4521-acb5-8eb2a9183b63,315939,view,104,Mouse,Accessories,Kenya,desktop,organic,3,40,0.05,2026-05-07 00:09:46
64cb0305-f1ce-451a-a0ac-d52ef2d3af1d,eef72900-4c39-4b31-8c04-10960d5b62f9,415623,purchase,101,Laptop,Electronics,Nigeria,desktop,organic,4,1200,0.19,2026-05-07 00:09:47
79cbef20-8384-499c-b3c3-22390054b06f,a18179dd-8b7e-4b04-ac6f-2244a67886cb,17,view,103,Keyboard,Accessories,Nigeria,desktop,google,2,70,0.11,2026-05-07 00:09:48
1e86e32c-3f55-4e91-8227-e9673f686317,480005a0-5e47-49e3-b64d-26799d7da989,473386,purchase,103,Keyboard,Accessories,Rwanda,mobile,organic,1,70,0.0,2026-05-07 00:09:49
82e28425-0c04-4d2c-ba6b-25d33bb4b796,185bf118-2fe9-4986-a44c-22a203dfbd28,284002,view,104,Mouse,Accessories,Kenya,desktop,google,2,40,0.05,2026-05-07 00:09:50
c3727322-db99-4f83-98fb-6add56a1f1ea,d1fc87ce-5c87-4f20-85de-d249eaa86d66,533628,view,103,Keyboard,Accessories,Ghana,mobile,google,2,70,0.14,2026-05-07 00:09:51
048dd5a1-d394-4c7b-89e2-62c228eb8312,b139ee89-a12e-4c3d-b357-ae80f85ea152,481,view,101,Laptop,Electronics,Ghana,desktop,google,2,1200,0.11,2026-05-07 00:09:52
22dd7614-ca67-4eec-91bc-3686cfc6ed91,01801a4d-519d-4137-9db1-d489d2faf1f2,104146,purchase,103,Keyboard,Accessories,Kenya,desktop,facebook,5,70,0.12,2026-05-07 00:09:53
25ecde9a-08df-4a7b-96b6-6bf17c866aa8,9058efbf-307b-4123-95b9-6460bfbc307f,548166,purchase,103,Keyboard,Accessories,Rwanda,mobile,facebook,5,70,0.18,2026-05-07 00:09:54
0c12a785-7737-4408-9d21-e4f110b42a1e,2608e6df-76d2-4d35-adba-7a60195060dd,52694,view,101,Laptop,Electronics,Ghana,mobile,organic,1,1200,0.17,2026-05-07 00:09:55
000ffe6a-0844-494f-93c2-e7ef16bb23dc,bb1ec8da-aebb-4b3e-8a7d-94067ce7b5b3,149170,view,102,Phone,Electronics,Rwanda,mobile,organic,5,800,0.06,2026-05-07 00:09:56
b49d7db2-a9a9-4118-89c4-5816b1c70b28,29bea5b5-67b2-4b82-824a-8320b68d4d8e,764,purchase,103,Keyboard,Accessories,Nigeria,desktop,organic,2,70,0.17,2026-05-07 00:09:57
13656b95-5c16-4bd2-a8cb-6a65b258b1e8,3d63d61a-695b-402f-9cf7-b8d8b90abf79,219058,purchase,102,Phone,Electronics,Kenya,mobile,organic,3,800,0.17,2026-05-07 00:09:58
b4d3a505-4b93-4aa5-afef-d3c310138da2,33ecc8de-e4a2-49c7-9f50-3d6b55447bfc,96,view,104,Mouse,Accessories,Rwanda,desktop,google,5,40,0.09,2026-05-07 00:09:59
7141efb4-7b21-4190-848e-c334b12d88ca,c6ecf88d-52c9-4ab3-8d3c-cf05ee122253,634475,purchase,101,Laptop,Electronics,Ghana,desktop,facebook,2,1200,0.09,2026-05-07 00:10:00
c169b51e-2108-47a3-89db-96eb66ceedd1,057bc233-957a-4745-b989-c619b97cadfa,438523,view,102,Phone,Electronics,Rwanda,desktop,organic,2,800,0.12,2026-05-07 00:10:01
ab8bdc17-a96f-4c4b-b1f6-61606360cc79,1b03b993-5cec-436c-8102-66ca9e0feeed,166778,purchase,104,Mouse,Accessories,Ghana,mobile,organic,5,40,0.06,2026-05-07 00:10:02
4d2d351f-d4fa-401d-995d-68aff6014f0f,a9f249b4-5839-4658-85ae-a30368787ac6,197894,purchase,104,Mouse,Accessories,Nigeria,mobile,google,5,40,0.07,2026-05-07 00:10:03
219a6296-70ae-43bd-aa1f-88f3166344f9,eced5dd9-37b9-4e86-a986-a02f1b2e6e44,158169,purchase,102,Phone,Electronics,Nigeria,mobile,organic,1,800,0.07,2026-05-07 00:10:04
be4ad0e8-6ce5-4b12-8fab-8d8be68d18e8,4f7e0c23-028e-437e-aa44-e93cefd1b42f,199,purchase,103,Keyboard,Accessories,Rwanda,desktop,google,4,70,0.0,2026-05-07 00:10:05
5166bdcc-dc60-49c7-b574-5a70af244f18,30f96c23-a4ea-47e8-a307-84047417273f,394598,purchase,103,Keyboard,Accessories,Rwanda,desktop,google,1,70,0.05,2026-05-07 00:10:06
29f445ce-fd47-41b1-babc-7ff0bb357138,41e973e7-fce5-43fa-9db4-90e72622b632,848,view,103,Keyboard,Accessories,Rwanda,mobile,organic,2,70,0.12,2026-05-07 00:10:07
3807e83d-486c-4e5b-b08b-7aa422b3b258,6e5256ad-2c0b-490f-8151-3f08f4e27df8,51804,view,104,Mouse,Accessories,Ghana,desktop,facebook,5,40,0.11,2026-05-07 00:10:08
e8139fd1-fa3e-4fe1-8234-4eb5a0e75158,f4b54ffc-c3b8-4ea6-bc15-98008125d90d,197656,view,101,Laptop,Electronics,Rwanda,desktop,google,3,1200,0.09,2026-05-07 00:10:09
ea6ff76d-dd94-470a-8e0f-dc38f950da2d,dbfc1260-92db-4e70-bc0e-c4a34c595e6d,58492,view,103,Keyboard,Accessories,Ghana,mobile,google,2,70,0.11,2026-05-07 00:10:10
5be2bb94-0536-446f-960c-a787a4da591b,1c19f2c9-07ff-44d0-b57a-0a163c1daaa5,534073,view,101,Laptop,Electronics,Nigeria,mobile,google,5,1200,0.12,2026-05-07 00:10:11
3347223e-e934-4098-8282-a9c6336e0ecc,5d5b7d4a-26a6-4c46-8754-6b5ec37330f1,856,view,102,Phone,Electronics,Nigeria,mobile,facebook,4,800,0.16,2026-05-07 00:10:12
c7bb8d77-fb9d-4574-ac70-86f0b2f0fdd8,328124a3-c7a8-47fa-8b81-e969ff98cea1,118355,purchase,104,Mouse,Accessories,Kenya,desktop,organic,4,40,0.13,2026-05-07 00:10:13
ca100a15-eb9f-4c56-8886-664eb03cfe8f,50ee03e6-8d9e-423d-9ad3-22f3796c807c,564922,view,101,Laptop,Electronics,Kenya,mobile,facebook,4,1200,0.19,2026-05-07 00:10:14
0a9923fa-d659-43a1-9650-c57db320e5de,ff442619-525b-4091-83e8-5c36d0295e61,693323,purchase,104,Mouse,Accessories,Rwanda,mobile,facebook,3,40,0.06,2026-05-07 00:10:15
50c52bb8-a486-43f2-9d6e-989cbe85d8a0,6345cea8-f1a8-4432-bb14-c259fae39bbb,415,purchase,104,Mouse,Accessories,Ghana,desktop,google,1,40,0.09,2026-05-07 00:10:16
f670331a-8b4e-41fb-ab14-66cee6cc06f8,fe84239f-9ef7-4e0a-a942-af24e773876d,121342,view,104,Mouse,Accessories,Nigeria,mobile,organic,5,40,0.19,2026-05-07 00:10:17
509e3453-2917-458c-ad41-e598ac47f8b5,7b0d58b5-f88d-49a4-aba4-64582abba370,937008,view,104,Mouse,Accessories,Nigeria,mobile,facebook,3,40,0.08,2026-05-07 00:10:18
34dfc5c0-02d3-4c1f-a357-3431fb700237,4703a6a6-94b7-415e-9ccf-053b933dec90,896979,view,103,Keyboard,Accessories,Ghana,mobile,google,1,70,0.04,2026-05-07 00:10:19
db7dbcbd-c552-4e5b-9c93-cb5903b96052,30b317d6-8b07-4cf5-8741-5810a4d5a835,713327,purchase,101,Laptop,Electronics,Kenya,mobile,google,5,1200,0.09,2026-05-07 00:10:20
aee7cf4a-a9b9-4375-b5f2-0081f68f07f5,a6e96059-e641-4062-8e5e-c0427a16f28b,780211,purchase,104,Mouse,Accessories,Rwanda,desktop,facebook,3,40,0.09,2026-05-07 00:10:21
9bcd8466-58be-4731-b791-6620e78d8c46,7f12a98d-e33b-436a-a76d-1b5e930bc349,334,purchase,101,Laptop,Electronics,Nigeria,mobile,google,5,1200,0.06,2026-05-07 00:10:22
c97db41c-3c8e-4c97-b3a4-e806d3f55fec,ca175e5a-62ab-4943-8f8d-a76cd81acd16,393808,view,101,Laptop,Electronics,Nigeria,desktop,organic,4,1200,0.14,2026-05-07 00:10:23
2f14f334-a9b0-44ea-aa66-723a7d197266,59c82322-e935-4fd1-a43b-2e4d0241ebc9,739973,view,103,Keyboard,Accessories,Ghana,mobile,organic,5,70,0.01,2026-05-07 00:10:24
c952bacd-bba1-42c9-a006-908752b78667,68472ff0-8c5b-4238-a6b0-ebd022f18bc2,580180,view,102,Phone,Electronics,Ghana,mobile,organic,5,800,0.04,2026-05-07 00:10:25
e8980ea1-52ac-4da0-8a68-b78810d31a3b,468d9131-da43-4d4e-8749-c9319a88b875,487,purchase,102,Phone,Electronics,Rwanda,desktop,organic,4,800,0.1,2026-05-07 00:10:26
177f01e2-b032-4557-be85-f0bcaa08507b,823c521b-607b-4b0b-8e79-047605333f6e,782975,purchase,103,Keyboard,Accessories,Rwanda,mobile,organic,3,70,0.15,2026-05-07 00:10:27
b2912b8e-495b-474d-8659-8140ffbe4e9b,ea463c62-93c3-432b-b849-08f54e2e1669,280,purchase,101,Laptop,Electronics,Kenya,desktop,organic,5,1200,0.07,2026-05-07 00:10:28
325d3ea3-5e79-4e16-8adb-915ae96e2844,3437e4fc-fd12-4e88-89b7-b7624df880ef,462826,view,102,Phone,Electronics,Rwanda,mobile,organic,3,800,0.08,2026-05-07 00:10:29
23b38e69-2424-4566-9a2f-e31b3928dc18,c7a17213-c89c-4631-977b-6328438f29a0,151690,view,102,Phone,Electronics,Rwanda,desktop,organic,5,800,0.08,2026-05-07 00:10:30
f2c02bb1-f51e-43b8-a2f5-48e4772f5960,4fac4cbc-4bbc-46c0-b2bb-3f7098ce1ce4,773433,view,103,Keyboard,Accessories,Kenya,mobile,organic,1,70,0.15,2026-05-07 00:10:31
ba1b993c-a7a2-4251-b48b-56782d3eb112,07e2c102-a0c3-4210-af44-41083835f6c7,589054,view,102,Phone,Electronics,Ghana,mobile,google,3,800,0.1,2026-05-07 00:10:32
3c087f6c-0df5-483a-9326-2cb5f6e45d17,d5a9efbd-8e79-4e45-a359-2b1452b1d550,16574,view,104,Mouse,Accessories,Kenya,mobile,google,4,40,0.18,2026-05-07 00:10:33
d1f6a343-3476-44b1-a7cf-f9da8ab53309,81e0d716-c572-4af5-b871-e9a9df216d49,800433,view,101,Laptop,Electronics,Kenya,mobile,facebook,5,1200,0.15,2026-05-07 00:10:34
bb48583c-6ee8-446c-a58a-dcb0f055ff27,82510225-8616-413a-9834-0c347c57e4c0,729,view,102,Phone,Electronics,Rwanda,mobile,organic,5,800,0.2,2026-05-07 00:10:35
5047563c-4fd6-4227-bc43-3d1e448d0184,4f700455-57b2-4368-bc0c-c52a3fe88e16,490050,view,103,Keyboard,Accessories,Nigeria,mobile,organic,4,70,0.01,2026-05-07 00:10:36
49de73b6-e82c-40a8-900f-06285c9bd22a,d00a7ac9-0448-4ecb-98dd-f1813fec3874,745047,purchase,104,Mouse,Accessories,Kenya,mobile,facebook,5,40,0.01,2026-05-07 00:10:37
46b52370-2f01-4062-a4b8-816ff66b66fe,82c76d8b-467b-43aa-bea3-ef73b357872e,591,view,103,Keyboard,Accessories,Kenya,mobile,organic,1,70,0.15,2026-05-07 00:10:38
c58ff4ce-dc2b-4db8-92cb-fd249d93d273,fe752c84-c994-4036-89d1-f24c5b1e9767,42052,purchase,103,Keyboard,Accessories,Ghana,mobile,facebook,1,70,0.05,2026-05-07 00:10:39
90ea6047-65d7-4200-93e8-25947a1928ef,b6953adc-3a06-46d2-adba-6e48b26a3fc1,545,purchase,104,Mouse,Accessories,Ghana,desktop,facebook,2,40,0.03,2026-05-07 00:10:40
8d151e1d-9b19-4022-a144-e43b03c28d35,02aa0198-6ecf-47f1-81a1-67289b72f831,925,view,103,Keyboard,Accessories,Rwanda,mobile,facebook,3,70,0.19,2026-05-07 00:10:41
972efdc3-6c10-4335-b800-65c4656cbb2b,958a9c68-5a2f-4736-b533-775b0da4ec87,241907,view,102,Phone,Electronics,Nigeria,desktop,google,4,800,0.15,2026-05-07 00:10:42
30ac8c26-403c-4f7a-b572-d5d4a0a08a97,b3c93755-5d98-42cc-ba07-0ec38b5164a6,209930,view,103,Keyboard,Accessories,Rwanda,mobile,google,5,70,0.02,2026-05-07 00:10:43
2867c33f-ba07-46f9-99ab-4fc5a5f64cc4,40df9509-c976-4ac2-8374-d09e6adf41b2,802964,purchase,101,Laptop,Electronics,Rwanda,mobile,facebook,3,1200,0.04,2026-05-07 00:10:44
4373106f-35fd-4f09-a7ef-121e65b01a5e,ab60d9eb-f53a-47d4-95fc-6384b7018f0a,943619,view,102,Phone,Electronics,Rwanda,mobile,facebook,2,800,0.09,2026-05-07 00:10:45
85f757bc-e634-429c-8ec7-ff88bbbaa36f,ea764dda-a571-41fa-ba24-3ed0ad0ef2ec,662,view,102,Phone,Electronics,Kenya,mobile,organic,3,800,0.01,2026-05-07 00:10:46
fd72d657-b4b5-4347-8a67-58672485027a,90ef75b2-226b-4014-998e-87af1fc3ab00,640,purchase,104,Mouse,Accessories,Kenya,desktop,facebook,2,40,0.19,2026-05-07 00:10:47
2212134f-baf9-4f01-9952-234ccccd22f8,54bff86c-3aab-43b8-823b-3b7d3cd706fa,946570,purchase,103,Keyboard,Accessories,Nigeria,mobile,organic,1,70,0.03,2026-05-07 00:10:48
762711d4-5c63-447a-91dc-8eaab2a7d6df,fe143ac3-db28-4b73-91a1-c831abd1eb17,457593,view,103,Keyboard,Accessories,Nigeria,desktop,google,1,70,0.2,2026-05-07 00:10:49
06e09924-af99-4bc2-bdb4-848db547c469,acc41a95-a3ee-4a97-818c-1a117cffab23,535018,view,101,Laptop,Electronics,Kenya,desktop,facebook,1,1200,0.08,2026-05-07 00:10:50
6f3a9fb5-c389-4195-9a4e-6cb329a19821,303c3513-cb14-4b1f-97ad-1f358f780b04,921533,view,104,Mouse,Accessories,Nigeria,desktop,google,4,40,0.15,2026-05-07 00:10:51
65343c56-6831-467f-aaf6-2f49de26547c,8f71294c-7f10-400f-ba2c-f673e823e706,179765,purchase,103,Keyboard,Accessories,Kenya,mobile,facebook,2,70,0.09,2026-05-07 00:10:52
fbd91724-dbcd-4693-b1a4-f1bd32a50e67,8e3e3b6b-48a6-40c1-a314-7e7f009ed75a,568077,purchase,102,Phone,Electronics,Rwanda,desktop,google,5,800,0.06,2026-05-07 00:10:53
eb56b80e-c8df-4272-ad31-37a4e7cc9377,a68d8661-5a77-4619-9549-7426328e4a9c,117434,purchase,103,Keyboard,Accessories,Rwanda,mobile,google,4,70,0.18,2026-05-07 00:10:54
cc01caf8-40f1-4edc-bfff-41d0b545b392,0ad79c2f-6133-4299-94e7-da2bf2f45d84,696091,view,104,Mouse,Accessories,Kenya,desktop,google,1,40,0.06,2026-05-07 00:10:55
3da584e3-d6da-4e43-9794-d2bb7a9c42c4,3e7d20ba-01bc-4c4d-afd8-c8f1457e99fe,488589,purchase,103,Keyboard,Accessories,Nigeria,mobile,organic,3,70,0.05,2026-05-07 00:10:56
30e137cc-f454-4be2-9f6e-28b9dd610325,26895a44-f4b5-4975-a6d3-b0f10569ea8f,356,view,103,Keyboard,Accessories,Ghana,mobile,organic,1,70,0.13,2026-05-07 00:10:57
b8808ff1-f6ff-4d5b-8826-34c4d59c07a9,9225be66-5b96-484f-9a46-e9be879eeb7a,916797,purchase,104,Mouse,Accessories,Kenya,mobile,facebook,5,40,0.07,2026-05-07 00:10:58
2299af9d-c708-4f78-98f9-f823fad16cba,5592ca00-e732-4755-aaa6-ea870a81868a,636323,view,104,Mouse,Accessories,Nigeria,desktop,organic,1,40,0.02,2026-05-07 00:10:59
2b570a2e-ec00-4dc8-906a-390402f4ed54,e101c263-258f-4425-a9fd-76a1aae7bd34,627221,view,102,Phone,Electronics,Ghana,mobile,google,4,800,0.17,2026-05-07 00:11:00
5eacea3f-9800-45ce-9ae9-b3c2910d15ea,3d6809cb-961d-4c63-92e7-6d2ba3cbcf91,280668,purchase,103,Keyboard,Accessories,Kenya,mobile,organic,4,70,0.15,2026-05-07 00:11:01
dfd3d964-2a6c-4300-b49d-215f064f613a,18604354-37fe-4e4c-8c1f-5956f807ce38,63,purchase,102,Phone,Electronics,Nigeria,desktop,google,4,800,0.09,2026-05-07 00:11:02
1638deea-120c-4bf7-bb8a-2aa6c933673e,9a94f1b6-fd79-42d0-a88b-36e72c7363b2,549,view,103,Keyboard,Accessories,Rwanda,desktop,google,5,70,0.08,2026-05-07 00:11:03
0c8fa71f-6e2a-495b-97b5-d52517e6b2ab,9d96f254-b838-4625-a1f6-dfba1054a114,888396,purchase,103,Keyboard,Accessories,Ghana,desktop,google,4,70,0.18,2026-05-07 00:11:04
d958df04-925d-468c-a070-b725b671d077,933582b6-429f-4031-9c5f-e46bc968747a,419552,purchase,103,Keyboard,Accessories,Nigeria,mobile,organic,3,70,0.19,2026-05-07 00:11:05
eaff9678-b084-4b8a-a0b5-8e0a6f965377,3ed8836b-f548-4a11-8158-83d99fc78396,668228,view,101,Laptop,Electronics,Kenya,mobile,organic,5,1200,0.04,2026-05-07 00:11:06
21e5dacc-c115-4e79-8a5f-844832734930,a1ba89b3-eb28-49fe-a9c6-a37a1608d428,371,purchase,101,Laptop,Electronics,Rwanda,mobile,facebook,2,1200,0.14,2026-05-07 00:11:07
5c31aa4a-0e16-42db-8ead-07ae58e9f6af,cd4ac2a8-8ba9-49d9-9191-de66e7e8610c,784,purchase,102,Phone,Electronics,Ghana,mobile,google,3,800,0.14,2026-05-07 00:11:08
21200a22-2ec1-40b6-b4d9-00977c35d49a,3fad5d92-7278-4117-a3f0-c25893c121cc,266929,purchase,103,Keyboard,Accessories,Rwanda,desktop,google,3,70,0.15,2026-05-07 00:11:09
5b6f5f00-7f3b-4174-927a-81137abc5d32,e2fda061-41eb-48d1-a55a-26dcb61eb229,696063,purchase,101,Laptop,Electronics,Nigeria,desktop,google,4,1200,0.07,2026-05-07 00:11:10
58f3526c-da9e-483c-9914-b9cb85c56252,dfaa0b1c-b077-4846-87fe-40229fb35fd6,648359,view,102,Phone,Electronics,Rwanda,desktop,facebook,3,800,0.13,2026-05-07 00:11:11
8c162d74-a4b0-4472-984c-4e9fdc54d030,ead35a68-5051-40a6-ba2a-9865a82e92a3,529695,purchase,101,Laptop,Electronics,Nigeria,mobile,google,2,1200,0.03,2026-05-07 00:11:12
4abff7d0-5a56-41ab-a2e1-c8cc82f86561,7e9832d5-a450-4b49-a2b3-c793cce361da,149060,view,102,Phone,Electronics,Ghana,mobile,facebook,4,800,0.08,2026-05-07 00:11:13
f28491ac-f8c5-4a76-8e57-d9205df85dca,87711f9f-3e42-4a56-9b62-9cc87362daa4,761,purchase,104,Mouse,Accessories,Rwanda,mobile,facebook,1,40,0.05,2026-05-07 00:11:14
dd5d7013-3705-478c-b044-18c72212e167,fe80806f-dc7b-4d78-848d-87fe659e7ec0,559002,view,103,Keyboard,Accessories,Nigeria,desktop,google,2,70,0.15,2026-05-07 00:11:15
8f23c317-7846-493e-a810-1468e72e05ec,030da45f-d359-433c-b86d-5b91bbaa9d40,716889,view,103,Keyboard,Accessories,Ghana,mobile,facebook,1,70,0.09,2026-05-07 00:11:16
c73ef5af-25f7-492f-94f0-544eb27adf71,6c4708f2-aef8-4cb1-b9fb-f4ab501b8e44,344121,view,104,Mouse,Accessories,Ghana,mobile,facebook,5,40,0.09,2026-05-07 00:11:17
c1365517-76b5-4819-a831-7950de94727e,32ff0f5b-03e1-417f-a758-fbfb9ecf2fbf,83655,view,103,Keyboard,Accessories,Ghana,desktop,facebook,3,70,0.01,2026-05-07 00:11:18
6e895430-08c6-457e-b2df-fc225e7b1fab,144f9a90-042e-4d86-80d8-548c98eca4e6,231264,purchase,103,Keyboard,Accessories,Ghana,mobile,google,2,70,0.16,2026-05-07 00:11:19
d2453f1a-256c-467d-b698-1e3d964e89ca,985a439f-cd43-4d22-9132-a7d43700c6b8,174747,purchase,103,Keyboard,Accessories,Nigeria,mobile,facebook,4,70,0.18,2026-05-07 00:11:20
17b5034f-e8ea-4680-b5a5-d8f3db33a001,652f16c6-5e88-4f94-a7ac-4c20ffd38b14,542786,view,101,Laptop,Electronics,Kenya,mobile,google,2,1200,0.07,2026-05-07 00:11:21
df377d87-595d-47cb-9c16-17a639be94ef,590f6550-4848-4b38-b42b-9cfb8e869ea7,41,purchase,103,Keyboard,Accessories,Kenya,desktop,facebook,1,70,0.06,2026-05-07 00:11:22
ace326d6-5d56-4baa-ae6d-63cafd2eb94f,e65a7e87-7c96-416a-b31b-4e88c4538ae4,727652,view,104,Mouse,Accessories,Nigeria,mobile,facebook,5,40,0.03,2026-05-07 00:11:23
31ce14c4-48eb-4d2a-8764-71a34c5496d1,4c4cbc41-a8dc-44f3-b5c6-7824240bec37,267,view,102,Phone,Electronics,Rwanda,mobile,facebook,5,800,0.18,2026-05-07 00:11:24
70ae1b0b-daf9-4282-9502-4b5b9c5c7436,c3af3b44-17bf-4fdc-866c-e1cd9173d532,206,view,102,Phone,Electronics,Rwanda,desktop,facebook,5,800,0.0,2026-05-07 00:11:25
774d3f7d-e637-4475-92b9-56d688e8f4f5,cdf0e858-d1b0-4a28-91fc-31949681f1c3,245210,view,101,Laptop,Electronics,Rwanda,desktop,google,2,1200,0.11,2026-05-07 00:11:26
f6ef175e-10a9-496f-9070-0b8192dd3dcd,f70df795-19ff-4c6c-9e41-1b47f15db5c1,606852,view,102,Phone,Electronics,Ghana,desktop,facebook,2,800,0.17,2026-05-07 00:11:27
3001eedd-a4fd-4869-a106-0a6690e89a40,f703bb1b-3053-4e29-9229-dbe862e71877,243350,view,101,Laptop,Electronics,Ghana,desktop,facebook,5,1200,0.08,2026-05-07 00:11:28
cccc6d82-fe53-4a01-8cd4-9462a1da24aa,2ba9c942-31f9-4acd-a526-89d0894301c5,563195,view,103,Keyboard,Accessories,Kenya,mobile,facebook,2,70,0.08,2026-05-07 00:11:29
b067e5e6-6728-41ec-821f-cc0046dab05e,77d10936-bde9-41e4-8bfe-9053e645306c,90550,purchase,102,Phone,Electronics,Rwanda,desktop,facebook,3,800,0.04,2026-05-07 00:11:30
3c09865a-1fa4-4de0-9af1-094f2cab83c4,8ff2d75b-8622-4e2d-a9e4-8205cac75e38,518336,view,104,Mouse,Accessories,Nigeria,mobile,organic,1,40,0.0,2026-05-07 00:11:31
83b42425-9825-4c5b-9f12-85524896e05e,8424704a-30ca-43e9-8201-6e7c4a0571aa,732987,view,103,Keyboard,Accessories,Kenya,desktop,facebook,4,70,0.07,2026-05-07 00:11:32
ce274397-f9d7-4eea-8d49-c5a2cf51796e,579d1d4e-f757-4d2a-a981-abb80f3866d8,134286,purchase,104,Mouse,Accessories,Ghana,desktop,google,1,40,0.03,2026-05-07 00:11:33
ae17d156-1475-4ce2-bc85-bb579023d157,27641792-9171-4fe7-b2c1-ee7e9430e865,512226,purchase,104,Mouse,Accessories,Ghana,mobile,google,1,40,0.13,2026-05-07 00:11:34
8e44b525-7e0c-40d4-a0e0-7ba6679084ae,71a24d10-6777-4dbe-a489-f605f6c4599d,43714,view,103,Keyboard,Accessories,Nigeria,desktop,organic,4,70,0.02,2026-05-07 00:11:35
b9636fa2-8e78-4f79-aa86-43787ffbbcd8,de3a69cd-bee2-4c45-9f01-2c9d03ded2a3,555,view,104,Mouse,Accessories,Ghana,mobile,google,3,40,0.2,2026-05-07 00:11:36
68c40049-8dfa-4b3f-862a-ac2c5816863c,63a755c2-2648-49cb-93f1-444a3ca14ec4,466082,purchase,103,Keyboard,Accessories,Ghana,mobile,google,1,70,0.02,2026-05-07 00:11:37
e7612f8c-8a79-4d56-80a5-36aebd1e2e9d,f101fe0c-b9c8-46d4-90b8-55c7546f893f,486187,purchase,102,Phone,Electronics,Nigeria,desktop,google,5,800,0.11,2026-05-07 00:11:38
1baae707-9ec5-449f-a551-b1b2530440f5,537cff77-b6f5-45dc-a64f-3a38dd314921,197728,view,102,Phone,Electronics,Nigeria,mobile,facebook,1,800,0.19,2026-05-07 00:11:39
7e094ba2-61de-45c2-becd-86e79f1d9af8,d1458878-cab8-42f2-b08e-2daf92442956,634,view,101,Laptop,Electronics,Ghana,desktop,organic,5,1200,0.14,2026-05-07 00:11:40
efd492eb-5115-4778-9f2c-5aea4ba1c7b0,f1e24543-d2dc-472e-8ab3-2d263f6e3c28,517212,view,101,Laptop,Electronics,Nigeria,desktop,facebook,4,1200,0.11,2026-05-07 00:11:41
04691f0b-1593-4d66-a5d3-5deaaf72f072,be7ec54f-96f3-4350-92cd-7a73880dde9e,465852,view,103,Keyboard,Accessories,Nigeria,desktop,google,3,70,0.13,2026-05-07 00:11:42
f0989cb3-615e-4618-b0b8-27b81dbae0bd,41b30c45-7241-4c2d-b256-ba86502964e2,557302,view,103,Keyboard,Accessories,Rwanda,mobile,organic,3,70,0.06,2026-05-07 00:11:43
8bb29129-d2a5-40e5-8267-8ebaab426f4d,900f63dc-c3a6-41b6-8b2f-c8c2dceedde6,528170,purchase,102,Phone,Electronics,Ghana,desktop,google,5,800,0.19,2026-05-07 00:11:44
03beb1d8-5e27-4c4b-abbe-95681608eac6,9e51d86c-3792-4087-af77-77457efcb539,421040,view,104,Mouse,Accessories,Ghana,mobile,google,5,40,0.13,2026-05-07 00:11:45
fae4d45a-524f-4c65-adb9-f22c5082131e,f8ad1ae8-c766-4e73-b03f-b3dfe4e30d9e,965253,view,104,Mouse,Accessories,Rwanda,mobile,facebook,5,40,0.0,2026-05-07 00:11:46
e01ce8f3-c84b-40a5-ae68-b390c9ac60b0,9e0cd8f7-6e9b-49c5-a359-8336e26a9601,164360,purchase,104,Mouse,Accessories,Nigeria,mobile,google,3,40,0.08,2026-05-07 00:11:47
975365ec-1517-48c4-994f-752956d4028e,cc6f52f6-1ce1-418e-8e47-933c49c89712,291,view,101,Laptop,Electronics,Kenya,mobile,google,2,1200,0.16,2026-05-07 00:11:48
d5bbab08-d722-4b81-989c-3fa3c64c0667,aefbf730-8e2c-4f42-adea-615e0392e458,572249,view,103,Keyboard,Accessories,Kenya,mobile,google,4,70,0.18,2026-05-07 00:11:49
62e64edc-7b69-4343-9f50-a33713a07547,ab9d8e36-c102-46f7-86a6-8d25368a142d,371145,view,101,Laptop,Electronics,Rwanda,desktop,google,1,1200,0.09,2026-05-07 00:11:50
03ecce48-d45a-47b2-9446-5d1120a85dac,0aaf8dc0-b7ff-4df3-a634-275fd9b1bf5c,209344,view,104,Mouse,Accessories,Nigeria,mobile,organic,5,40,0.18,2026-05-07 00:11:51
1a69fb17-82db-44f1-abb1-bc3c8c54990f,83cabd97-ead0-457d-94c8-87b6b3de2f5e,801093,view,102,Phone,Electronics,Rwanda,mobile,facebook,2,800,0.08,2026-05-07 00:11:52
d2e8cf31-c681-4c05-9458-acf099588023,205c78ea-033d-4fbe-9b0f-7760f60672c6,284771,view,103,Keyboard,Accessories,Rwanda,desktop,google,5,70,0.13,2026-05-07 00:11:53
ba0dc1ba-ad0d-48ba-91a8-7230fd1382dc,4f756438-8d42-4f33-b3d8-760551950b49,673206,purchase,103,Keyboard,Accessories,Nigeria,desktop,organic,3,70,0.18,2026-05-07 00:11:54
dfdda1c3-a430-47c1-8153-eec841bc5118,65fb645a-6a8f-42aa-b48b-3bcbad538292,558507,purchase,103,Keyboard,Accessories,Nigeria,mobile,facebook,3,70,0.09,2026-05-07 00:11:55
ac8d1c64-c47a-4766-ad35-bc0f612778fe,2a544059-d0bc-4cef-a9fa-ba7bd783fb6a,167,view,103,Keyboard,Accessories,Nigeria,desktop,organic,2,70,0.16,2026-05-07 00:11:56
035af193-355d-401a-87b0-5208fc148465,49c847da-43e2-4385-bf4a-2ae7f5978b67,721360,view,101,Laptop,Electronics,Ghana,mobile,facebook,3,1200,0.19,2026-05-07 00:11:57
243bd58b-ec59-47c0-992a-3d4a090c36a4,8e273dd6-7bae-45a1-a8c5-c2fe4a1b8d12,557113,purchase,101,Laptop,Electronics,Kenya,desktop,organic,5,1200,0.15,2026-05-07 00:11:58
7d81e1b8-2ec2-4097-92c3-05159c26cb10,55c2e188-1f90-42a5-b829-baa2c439d55d,294,view,104,Mouse,Accessories,Nigeria,mobile,google,1,40,0.07,2026-05-07 00:11:59
290ff64f-6f48-4638-bf34-7030f6cfe92d,87181e72-9f0c-4a47-9da7-b8a550440e4c,949,purchase,102,Phone,Electronics,Ghana,mobile,google,4,800,0.14,2026-05-07 00:12:00
3c322f46-e4dc-4c7b-b6eb-089bb0a5fbd8,9fe8e939-f0a0-4825-92dc-d3343b8a40b3,741023,purchase,102,Phone,Electronics,Ghana,desktop,google,2,800,0.02,2026-05-07 00:12:01
ff50d300-655d-4ced-9765-40537b38a748,c6a4b1d9-8202-4005-b309-34b2fe57d302,694240,view,103,Keyboard,Accessories,Kenya,mobile,google,4,70,0.14,2026-05-07 00:12:02
17d7ac13-b8a6-49b2-a85d-105ee59d171b,e60c8e66-3190-4f89-904f-3a894ef58ad7,134259,purchase,103,Keyboard,Accessories,Ghana,desktop,organic,5,70,0.12,2026-05-07 00:12:03
f4306e74-da7e-498e-b85b-13bd1adbfe84,7aca3d8b-af91-407d-bf3c-c3b2091fa2bb,104746,view,104,Mouse,Accessories,Kenya,desktop,google,5,40,0.01,2026-05-07 00:12:04
2cfea437-f6fe-42f0-8355-01d43b42603b,c8387e8e-2e94-4c10-b493-35ebc2eb79b3,850146,purchase,104,Mouse,Accessories,Rwanda,desktop,organic,5,40,0.15,2026-05-07 00:12:05
ce9ee75a-f2d3-49f3-bed6-87ba5a43f5e3,615cb181-bfd4-4fc0-9045-cc99c6c10347,320619,purchase,103,Keyboard,Accessories,Rwanda,desktop,organic,4,70,0.13,2026-05-07 00:12:06
062b38c6-c185-4143-9d86-dbbf11513593,2a2ccc7a-8de1-41b6-abf0-0607d1af46e1,362933,purchase,102,Phone,Electronics,Ghana,desktop,google,4,800,0.08,2026-05-07 00:12:07
c558862e-aa84-4d0e-b100-7d338a871cfa,373b2c24-815a-45a4-8627-d14308d26f90,243951,view,102,Phone,Electronics,Kenya,desktop,organic,4,800,0.14,2026-05-07 00:12:08
32f42c41-97bb-4273-bdb6-9f031b3b1252,f1c8633b-a65a-4c4f-89e1-c928838de52d,594930,view,101,Laptop,Electronics,Rwanda,desktop,facebook,4,1200,0.18,2026-05-07 00:12:09
d30f9523-d7b3-4fd3-b9a2-5f0854755d6d,33b195df-3e70-458c-aac6-78df53cb2810,570835,purchase,102,Phone,Electronics,Rwanda,desktop,organic,4,800,0.0,2026-05-07 00:12:10
1fc72395-dc7b-48ee-94a2-0ebd0c186e2c,d34be531-6d3c-4ea8-bb3a-b4bcfbc1dff2,746711,view,101,Laptop,Electronics,Nigeria,mobile,organic,1,1200,0.11,2026-05-07 00:12:11
5e5f899c-804b-4cdf-8dbf-e2b070f42c5a,4806277d-aaae-4e0f-b607-488f5249aa42,991,view,103,Keyboard,Accessories,Nigeria,mobile,facebook,1,70,0.07,2026-05-07 00:12:12
87769245-d001-4323-9e7b-8cf8ab8cbb74,19f8ba09-7994-41d6-9396-5a44633b3440,938665,purchase,104,Mouse,Accessories,Ghana,desktop,organic,5,40,0.13,2026-05-07 00:12:13
b2b76783-f5d9-47cb-b178-3187f6c07707,d946a589-a756-48ad-b05c-2f39dc3cfe0e,241913,view,104,Mouse,Accessories,Kenya,mobile,google,2,40,0.09,2026-05-07 00:12:14
7e0fedf2-b975-4f2d-82be-74f7a14ac0b3,e2426ba5-67a6-4c27-b01d-c89c3825dea8,835803,view,104,Mouse,Accessories,Ghana,mobile,organic,4,40,0.19,2026-05-07 00:12:15
6a1bb8fa-b448-46ce-8a45-81805febbe3c,c966caf7-799d-4fa1-af2e-499fc5109920,271807,view,101,Laptop,Electronics,Ghana,mobile,google,5,1200,0.06,2026-05-07 00:12:16
8064dd78-08c0-49c9-b923-a323d08bb388,35f2c774-bc56-4288-84aa-b9265b3e66dc,823573,view,101,Laptop,Electronics,Rwanda,desktop,facebook,5,1200,0.19,2026-05-07 00:12:17
dac518d1-0d2b-4630-89b3-f088131005ef,442cd810-0f0c-4077-afca-1c014856d050,822474,view,103,Keyboard,Accessories,Rwanda,mobile,facebook,3,70,0.09,2026-05-07 00:12:18
95a5fb9e-6ec4-44aa-9af4-a5244069ef63,78b9fa43-27e3-450a-bf77-b08bdd446a51,239155,view,104,Mouse,Accessories,Nigeria,mobile,organic,4,40,0.17,2026-05-07 00:12:19
d06c8f14-0457-487f-8787-31e041eb71dd,ad9bdef6-81df-4b15-9e47-2386593811f6,708000,view,102,Phone,Electronics,Kenya,desktop,google,4,800,0.05,2026-05-07 00:12:20
2b15e42e-4972-4ec2-ab7e-3ae5c38c9145,b686b886-1051-459f-a2d1-9f1fef21e845,755727,purchase,103,Keyboard,Accessories,Rwanda,mobile,organic,1,70,0.14,2026-05-07 00:12:21
08098d5a-ecbe-44cc-be9c-7dfe024a641c,7affa7a6-3df5-43d5-ad5b-a47a6a159bb5,478147,purchase,102,Phone,Electronics,Nigeria,mobile,facebook,5,800,0.17,2026-05-07 00:12:22
1b87b9cf-06af-4667-8c20-2aa6674185b6,987e8f10-28a4-46a9-a41d-2f48b15ea33c,162581,purchase,103,Keyboard,Accessories,Rwanda,mobile,facebook,4,70,0.01,2026-05-07 00:12:23
3d358409-124f-4e14-8aad-b9b73b3f2fbc,f91b3b1a-7be6-4a90-96be-58b6d24f6e9f,752,view,101,Laptop,Electronics,Kenya,desktop,facebook,3,1200,0.07,2026-05-07 00:12:24
aec745cd-572c-4e54-81ae-4ffc308f97c0,ff69a99b-220a-4c69-bcd4-56e2d43ea7e7,565,view,101,Laptop,Electronics,Ghana,mobile,facebook,5,1200,0.16,2026-05-07 00:12:25
dd00c715-fa2c-4149-a804-8453499a4158,28c1e0e6-b35a-442e-86d3-243b12072f49,928,purchase,103,Keyboard,Accessories,Ghana,desktop,facebook,2,70,0.01,2026-05-07 00:12:26
9e54d15b-d5ff-4295-8d9d-1c2e978b23bd,9d5aa78b-44cc-4fde-abec-2f582ea7a317,424851,view,101,Laptop,Electronics,Rwanda,desktop,facebook,2,1200,0.05,2026-05-07 00:12:27
9e1bd54f-058b-45b7-b4fb-5ba20e0259e7,71eecf77-edb1-4bc6-875f-f0a871fcf18e,18038,purchase,104,Mouse,Accessories,Ghana,mobile,facebook,3,40,0.19,2026-05-07 00:12:28
1f35b5e8-5b6a-4a0f-993a-2d0e627e9914,3e815b23-4210-4335-aa13-2925593eab89,609699,purchase,102,Phone,Electronics,Kenya,mobile,organic,4,800,0.19,2026-05-07 00:12:29
b4bde0fd-917d-41e4-a818-506d914e0bdf,b8c960c3-5d9c-4edd-9531-5e2f7fb900d3,200692,view,103,Keyboard,Accessories,Nigeria,desktop,google,2,70,0.02,2026-05-07 00:12:30
5b04a94c-2b81-40a6-b74b-5e019cdb2735,0db14715-4bcd-416c-b19b-6f93c1e3906e,543,purchase,101,Laptop,Electronics,Rwanda,desktop,organic,5,1200,0.04,2026-05-07 00:12:31
d0486757-327d-4cbc-9aa3-3ea605fbfffe,c55368d0-5a45-4f41-b39e-089582445c32,193550,view,104,Mouse,Accessories,Kenya,desktop,facebook,3,40,0.08,2026-05-07 00:12:32
e07c2ce7-c5ea-45a8-ab38-fd31ee6be80c,bbaf5031-1f62-43be-9530-56b0ff1ec0e8,483,view,101,Laptop,Electronics,Ghana,mobile,organic,5,1200,0.1,2026-05-07 00:12:33
c2d137db-4c74-4a32-aa46-3f73700fcfb3,d2baf327-ed9a-4d9c-be27-41bb78886468,141437,purchase,104,Mouse,Accessories,Ghana,mobile,google,1,40,0.02,2026-05-07 00:12:34
4e292aa5-9f73-443a-9e44-9e444afe5b47,94912183-637f-45eb-b5b8-3e0bd2e4304d,560937,purchase,103,Keyboard,Accessories,Rwanda,mobile,google,2,70,0.03,2026-05-07 00:12:35
126bbfc7-3c63-4fc4-b931-f611cef5c3e8,0ae7130e-759e-42ed-bfaa-040f8b8d2bc6,748347,purchase,101,Laptop,Electronics,Kenya,mobile,organic,5,1200,0.15,2026-05-07 00:12:36
65d78c8e-2511-4be7-a3f8-676b5442f599,a38b5a09-5c19-48fb-ba98-f374ceb6ad1e,662688,purchase,103,Keyboard,Accessories,Rwanda,desktop,facebook,5,70,0.02,2026-05-07 00:12:37
495cb6d2-7988-442e-929f-376d07c1afad,25d3efb0-5e05-41ac-acf4-3abb1238ad6b,516,purchase,101,Laptop,Electronics,Rwanda,mobile,google,3,1200,0.18,2026-05-07 00:12:38
b361a382-9584-42ca-b244-e915aec722db,378c81a1-6064-4fb2-92f7-279fa90c73f3,122,purchase,102,Phone,Electronics,Ghana,desktop,google,2,800,0.18,2026-05-07 00:12:39
e3cbc2df-1b95-47ea-a7af-51c28ed19157,eb77c60f-7783-4beb-902d-f4d38d265e2e,87149,view,102,Phone,Electronics,Kenya,mobile,google,2,800,0.05,2026-05-07 00:12:40
90acc10d-0a1b-4dc4-89c2-5d6b1fa807c5,2c00146c-54df-4167-b181-c5a4542f1eca,270,view,101,Laptop,Electronics,Kenya,desktop,facebook,1,1200,0.01,2026-05-07 00:12:41
a4ff291b-45f8-4c92-ac47-172aa8efa56e,b11aa497-64ff-4138-9713-a4524a1640b6,556,purchase,101,Laptop,Electronics,Ghana,desktop,facebook,1,1200,0.04,2026-05-07 00:12:42
3695913a-8099-486e-b7a0-96c742133867,df9f48a8-54ac-4e04-b274-9c349c62eba2,698,purchase,104,Mouse,Accessories,Kenya,desktop,organic,5,40,0.14,2026-05-07 00:12:43
f65c93e9-d195-4f87-a52b-5678825d5930,31387417-e9d0-4c9a-a504-29f6de4c03fe,602481,purchase,104,Mouse,Accessories,Rwanda,mobile,google,2,40,0.18,2026-05-07 00:12:44
b2eddf13-32b2-4830-9cd2-a910c9311296,832c1365-190a-4ec1-aa7e-75e6bf640919,442738,purchase,102,Phone,Electronics,Kenya,desktop,google,2,800,0.18,2026-05-07 00:12:45
aa929a68-aeef-459d-abda-0f09036f6d4d,6a933ec6-3e88-466f-94af-5c0f494ab2ce,71503,purchase,103,Keyboard,Accessories,Kenya,desktop,facebook,1,70,0.17,2026-05-07 00:12:46
d0f2ca86-f67c-479c-b62f-c4fc72d52d2d,9bb15318-dbe6-4493-9cdb-cafd74e3d2ad,232979,purchase,102,Phone,Electronics,Rwanda,mobile,organic,4,800,0.08,2026-05-07 00:12:47
1be6bee0-1d5d-4a05-af83-bfc84e3cae13,17b6ffa2-e5fc-4891-b25b-fa7aa2e160ef,829804,view,104,Mouse,Accessories,Nigeria,mobile,organic,2,40,0.17,2026-05-07 00:12:48
7f550877-2126-483c-9f0f-59e55851f13a,a3116bfd-cea2-4b99-9b4f-f19644a3502c,491053,purchase,101,Laptop,Electronics,Kenya,mobile,google,1,1200,0.09,2026-05-07 00:12:49
27976177-15f3-4776-ae9a-46cd631a36ef,2344d575-cbc4-4081-9435-d9c3f3bbd4c9,904,purchase,104,Mouse,Accessories,Ghana,desktop,organic,3,40,0.12,2026-05-07 00:12:50
d880dd4d-c139-44d8-bf6c-5bb513f34ca8,b635f8c0-5ff4-418e-9f66-28e3996b6e51,282024,view,101,Laptop,Electronics,Rwanda,desktop,google,4,1200,0.02,2026-05-07 00:12:51
8b0d1d44-313c-49a0-95e1-78c7df32fe38,317a9d3e-cb42-4338-a081-43ba82847b5a,622780,purchase,102,Phone,Electronics,Nigeria,desktop,google,4,800,0.02,2026-05-07 00:12:52
3f6b7a66-7d24-4c4f-b6af-13a9fbab3fbc,edb5e4df-6d8a-41a2-bb47-ffbf4a89c366,449835,view,103,Keyboard,Accessories,Kenya,desktop,facebook,5,70,0.03,2026-05-07 00:12:53
3d57f508-1e3c-4db3-a475-82459eb6d39f,062f9b56-6fd7-4441-b66f-abaec59b7fda,161,view,101,Laptop,Electronics,Ghana,desktop,facebook,2,1200,0.1,2026-05-07 00:12:54
dc653df9-43a5-4b03-94aa-0cfb5e150559,364b0408-5c4d-4f88-9fef-647d18089490,960117,purchase,102,Phone,Electronics,Nigeria,mobile,google,5,800,0.14,2026-05-07 00:12:55
b296b1d0-c878-49a0-9575-f91d70d7b315,8b63e833-3faa-4d05-a8a3-ae67b99f204f,888,view,102,Phone,Electronics,Kenya,mobile,facebook,1,800,0.11,2026-05-07 00:12:56
58ed11c6-ddaa-4dd0-a625-947d8833cbc9,bbcf206a-7516-47fd-aabd-774316620a84,297848,purchase,104,Mouse,Accessories,Ghana,mobile,organic,1,40,0.17,2026-05-07 00:12:57
740765ae-1795-4376-9e50-77bfc152b25f,6755b844-bbba-4021-b70c-95569671c378,165456,view,103,Keyboard,Accessories,Rwanda,desktop,google,3,70,0.17,2026-05-07 00:12:58
18179676-b044-43ef-adb4-034086ad0418,dc0e460b-37a4-4770-9a74-041ea8e886ac,744,view,102,Phone,Electronics,Rwanda,desktop,organic,1,800,0.07,2026-05-07 00:12:59
b07dfcd8-660c-43fb-bc71-d54bd89fd21d,ec45609b-616e-4f3f-b8b5-3c789b705cfb,803408,view,103,Keyboard,Accessories,Ghana,mobile,google,3,70,0.12,2026-05-07 00:13:00
7bc89859-6512-45ca-95b6-f71374b54114,6395550d-803f-42a3-9160-70dd63e7a0cf,832915,view,101,Laptop,Electronics,Rwanda,desktop,facebook,1,1200,0.15,2026-05-07 00:13:01
0befb165-4cff-4547-b619-9ac6f86e677f,7a28972b-262b-48ca-abd5-6bfcfc73efba,558,view,104,Mouse,Accessories,Rwanda,mobile,organic,1,40,0.19,2026-05-07 00:13:02
c544d923-c00f-4798-be73-2c0747acac93,1f604d33-cd90-4cfe-af60-b64f88cedce3,796,view,104,Mouse,Accessories,Kenya,desktop,google,4,40,0.05,2026-05-07 00:13:03
307d4f99-7bb1-47fa-a808-3384c68163ad,a1271cc1-fd55-46a9-8a95-486597b8465b,436,purchase,101,Laptop,Electronics,Kenya,desktop,organic,3,1200,0.2,2026-05-07 00:13:04
e9b18968-0d73-42d8-bdd1-092cb4fc6a5f,9388dd0c-6079-4a16-ae1b-bd9d4fd10cd8,453892,view,104,Mouse,Accessories,Rwanda,desktop,organic,3,40,0.05,2026-05-07 00:13:05
659a78c2-5729-4e74-8ebf-a79b8a7cd739,902beb15-a14d-4029-a9b5-56fa8daa3cff,973354,purchase,104,Mouse,Accessories,Rwanda,mobile,facebook,4,40,0.05,2026-05-07 00:13:06
581c957a-3e7a-4aa0-bd06-0e0814816964,8da50bce-4e40-4644-a537-058ba122d1de,545,view,103,Keyboard,Accessories,Ghana,desktop,facebook,5,70,0.08,2026-05-07 00:13:07
9fe80d57-0f76-4ded-a5ee-cc5cad8897b8,0384e38c-e709-45c7-adf1-8ce8b96f2134,600,view,102,Phone,Electronics,Nigeria,desktop,organic,3,800,0.1,2026-05-07 00:13:08
acc976cc-fcd7-487e-8f07-9598589ceaff,0f635194-3809-4451-b5fa-46732aa66e5b,492519,purchase,101,Laptop,Electronics,Ghana,desktop,organic,4,1200,0.17,2026-05-07 00:13:09
6b370945-d92f-46a1-8d43-0ce3e0dac3d3,50872868-643e-4b90-8482-9b68ca3246f5,655756,purchase,103,Keyboard,Accessories,Nigeria,desktop,google,2,70,0.17,2026-05-07 00:13:10
41d36ef4-643c-4cdb-822b-12560efb5a12,9e7d51e9-0c11-4fec-bf01-2c70f3d77fcb,955009,view,104,Mouse,Accessories,Rwanda,mobile,organic,2,40,0.14,2026-05-07 00:13:11
750b773a-b9bf-4afc-bc2e-799829fc957b,bf40938f-9e40-4e15-b851-564e29b954e5,553,purchase,101,Laptop,Electronics,Rwanda,desktop,facebook,5,1200,0.0,2026-05-07 00:13:12
00d450c5-7564-4653-8564-64d827bd265f,c20aabd9-6f8b-4fd8-9457-a5cd5d3f3a5f,372,view,102,Phone,Electronics,Ghana,desktop,facebook,3,800,0.08,2026-05-07 00:13:13
ec64914a-4eac-4f2f-8e3c-0179f584d139,adfd5b1a-1c04-46e2-988b-3c64899e76da,538576,view,103,Keyboard,Accessories,Nigeria,mobile,organic,1,70,0.02,2026-05-07 00:13:14
43f6fae4-8b97-4f65-ada2-e00acdc9ffed,2304c4e7-473e-4da1-a438-c7f3f517a3e8,432488,purchase,104,Mouse,Accessories,Ghana,mobile,google,5,40,0.15,2026-05-07 00:13:15
5cae007d-f6a8-4215-8c12-9fcc6d5b4654,f35426ce-1522-47be-a9ef-974522b27923,354959,purchase,102,Phone,Electronics,Rwanda,desktop,organic,1,800,0.07,2026-05-07 00:13:16
10bef0a1-a978-4b7d-bfd1-97008904f076,2d01858b-0630-4052-ac51-4cc8089c631c,844495,view,101,Laptop,Electronics,Kenya,mobile,google,3,1200,0.1,2026-05-07 00:13:17
2cb8c820-d4b2-4c5a-bffb-ccf3d57545ef,00f55fa2-dd2c-4d03-b876-4bd575dad6fb,345212,purchase,104,Mouse,Accessories,Rwanda,mobile,google,4,40,0.14,2026-05-07 00:13:18
d7b06ed0-b89d-4326-a504-fdde7fd819e8,d9a44321-c82e-4ec7-8cc7-a9a875c59757,346,purchase,101,Laptop,Electronics,Ghana,desktop,facebook,5,1200,0.03,2026-05-07 00:13:19
fece05cc-e00d-4b6d-8306-78ef06b4f4d2,49d216f8-657b-4ae1-acbc-efc2f7fc2531,423695,purchase,101,Laptop,Electronics,Ghana,mobile,google,4,1200,0.08,2026-05-07 00:13:20
25bb9c0d-66d5-40ef-b5e5-2b9cdb22057f,4e1232d9-fb64-49d7-9ee5-4c0907e1517e,12,purchase,104,Mouse,Accessories,Rwanda,desktop,organic,2,40,0.14,2026-05-07 00:13:21
3233c089-acb1-4122-86bc-adee8d883419,4ac873bb-3fae-486a-814d-4eaa68ccea15,842,purchase,102,Phone,Electronics,Kenya,mobile,facebook,5,800,0.02,2026-05-07 00:13:22
e77d3a8e-2bfa-47a7-97c4-316b0edd7542,11c51b9a-7f53-4374-a9c2-9f002e9f7a98,90,purchase,104,Mouse,Accessories,Rwanda,desktop,facebook,4,40,0.19,2026-05-07 00:13:23
af45d503-1999-48c2-89cd-b98b67e8caf2,a9c13832-98f8-4f69-84af-9fcf3acad3ff,950557,purchase,104,Mouse,Accessories,Kenya,desktop,organic,1,40,0.05,2026-05-07 00:13:24
d69b90ef-d66a-479e-a638-eb70c1a7d7c9,96f7814c-02ef-487e-9803-045d5dbb9827,923196,view,101,Laptop,Electronics,Kenya,mobile,facebook,5,1200,0.05,2026-05-07 00:13:25
c00f3893-92d8-48da-802d-28a4b2eec067,72c68052-a4f5-4cae-b5cc-9599291457c2,91638,purchase,102,Phone,Electronics,Kenya,desktop,organic,2,800,0.14,2026-05-07 00:13:26
d7b55670-7e1a-4369-87ca-01b3a13ec16d,8ec4371f-726e-4645-bc52-f30f0a7abb1b,864,view,104,Mouse,Accessories,Nigeria,desktop,google,4,40,0.18,2026-05-07 00:13:27
cc1fa485-7e86-4310-8a9a-c8e0dc3d4d3c,dfb1e697-0adb-4228-b622-36f81f5c387e,340142,purchase,101,Laptop,Electronics,Kenya,desktop,facebook,2,1200,0.18,2026-05-07 00:13:28
5bb22f9d-4ab8-475f-8c42-b2c5b7dc8a61,caccab76-d22a-4759-a8c5-158c91524ada,825695,purchase,101,Laptop,Electronics,Rwanda,mobile,organic,4,1200,0.02,2026-05-07 00:13:29
28cb6d77-67d7-4e91-8899-7fac336add70,def8ea13-cd69-477a-b08e-bc40fbc362b7,200565,purchase,103,Keyboard,Accessories,Ghana,desktop,organic,3,70,0.18,2026-05-07 00:13:30
2cca018d-1507-412c-86dc-beef9103c97a,a2d1feff-2250-4654-b614-d44ec595d0a7,76571,view,102,Phone,Electronics,Nigeria,desktop,google,4,800,0.14,2026-05-07 00:13:31
9abd7062-4f7f-406a-a743-c65499f2d147,168f0a26-f042-427a-be31-af6f14f0b9e4,352290,view,101,Laptop,Electronics,Nigeria,desktop,google,4,1200,0.08,2026-05-07 00:13:32
adfe8c0f-751b-49ff-a07c-3012d95652b9,7d68705c-3a1d-4959-aaf6-7517658bc9b7,955490,purchase,101,Laptop,Electronics,Kenya,desktop,facebook,5,1200,0.05,2026-05-07 00:13:33
d540588d-2520-4c98-b6c5-a21e540d36d0,2ea86a23-e67d-48a5-be11-00102ab5b2b3,61901,purchase,101,Laptop,Electronics,Ghana,desktop,google,1,1200,0.03,2026-05-07 00:13:34
984d83d7-8aa4-4e0f-890b-f38435d6e797,b16d68d1-8257-46ec-99ee-a8cb276fa8dd,417,view,104,Mouse,Accessories,Rwanda,mobile,facebook,1,40,0.11,2026-05-07 00:13:35
c002dcb8-b6cd-4a24-a139-0ba7d7f03c01,83e27922-c890-48c4-8172-47ff02784fc9,47101,view,101,Laptop,Electronics,Ghana,mobile,google,2,1200,0.05,2026-05-07 00:13:36
9024b651-f996-4afa-938a-d6e39e1848d7,883d6aa7-7f23-4c09-9a4f-c668685b1664,127,purchase,102,Phone,Electronics,Rwanda,desktop,facebook,5,800,0.04,2026-05-07 00:13:37
c1ed710b-64b1-426e-81c8-e614e53e074b,2c32936f-ade9-4373-b712-481f7fb5af95,421346,purchase,104,Mouse,Accessories,Ghana,desktop,google,1,40,0.19,2026-05-07 00:13:38
1a7af7b4-bcc0-4985-a6ff-35a6bb6e6547,ad137bbd-c1f6-48e7-bfe3-8f608c9c77a7,430685,view,102,Phone,Electronics,Kenya,desktop,organic,4,800,0.08,2026-05-07 00:13:39
fdda2cea-c8c0-42a3-b013-9a94c8dce9a2,c372b9e4-cd5d-44aa-94e8-a2b4b828de0f,262,purchase,104,Mouse,Accessories,Ghana,mobile,organic,4,40,0.02,2026-05-07 00:13:40
b87feb93-25f7-467c-8f29-85e0c03a1503,99eb325a-cd8f-439d-b92c-2301e3ac2ac4,409637,view,101,Laptop,Electronics,Ghana,desktop,facebook,4,1200,0.06,2026-05-07 00:13:41
19384610-ca24-4839-ae67-f32088b9cf31,d18c20a6-3d64-42a4-b1df-2a8736e57583,708807,view,104,Mouse,Accessories,Nigeria,mobile,google,4,40,0.19,2026-05-07 00:13:42
c7d15956-bf01-459b-a672-e53982348d89,e40fc3b1-607a-4967-9d4a-58674bbfa0a6,555991,view,103,Keyboard,Accessories,Nigeria,mobile,organic,2,70,0.15,2026-05-07 00:13:43
55e2ad9e-6736-4dc8-805a-db194cc34b2d,da3d24a6-2516-4bb1-8d14-d9cf9805ac87,738567,view,104,Mouse,Accessories,Ghana,mobile,facebook,1,40,0.11,2026-05-07 00:13:44
03882b0a-2e37-4b71-932d-fd48203b52d4,9656505d-e901-4ea9-881d-45121bd8395a,794509,purchase,103,Keyboard,Accessories,Nigeria,mobile,organic,1,70,0.16,2026-05-07 00:13:45
5f9d4ded-6394-4f0a-9858-e0e24f81f272,9cba39ef-8e61-4d59-99bd-7a8590b1725e,7833,view,104,Mouse,Accessories,Kenya,mobile,organic,5,40,0.11,2026-05-07 00:13:46
e7941098-f8c9-44b6-af26-1aabc7f6ccdc,684e33ba-ca80-431d-a9b9-9af702a53da6,740761,purchase,103,Keyboard,Accessories,Nigeria,mobile,facebook,5,70,0.17,2026-05-07 00:13:47
dd7f20fe-6fb4-4ccc-825b-df0e6489ae4e,6b41a2df-7d9c-4e20-a5a5-225afcd4a26a,729,view,104,Mouse,Accessories,Ghana,mobile,facebook,2,40,0.01,2026-05-07 00:13:48
1fa9349f-25c4-4632-955f-7f027772f151,a201720f-00f0-4e6a-89f9-ba62a995c83a,847746,purchase,102,Phone,Electronics,Nigeria,mobile,google,5,800,0.03,2026-05-07 00:13:49
d0d015de-8e37-4a32-b72a-8215c1e00b06,ed3c4722-ddae-43e5-9d3a-a8e198bf94d7,913,view,102,Phone,Electronics,Ghana,mobile,organic,1,800,0.15,2026-05-07 00:13:50
4eb9730c-b6c2-4ac5-91a7-b501bd8c47a5,4d8b32cc-7944-46ed-9a0d-4d20e2eea596,665968,purchase,103,Keyboard,Accessories,Rwanda,mobile,facebook,4,70,0.02,2026-05-07 00:13:51
b16907be-8bf4-4761-9c8d-e39d1519d247,9e847759-2180-4536-940f-d913309fc90f,621543,purchase,104,Mouse,Accessories,Nigeria,desktop,organic,4,40,0.05,2026-05-07 00:13:52
65e0c1a2-e08e-4f36-ab80-e3c4af8a8cac,7bec5cd8-8eba-4d74-9f52-364a20624f5d,301,view,102,Phone,Electronics,Nigeria,mobile,organic,4,800,0.02,2026-05-07 00:13:53
d33b35c0-d7e2-4cae-9b4b-8b79fab4fd9e,243af1c4-9c0e-4fc1-8ffd-b8d6beccb6e7,715,purchase,104,Mouse,Accessories,Rwanda,desktop,google,2,40,0.03,2026-05-07 00:13:54
ae34547f-907e-4b88-b825-920bdd0fdd23,613a96ec-c188-424a-988e-f53bd3c006d8,354340,purchase,103,Keyboard,Accessories,Rwanda,mobile,google,1,70,0.16,2026-05-07 00:13:55
1ab5a465-1bfc-441a-bc16-9cb4517afc69,37fdee63-4e7f-467f-ad0a-68ec19999d63,675,purchase,101,Laptop,Electronics,Nigeria,mobile,facebook,4,1200,0.01,2026-05-07 00:13:56
877cc691-f86f-4c4d-aa49-611938090eb0,ece5414f-f481-47b9-a875-99b0626e9d16,647456,view,102,Phone,Electronics,Ghana,mobile,google,2,800,0.14,2026-05-07 00:13:57
8132b695-8f1d-4b1d-8f06-9c1c209083cd,0fd1a32d-3329-442f-a171-51b4f41c59a8,751479,view,102,Phone,Electronics,Nigeria,mobile,organic,3,800,0.1,2026-05-07 00:13:58
bb29c319-afdf-4d49-9f31-d9840c36156a,d3cab293-e85e-4357-864b-be9ed51f07fd,442714,view,104,Mouse,Accessories,Ghana,desktop,facebook,3,40,0.19,2026-05-07 00:13:59
55aa32c1-1bb8-4cfe-9820-9a776f7e9d80,d88cd303-a521-4ae4-855c-12680a80a526,711634,purchase,102,Phone,Electronics,Ghana,desktop,organic,4,800,0.09,2026-05-07 00:14:00
3d36f435-2215-49c6-96ab-42ad899a96d2,1ed62273-f3fa-45e9-a62e-11654fd1aea4,68700,view,101,Laptop,Electronics,Ghana,mobile,google,3,1200,0.02,2026-05-07 00:14:01
a93a2aeb-d521-40f1-b095-768a7b2a6730,e3c6f14b-dbda-4347-9e99-4881f92a9c7e,507,view,104,Mouse,Accessories,Ghana,mobile,organic,1,40,0.09,2026-05-07 00:14:02
6b5cd355-cdde-432a-8c16-3838cdd36af2,a0a08f2c-5935-4697-b964-9b37c32567ba,680168,view,104,Mouse,Accessories,Kenya,mobile,google,1,40,0.16,2026-05-07 00:14:03
bac85201-892a-4aef-8de3-4b9237790118,d7268652-778b-4beb-b705-52b9e36a0be8,233152,view,103,Keyboard,Accessories,Rwanda,desktop,facebook,3,70,0.13,2026-05-07 00:14:04
13f6c926-4fca-4cbc-8753-8bbc2882e4f8,f0520ba8-8546-41ba-b412-456767357de9,319,view,104,Mouse,Accessories,Kenya,desktop,facebook,3,40,0.2,2026-05-07 00:14:05
45966bc3-62e7-4d14-9bdb-9f1e6e262166,c67beeb8-1dd5-4ae2-ba3e-ecba876435c9,282252,view,104,Mouse,Accessories,Kenya,mobile,google,5,40,0.09,2026-05-07 00:14:06
a9ae8075-36e8-4688-8450-e92e90d10235,358366b4-0061-49a7-8e17-2d6846f1a747,121,purchase,103,Keyboard,Accessories,Ghana,desktop,organic,5,70,0.0,2026-05-07 00:14:07
6cea1d7c-f03e-4c3f-be40-dbc6186cf8f6,7a465fbe-e2e4-49be-8eb1-cb4e9b4257a7,631826,view,101,Laptop,Electronics,Ghana,desktop,facebook,5,1200,0.11,2026-05-07 00:14:08
b4d259b5-5d11-428a-872b-74b5d5984c16,25ba02bb-a3db-43d5-8b69-a222db5cf3e0,723,view,102,Phone,Electronics,Rwanda,mobile,organic,3,800,0.13,2026-05-07 00:14:09
9c126e6f-9e99-48cc-ab50-991da7abdfbf,e7fd94ee-05ba-44c9-9c25-a54ddc412ee4,836,view,101,Laptop,Electronics,Ghana,mobile,facebook,2,1200,0.2,2026-05-07 00:14:10
31e6edd6-f79c-4efc-bea7-2257fadd7a8f,db18f216-5345-4f2a-9076-f326cfbf8334,576,purchase,101,Laptop,Electronics,Kenya,mobile,facebook,4,1200,0.13,2026-05-07 00:14:11
eca1e96b-4194-47f0-82ec-dc951a56c00c,15a5e6c8-37ed-487a-92c5-3f2708d02761,741899,view,101,Laptop,Electronics,Kenya,mobile,facebook,5,1200,0.15,2026-05-07 00:14:12
80fcc265-04aa-4b3a-a586-bee06e704cf7,5911b678-c2c4-4e5d-8b7f-caae8533008c,606549,purchase,102,Phone,Electronics,Rwanda,desktop,organic,1,800,0.04,2026-05-07 00:14:13
a85b91d9-e1aa-4e58-85ed-988448959b10,4fac3572-00f6-4782-a5a8-5632f367cc83,264442,purchase,101,Laptop,Electronics,Kenya,desktop,google,1,1200,0.11,2026-05-07 00:14:14
be40903f-2476-4c2b-ac7a-6402f4b8f23e,f7f46137-7bd5-4484-89e4-79a17b5bf042,266051,view,103,Keyboard,Accessories,Rwanda,desktop,facebook,2,70,0.2,2026-05-07 00:14:15
fdb04272-a121-413f-8816-3c31a7d9b9ba,80ee637d-bf46-49b1-8e25-6746794d6d88,145,purchase,101,Laptop,Electronics,Kenya,desktop,organic,2,1200,0.18,2026-05-07 00:14:16
94ce6f3c-1221-4d37-a046-2e60566c2bfe,df2e2b09-8936-49bc-9da7-046fa39ab67b,688326,view,103,Keyboard,Accessories,Nigeria,mobile,facebook,3,70,0.19,2026-05-07 00:14:17
7b8ce407-ddf9-411b-886f-0838e031adb2,35e33ddc-6f0f-4225-a9ae-bc2f72f2f240,365937,purchase,104,Mouse,Accessories,Nigeria,mobile,facebook,4,40,0.14,2026-05-07 00:14:18
5290adf9-6f07-4970-bbdc-edbe8514da55,f442d58f-5459-4b40-92db-76dcfdb9604d,258826,purchase,104,Mouse,Accessories,Ghana,desktop,organic,2,40,0.11,2026-05-07 00:14:19
3be91828-e2a1-4549-a530-d385e129c849,ccf821e3-c7e8-43c7-a859-772ae16f0c21,580028,view,103,Keyboard,Accessories,Kenya,mobile,organic,5,70,0.14,2026-05-07 00:14:20
43fc2990-b858-4657-b96b-1401124df8c7,aeb431e7-b02a-4965-a820-ae50b377c6f2,901,purchase,101,Laptop,Electronics,Kenya,mobile,organic,3,1200,0.08,2026-05-07 00:14:21
9b5d997e-d0b3-464c-b6aa-173276256154,f7350a60-6787-47e2-b0e0-d1d996232d43,574082,view,102,Phone,Electronics,Rwanda,desktop,google,5,800,0.13,2026-05-07 00:14:22
4aec3e4d-fec3-4ff8-b826-8f099e8ee6ef,2dbf2a14-85b3-4be9-95cd-bea9924ba214,374718,purchase,104,Mouse,Accessories,Ghana,desktop,organic,3,40,0.01,2026-05-07 00:14:23
5a9f6153-85c1-4349-9c6b-0d6dfa742a9f,f85dd779-a247-4816-963c-47d7f42cd878,996181,purchase,102,Phone,Electronics,Kenya,desktop,facebook,1,800,0.01,2026-05-07 00:14:24
015719ac-4b51-48ff-8420-8ebe0b8ecce0,e6f4d6dd-e55a-46c2-b352-61686021e460,901,purchase,103,Keyboard,Accessories,Rwanda,mobile,google,5,70,0.17,2026-05-07 00:14:25
3f63af0f-ab32-4cac-a59c-f0e6db6bbe24,1f542916-4c46-4877-b18a-2bfa15eb346d,674609,view,102,Phone,Electronics,Ghana,mobile,google,4,800,0.03,2026-05-07 00:14:26
221ec550-9f4d-413c-b7b2-de6c50d177f9,96e133b0-8d96-43d9-a89d-45703fd06833,627096,view,104,Mouse,Accessories,Kenya,desktop,facebook,4,40,0.07,2026-05-07 00:14:27
237c5db5-6a76-4071-ae86-8f5da50c6d56,01c1b769-7a7b-4751-a572-f7c3ae540f87,686617,view,102,Phone,Electronics,Kenya,mobile,facebook,3,800,0.09,2026-05-07 00:14:28
aa33a76e-1950-497d-9ebd-3ea0876363c0,6f04a813-4dca-4bf8-a63f-a6b843887f74,119,view,104,Mouse,Accessories,Kenya,mobile,organic,1,40,0.09,2026-05-07 00:14:29
551b1670-0c5a-4aa5-a6f9-b620f7cd3a94,d4ca6cde-dc7a-491d-bd0a-077924ebcb38,422726,purchase,101,Laptop,Electronics,Ghana,mobile,facebook,1,1200,0.08,2026-05-07 00:14:30
715d4210-fc88-42e0-8c3a-33ba3984ee8f,d046d407-20af-48c4-b9d7-70b5e2a9fffb,484,view,101,Laptop,Electronics,Kenya,mobile,facebook,5,1200,0.18,2026-05-07 00:14:31
b7030618-3e73-4c38-ac50-0c8c319858ba,95d9f5cb-6b3f-470e-a658-a10272fa2dbe,4370,purchase,101,Laptop,Electronics,Rwanda,mobile,organic,1,1200,0.09,2026-05-07 00:14:32
7d15e2c2-07ec-4665-8afa-b27760b1af2c,34428735-2e98-4ca7-9121-69f865cf1c6c,579570,view,102,Phone,Electronics,Ghana,mobile,facebook,4,800,0.02,2026-05-07 00:14:33
908e67cb-35c0-44e7-a6f2-16014a892ca5,ae1cae05-17f5-43df-8e1c-3f9854cb37c5,236,view,101,Laptop,Electronics,Nigeria,desktop,google,2,1200,0.11,2026-05-07 00:14:34
5444ba04-b87a-4fb6-b731-700a1c5ef111,73273eeb-d9fb-4e8c-a60a-ca9643553601,374112,view,103,Keyboard,Accessories,Rwanda,mobile,facebook,2,70,0.15,2026-05-07 00:14:35
1012de6f-d4a6-4efa-a170-7d91324b82b9,8b7c806e-5de7-4b30-ad35-0310f0d39286,117,purchase,102,Phone,Electronics,Kenya,mobile,organic,1,800,0.01,2026-05-07 00:14:36
3919bba5-991e-42bf-8e88-4c659066a374,94f4323c-6e10-45a1-a095-d28dcece97c0,853435,view,101,Laptop,Electronics,Rwanda,mobile,facebook,2,1200,0.04,2026-05-07 00:14:37
6fb90515-7195-4206-af8c-68f765a6594f,0f3d4e20-794a-447f-a946-3c6db517f5ba,877743,purchase,101,Laptop,Electronics,Ghana,desktop,organic,5,1200,0.19,2026-05-07 00:14:38
eb4cf728-2547-4378-95ae-00e13761d0e7,9eb03543-4be5-43f1-9ae8-5aefd16c3d34,908,view,101,Laptop,Electronics,Ghana,mobile,google,4,1200,0.14,2026-05-07 00:14:39
1fde65b4-97aa-4678-b3e1-f6cd371a849d,201c5e21-26c5-4b36-adc3-cf657f7c40cd,752817,purchase,101,Laptop,Electronics,Rwanda,desktop,facebook,2,1200,0.17,2026-05-07 00:14:40
7f6d48a6-df0f-418a-a431-4b28ff5b028d,ad68f657-257c-4c30-8226-11805b5c4aa7,844497,view,103,Keyboard,Accessories,Kenya,desktop,google,4,70,0.14,2026-05-07 00:14:41
83c4636b-e06a-4686-852b-b9f4b2189842,46a3af6b-186c-413c-b606-ef9137294a47,165,purchase,101,Laptop,Electronics,Kenya,desktop,organic,4,1200,0.02,2026-05-07 00:14:42
f4df45c3-7dc6-4e45-95e5-0f8d2966e4b7,cd344bfe-ce20-4756-b1b2-8478b7792be5,850357,purchase,101,Laptop,Electronics,Rwanda,mobile,facebook,4,1200,0.19,2026-05-07 00:14:43
2bbf20e9-034d-4c51-b882-f36700063b07,6bbf806c-4c19-48a9-bab0-449b273da647,700015,view,102,Phone,Electronics,Ghana,mobile,google,2,800,0.01,2026-05-07 00:14:44
bed20c53-c501-4688-a617-d51b9f585379,d5c23a34-53d5-4d2d-9a7e-6286621e8972,694,view,103,Keyboard,Accessories,Ghana,mobile,google,1,70,0.01,2026-05-07 00:14:45
c0b5f207-326e-4e51-984c-a2b3138ebe0f,8449f9a5-15a7-4eb9-8379-fb74e467bfcb,377,view,104,Mouse,Accessories,Nigeria,mobile,organic,5,40,0.11,2026-05-07 00:14:46
efc9036c-3fa4-4fb5-b07f-6b415f954142,d3cc6b85-1bfd-4200-a6ce-ce2b489923f1,572,view,104,Mouse,Accessories,Rwanda,desktop,facebook,3,40,0.16,2026-05-07 00:14:47
6d94a1cc-46a6-4bd4-bcbc-a682d8f59212,6b8741cf-e68e-48e7-b0b2-8694aa187df7,318686,purchase,101,Laptop,Electronics,Kenya,desktop,organic,3,1200,0.01,2026-05-07 00:14:48
ef5892aa-d872-4c5e-b34d-e8d1fe117114,d46ac868-59f4-44f7-8cc5-f1597facecdc,270977,view,102,Phone,Electronics,Rwanda,mobile,google,3,800,0.08,2026-05-07 00:14:49
02d4c34d-2fd3-4b98-94bf-f193f09ddbf4,2c2108b5-5826-4a6b-a840-9fc5b7f2ffd5,900599,purchase,102,Phone,Electronics,Kenya,desktop,organic,4,800,0.09,2026-05-07 00:14:50
e6de05d1-6cf9-4662-82a6-e0b6835a2538,8d2960e5-1f03-4d35-bf17-14aba2200b94,427977,view,103,Keyboard,Accessories,Rwanda,mobile,google,2,70,0.15,2026-05-07 00:14:51
1cde1ff3-7520-4f9d-9988-e746c7ec1c36,82925d6f-e6f3-4ecc-a21c-53ea745cd5aa,908607,view,104,Mouse,Accessories,Ghana,mobile,facebook,2,40,0.13,2026-05-07 00:14:52
594f9c1a-936a-4e56-b76e-1a8fe6ef3fc9,27feac29-cf89-48de-8ed6-e6e212d60d12,302228,purchase,102,Phone,Electronics,Kenya,desktop,google,4,800,0.16,2026-05-07 00:14:53
8d872cbd-ca7b-47a2-adee-c7ad5eeeb3b3,6fe16907-fceb-42c9-9840-6d00e54a6e8b,299,view,101,Laptop,Electronics,Rwanda,desktop,google,3,1200,0.05,2026-05-07 00:14:54
3b3af7ba-1f62-4437-b650-017dd2708f0d,7f5bb35a-6322-494b-8c64-7456f4d6cf41,287481,purchase,102,Phone,Electronics,Ghana,mobile,google,1,800,0.16,2026-05-07 00:14:55
18f28615-239c-471e-a233-d0585e97c708,bcd39ea1-f897-4fbe-861f-d2667cfbd5ef,538,purchase,104,Mouse,Accessories,Nigeria,desktop,google,2,40,0.19,2026-05-07 00:14:56
be9ab2b7-9d93-4521-9aa1-7434750c84d9,d1f97362-3706-441f-80e2-0a956cd8ce75,585,purchase,103,Keyboard,Accessories,Ghana,desktop,organic,2,70,0.14,2026-05-07 00:14:57
c96fb937-325c-438b-9b59-679c1c35b23b,11f860f3-0004-4bab-ba46-6cd58bd49f2c,915324,purchase,101,Laptop,Electronics,Rwanda,desktop,organic,5,1200,0.1,2026-05-07 00:14:58
f0942955-3a74-44b7-9eb4-f3279dfeccd1,9a9272ba-91b7-4d73-b40d-f077e779a206,496146,view,102,Phone,Electronics,Kenya,desktop,google,4,800,0.06,2026-05-07 00:14:59
e1bcdc2e-458f-44da-87b3-805b39729080,6154eb9e-82ec-4041-93f6-64e7bb0bb622,518,purchase,101,Laptop,Electronics,Ghana,desktop,google,3,1200,0.05,2026-05-07 00:15:00
bf49a4ff-93c4-4dd4-a8d1-1e18c4faceb8,f9b66775-c7d4-4dab-8e4d-60f1fd4f3009,493348,purchase,102,Phone,Electronics,Ghana,mobile,organic,3,800,0.18,2026-05-07 00:15:01
d2d0ee70-a5ff-43e0-b015-850f2d7897e0,ce308896-811f-47b2-8469-b1be813a5a36,311387,view,102,Phone,Electronics,Rwanda,mobile,google,4,800,0.16,2026-05-07 00:15:02
451644dc-5fea-4f8c-b4d4-cb20954f4004,704e7bc7-a9cf-4f82-8dca-e0eed2ad42ee,603116,purchase,102,Phone,Electronics,Rwanda,desktop,facebook,1,800,0.18,2026-05-07 00:15:03
a4471083-332c-4625-8e48-c157f02b9164,c1155d6e-b97a-4e5c-94b4-e1de2eccd88b,876394,view,101,Laptop,Electronics,Rwanda,mobile,google,4,1200,0.05,2026-05-07 00:15:04
3e6777b3-99a1-4d27-8237-a5cf7d6e5f37,dba3102d-a49c-4050-9343-e5b64950919f,894,view,103,Keyboard,Accessories,Nigeria,desktop,google,3,70,0.0,2026-05-07 00:15:05
d8249809-2774-4805-9875-f6a1e1a98c47,d6359a74-fafd-48ca-9abd-1ce63b089c8f,752147,view,103,Keyboard,Accessories,Ghana,mobile,facebook,2,70,0.1,2026-05-07 00:15:06
0b59ce4f-9a63-4ac4-bd5d-a752f1f14f63,47d358a4-46a8-459f-ac48-bb90077ded5b,696569,view,101,Laptop,Electronics,Rwanda,mobile,organic,4,1200,0.09,2026-05-07 00:15:07
5546ac3f-95a8-4ff0-9d96-623b252daa78,a3d17205-3a43-4ba5-8323-bdd411203d23,842,view,101,Laptop,Electronics,Rwanda,desktop,google,1,1200,0.17,2026-05-07 00:15:08
4708de06-31b7-47d3-9729-c1b701b864cf,5b6f1422-dac6-4dd2-9c25-9d5719da740a,504507,view,101,Laptop,Electronics,Kenya,mobile,google,4,1200,0.19,2026-05-07 00:15:09
9aef38eb-ee70-4f2a-9e83-0501b8b225b3,4305556b-f83d-4ca0-b342-4c2e4d0dbcbc,563690,purchase,104,Mouse,Accessories,Rwanda,desktop,facebook,5,40,0.02,2026-05-07 00:15:10
d1d68879-968a-46c5-af11-2f60446223d3,c1d0ee5f-0861-433d-ae6d-49429db158d7,464093,view,102,Phone,Electronics,Kenya,mobile,google,3,800,0.16,2026-05-07 00:15:11
614f3aff-0360-496c-882e-9ffe3edd31b6,63978f14-bd60-49bb-95b8-e50db6d9806c,574697,purchase,103,Keyboard,Accessories,Kenya,mobile,facebook,1,70,0.08,2026-05-07 00:15:12
d12f84b9-5acb-4f48-b6f1-3c189657546a,fbdb2391-db9d-4ad1-b0f5-f2e1d8e4c72b,217135,purchase,101,Laptop,Electronics,Kenya,desktop,google,4,1200,0.0,2026-05-07 00:15:13
fe7129b2-b21f-47ee-abb5-c64eb7f95c7f,5488ea60-a346-4e35-aaf1-8a863fb71e53,89185,purchase,102,Phone,Electronics,Rwanda,desktop,google,2,800,0.12,2026-05-07 00:15:14
b2b4acc5-9f11-481d-9ed2-ed86e42f37a4,9c4cde39-5bec-4ede-a37d-64c618db3cb7,531752,view,103,Keyboard,Accessories,Kenya,mobile,facebook,4,70,0.0,2026-05-07 00:15:15
ee82a418-8ed9-43ec-832d-6cd98055206a,db4d8618-13ef-4f37-a296-62a30cb1833c,592306,purchase,103,Keyboard,Accessories,Rwanda,mobile,google,5,70,0.07,2026-05-07 00:15:16
b6f503b9-edd2-473a-afac-c470178f8536,50e691e1-5a0d-448f-92f7-0a5fa2cb6a36,848320,purchase,103,Keyboard,Accessories,Kenya,desktop,organic,5,70,0.11,2026-05-07 00:15:17
f71b3d1f-c75f-47b0-ab99-7c2d24aa90bd,953d5575-d3aa-4d82-a2dd-fd44484caaf0,514874,purchase,104,Mouse,Accessories,Nigeria,desktop,facebook,5,40,0.03,2026-05-07 00:15:18
9194ab23-3b93-49ac-98e3-97724d43a98f,bb5b4db7-c84c-4d16-8654-78cbc242e578,283,view,102,Phone,Electronics,Kenya,mobile,google,2,800,0.04,2026-05-07 00:15:19
f1dc4da0-c91d-48fa-88bf-a64690b97e9e,9fc1f747-a66c-4c4b-98e6-ff3d23870796,486705,view,104,Mouse,Accessories,Rwanda,mobile,organic,3,40,0.03,2026-05-07 00:15:20
02a604eb-ffe1-433b-86b9-6bb0a98839d1,7c8e742e-653e-4184-9f1b-3cee872af8e0,401270,view,104,Mouse,Accessories,Ghana,mobile,google,4,40,0.01,2026-05-07 00:15:21
e9081e1a-23ec-4fb4-ba10-35e3c652a57f,f3852854-9ed8-4567-90a9-d71b33e5c6da,872175,view,102,Phone,Electronics,Nigeria,mobile,organic,5,800,0.16,2026-05-07 00:15:22
3afb0e3d-ddcc-47a1-b7f5-3e29c94bb476,acb108a6-e8a6-4583-ad96-f576739b2cfe,631,purchase,101,Laptop,Electronics,Ghana,mobile,google,5,1200,0.1,2026-05-07 00:15:23
b2b62741-1573-4d03-9657-1ac95d8c3191,ec8b42b3-1c3c-4135-8b19-ee34561e5440,136,view,102,Phone,Electronics,Ghana,desktop,google,4,800,0.16,2026-05-07 00:15:24
aba7a187-1f7c-438c-8ab5-422f8c41b86c,33fdbf8a-c3fc-4d04-a5f4-e227389617c6,543510,purchase,104,Mouse,Accessories,Nigeria,mobile,facebook,1,40,0.19,2026-05-07 00:15:25
f351cc99-87d2-4102-98ad-73ed0328a885,6a91128c-528d-4698-a24f-d6cc794b9be9,922613,view,103,Keyboard,Accessories,Kenya,mobile,google,5,70,0.0,2026-05-07 00:15:26
133de03a-abb6-4129-ad42-46d472895cd0,589696de-6171-48cf-a4f4-8b0fba143e73,49337,view,103,Keyboard,Accessories,Rwanda,desktop,google,3,70,0.18,2026-05-07 00:15:27
02fabad1-6e51-43ff-8e2e-18e91a323f15,7aeefd0e-14eb-46fa-b79b-e34c66887037,884690,purchase,104,Mouse,Accessories,Ghana,desktop,facebook,3,40,0.02,2026-05-07 00:15:28
f5e10e53-f9e9-41ef-b3d9-dc0831528731,9c679a06-205e-401b-8b30-22d4ec060070,294775,view,101,Laptop,Electronics,Kenya,desktop,facebook,5,1200,0.19,2026-05-07 00:15:29
5b0ded97-2b11-4f74-880b-28d622403465,db421fdd-b312-4f90-a996-7f33639f8cef,890331,view,101,Laptop,Electronics,Kenya,mobile,google,1,1200,0.18,2026-05-07 00:15:30
99f97680-30a5-47d7-a643-e2248322a3ec,56d8ca29-e4b3-41ab-8d2c-18028552ea70,467,view,101,Laptop,Electronics,Ghana,desktop,google,1,1200,0.07,2026-05-07 00:15:31
33fb9874-00a0-4bdb-8fce-e99b887358bf,5b313335-dfb5-4973-a10d-99fb541d6927,115529,purchase,102,Phone,Electronics,Rwanda,desktop,organic,5,800,0.16,2026-05-07 00:15:32
a7db6e99-7676-46a1-a61b-abd62e1ebdfa,fd0ab0e6-a460-4a9e-8aea-d5c4af741a3a,961,view,103,Keyboard,Accessories,Nigeria,mobile,google,4,70,0.2,2026-05-07 00:15:33
11e48830-27bb-416d-894b-225ecd582d63,78b27f5a-0d15-482f-8fd8-e4573516665e,518131,view,104,Mouse,Accessories,Ghana,desktop,google,4,40,0.09,2026-05-07 00:15:34
0824ee51-2106-4636-bf35-6dee130221f1,fea7a13b-b834-4c75-88d1-f299124f6c95,822366,view,104,Mouse,Accessories,Nigeria,mobile,facebook,3,40,0.13,2026-05-07 00:15:35
b64c1197-3c1e-4225-ae5d-2dd0423ad894,d10be1e8-030e-48ff-90dc-9bde80e00f44,6,purchase,102,Phone,Electronics,Rwanda,desktop,google,2,800,0.18,2026-05-07 00:15:36
8c2e80fb-aeae-48b4-805c-883a5aed8243,cfb14c18-27f6-47b6-88f4-d328e3039841,848434,view,101,Laptop,Electronics,Ghana,mobile,organic,5,1200,0.13,2026-05-07 00:15:37
665641fe-08e7-4f29-ac0b-339872300ebf,c21c7452-cd29-447d-84a1-91c0c8b0fb13,785088,purchase,101,Laptop,Electronics,Ghana,desktop,organic,4,1200,0.17,2026-05-07 00:15:38
6ca5207c-ef3f-4e5b-8f94-786369b62e37,990b279e-f751-4934-81e9-dd23da2d4c03,339502,view,101,Laptop,Electronics,Rwanda,mobile,google,1,1200,0.12,2026-05-07 00:15:39
97b15a01-a374-4162-ae98-93b3c58e62f6,432f8cb7-a2f4-4887-ac61-056dc7448294,139348,view,104,Mouse,Accessories,Rwanda,mobile,google,1,40,0.1,2026-05-07 00:15:40
9da3b454-7e09-46c1-b906-1dcf460bc961,48093cd8-dbb3-4f2a-a936-9afc21de75f7,353088,view,101,Laptop,Electronics,Nigeria,desktop,organic,5,1200,0.04,2026-05-07 00:15:41
c01c9ab6-4dae-4dbf-8861-d3725788b68c,e8926c5b-232c-43d2-904a-4bb178bfc7a0,207125,purchase,104,Mouse,Accessories,Kenya,desktop,organic,5,40,0.11,2026-05-07 00:15:42
be921276-fb85-411f-ae2b-15f2b7beaf8e,0126167e-e3fc-4727-bab4-e6f767434575,530,view,101,Laptop,Electronics,Ghana,mobile,facebook,1,1200,0.13,2026-05-07 00:15:43
f07dc12b-bfa7-4621-9ce5-942c673eac1f,2f7fbe20-a54a-414b-8629-4de318cbf8a5,616,view,103,Keyboard,Accessories,Rwanda,desktop,google,3,70,0.16,2026-05-07 00:15:44
4281271f-580a-40ab-a697-ad9747589f59,1fdf9770-141a-454f-811b-941fada50e99,940299,view,101,Laptop,Electronics,Ghana,mobile,google,3,1200,0.01,2026-05-07 00:15:45
965b7fc1-d19f-46c3-943a-763d8dbe9fba,b6fee519-4ec7-4ca4-94a9-366ae5f73539,310967,view,101,Laptop,Electronics,Ghana,desktop,organic,5,1200,0.1,2026-05-07 00:15:46
85e8c9ee-7bfe-40b4-9faf-341e22d00800,00fd2fa4-e9dd-4d11-a53b-4f8a4f0b30d3,727116,view,103,Keyboard,Accessories,Nigeria,mobile,google,4,70,0.13,2026-05-07 00:15:47
feab51d2-b713-42be-bf9f-20fb0de01520,0393932d-5b8d-478b-804d-f02658e4aa8d,349,view,103,Keyboard,Accessories,Ghana,mobile,google,2,70,0.13,2026-05-07 00:15:48
1a67578b-55b3-4e71-b16a-c7ebb0d13523,2e5c189a-9fef-437b-ad67-662d72670cae,293,view,101,Laptop,Electronics,Kenya,mobile,organic,2,1200,0.09,2026-05-07 00:15:49
7930076e-11b9-4e8f-9eb6-5fb4e20f6467,e9956bc6-8c6e-4714-8c76-efbbb0b4ab49,783,purchase,103,Keyboard,Accessories,Ghana,desktop,google,2,70,0.16,2026-05-07 00:15:50
4f7172b7-19c3-488f-b35b-604862c366ec,df84b93a-89fe-4be7-8c1f-dd5c5e4bce9e,471259,purchase,103,Keyboard,Accessories,Ghana,desktop,google,5,70,0.1,2026-05-07 00:15:51
8b9b5de6-f2c9-4385-8939-ecef5448b99f,6f5ff5da-287f-46fb-b376-8a5a700e1090,270,view,102,Phone,Electronics,Nigeria,mobile,facebook,5,800,0.09,2026-05-07 00:15:52
6ed626a3-0201-4e92-b3a9-5a04f3ea0f6b,0fde2088-ddfc-4580-8ac8-0b51c30d5ccb,26073,purchase,102,Phone,Electronics,Nigeria,mobile,facebook,3,800,0.16,2026-05-07 00:15:53
8808a4dd-e31e-4e47-bdce-c6e8b0ea698f,8bc19dbd-c774-49c1-961c-865c4128f4e2,428917,purchase,101,Laptop,Electronics,Rwanda,desktop,google,5,1200,0.08,2026-05-07 00:15:54
c2121e0f-c45d-4b0e-a011-790a70ef610e,9b1e1fa2-aa57-45a0-9da5-bafff40a85d2,243,view,103,Keyboard,Accessories,Kenya,desktop,google,1,70,0.13,2026-05-07 00:15:55
f1f92111-8dbb-4561-8dd1-6416e82fe4b3,25c836f1-1288-44b3-a0e8-e94e7e9fd792,461,view,104,Mouse,Accessories,Nigeria,mobile,google,1,40,0.03,2026-05-07 00:15:56
5e2834d1-701e-458f-bb75-8500792367ee,9b752dc1-e3d0-4b68-809c-127fe53d0f92,707678,purchase,102,Phone,Electronics,Kenya,mobile,facebook,3,800,0.14,2026-05-07 00:15:57
7ba04914-9448-49ec-a5e8-8176c1780d55,507bbf32-185a-4fd1-87a5-7193104fc98d,70227,view,103,Keyboard,Accessories,Ghana,desktop,facebook,4,70,0.07,2026-05-07 00:15:58
a69298b8-4cf9-4ccd-aa92-37ddcb97e7a1,b6d858b9-55f1-4f0d-904a-7c9b5957786c,801,purchase,104,Mouse,Accessories,Rwanda,mobile,facebook,3,40,0.05,2026-05-07 00:15:59
34de9512-e156-4287-a486-1ea13d66edcf,6dfafce0-39ff-401d-a7f7-e05da1718f3c,91849,purchase,104,Mouse,Accessories,Rwanda,mobile,organic,5,40,0.19,2026-05-07 00:16:00
62f6011d-8f6e-4211-bc5c-915a3b5ffa5c,7f23a765-71a8-4ed5-bcac-c6b169fa146d,531,view,102,Phone,Electronics,Kenya,desktop,facebook,5,800,0.1,2026-05-07 00:16:01
e5dc9086-d881-484e-8713-a9ca6d48f34f,5f5c9a12-ce66-4718-834b-910f2b5c2a00,602533,view,101,Laptop,Electronics,Ghana,desktop,organic,2,1200,0.01,2026-05-07 00:16:02
9f881769-3fa5-43e5-a612-6c431d142b2b,c81b3e76-9f4e-4d29-815d-7b859c8e5b4c,351852,view,102,Phone,Electronics,Ghana,desktop,facebook,4,800,0.0,2026-05-07 00:16:03
7fd52006-8c85-4426-b7e3-ce6527efbb06,2e53867b-6537-44d2-825b-845c49346c16,644,view,102,Phone,Electronics,Nigeria,mobile,google,4,800,0.01,2026-05-07 00:16:04
8ccc7ae0-5207-4dad-84c9-342016a9a925,95087e14-4d97-42ae-9f82-4e09e3bfa70e,837,view,104,Mouse,Accessories,Kenya,mobile,google,3,40,0.0,2026-05-07 00:16:05
a5afb9e9-5eee-4812-8532-b77919360f87,f49e7750-18d1-4f01-9a29-c2388ec46a77,381,purchase,104,Mouse,Accessories,Kenya,desktop,organic,4,40,0.14,2026-05-07 00:16:06
d59ac02e-839f-4d8c-bad2-c42260e09f18,0737dc6c-636e-41b7-9b8d-92b2f751722f,458229,view,104,Mouse,Accessories,Ghana,mobile,organic,3,40,0.16,2026-05-07 00:16:07
9fdf3536-206d-443b-8986-5afe97acd2a5,af10e3f6-3484-4e52-b312-ce8306227b7e,718915,purchase,104,Mouse,Accessories,Kenya,desktop,organic,4,40,0.19,2026-05-07 00:16:08
3c168368-6283-436f-b4b7-6eb9eb489c21,e1030266-3e46-44ba-84a0-1d1879d91c86,975045,purchase,102,Phone,Electronics,Nigeria,mobile,facebook,3,800,0.02,2026-05-07 00:16:09
feb9f5de-f44a-4be3-ab16-b72951c38d53,6a9b89d9-9d38-4693-b8cc-0a168c648e85,769,purchase,102,Phone,Electronics,Nigeria,mobile,facebook,5,800,0.04,2026-05-07 00:16:10
1836c97f-a518-4f14-82a5-7abf2ceff77b,6c0bc0ea-ccb0-4995-86f1-7b95c6ad08b8,436,view,102,Phone,Electronics,Ghana,mobile,google,1,800,0.18,2026-05-07 00:16:11
90b83b1b-fc52-4bcd-85fb-fc7186137f7c,98fdc120-2a6f-4659-a234-1b7cb3d3fe69,220826,view,102,Phone,Electronics,Kenya,desktop,organic,1,800,0.08,2026-05-07 00:16:12
c0110ff8-7dc2-4e7c-a59d-0400df234595,4277d47b-c920-47f8-8d63-35f04eecfdee,733930,purchase,103,Keyboard,Accessories,Kenya,mobile,facebook,2,70,0.02,2026-05-07 00:16:13
2a554768-801e-48d4-8a65-c42599856b52,e82f1e02-5a20-441c-9330-f26556a5df2a,827550,purchase,101,Laptop,Electronics,Nigeria,mobile,facebook,1,1200,0.02,2026-05-07 00:16:14
bcdc35e2-0a05-40ef-a418-cb38e24352d7,6a74ae97-7296-47f6-9182-8344bf75383e,522909,view,104,Mouse,Accessories,Ghana,mobile,google,2,40,0.06,2026-05-07 00:16:15
290416b5-59e9-4557-97cc-581b39586dfe,914f51f9-57f1-4dcb-846b-e33537badf99,76432,view,102,Phone,Electronics,Ghana,desktop,google,4,800,0.01,2026-05-07 00:16:16
d3e4414b-d4dd-4046-87cd-a50effc05049,5cd6a825-46fb-4f23-8430-be57c3c495b3,906326,purchase,101,Laptop,Electronics,Rwanda,desktop,facebook,4,1200,0.04,2026-05-07 00:16:17
a0188092-3735-49e9-99bc-2473747bc571,d595790b-c15d-4519-90bb-8a324106819c,447231,purchase,103,Keyboard,Accessories,Ghana,mobile,google,4,70,0.11,2026-05-07 00:16:18
65a2b419-3c95-4719-8f28-e75e9d88859b,f63f5215-7cab-4384-a966-470967ba5908,461442,view,102,Phone,Electronics,Kenya,desktop,organic,5,800,0.19,2026-05-07 00:16:19
7ad4464d-1770-422c-90ee-152cc3e8bfed,9f6cec23-fa7a-4dda-83e3-7975ab143d36,237503,purchase,102,Phone,Electronics,Rwanda,desktop,google,1,800,0.14,2026-05-07 00:16:20
f52251f2-2968-4adb-847d-b440ee31db41,a56c1f2d-e354-4329-9fed-c218eec14190,534,purchase,103,Keyboard,Accessories,Rwanda,desktop,organic,2,70,0.17,2026-05-07 00:16:21
bd2f9a2b-4b94-4c9a-8f01-35c8e96a96d2,cd993bb1-17c8-4d78-91f4-0f353ac08992,934487,view,104,Mouse,Accessories,Kenya,mobile,organic,3,40,0.19,2026-05-07 00:16:22
839099bd-9d20-4c90-b7cf-e188f2e72d43,75708393-bf6a-4373-a474-8a7fbdde1203,495,purchase,101,Laptop,Electronics,Rwanda,mobile,facebook,3,1200,0.03,2026-05-07 00:16:23
06057216-85b9-4a42-93d9-ef2f8392482c,ef2a2fb0-5572-46c6-a5d8-79034d95f963,54176,view,103,Keyboard,Accessories,Kenya,desktop,facebook,3,70,0.09,2026-05-07 00:16:24
5a096d2f-7072-4193-9b2e-3df4daead7c5,2640575d-5657-4666-a5e8-72e12101eb5c,485,purchase,104,Mouse,Accessories,Kenya,desktop,google,4,40,0.01,2026-05-07 00:16:25
adb27212-c43d-4f24-a36a-128b1e8a4ad5,98a3d1a6-f176-4a99-a5e4-4a5d3a49e859,652058,purchase,102,Phone,Electronics,Ghana,mobile,facebook,4,800,0.13,2026-05-07 00:16:26
78783a2d-98fc-4bf1-b776-34458f8361ad,897ed920-7f1e-46ae-bfcf-4038f97826c1,113422,view,103,Keyboard,Accessories,Rwanda,desktop,organic,1,70,0.03,2026-05-07 00:16:27
9238996e-6129-466d-be84-ea0b01a3f1f1,fe3f4403-8dab-4453-8d01-410546ca23cd,533707,purchase,102,Phone,Electronics,Nigeria,desktop,facebook,2,800,0.16,2026-05-07 00:16:28
256edb84-deba-4f36-aefc-30e776d9820d,9411411e-3ce3-4404-a35f-a8cf23c9eeda,851,view,104,Mouse,Accessories,Ghana,mobile,facebook,4,40,0.04,2026-05-07 00:16:29
ace5b400-0735-4136-a190-6e487aab11c3,281d1aa6-6f9b-45af-aad6-1a23af381e78,784675,view,102,Phone,Electronics,Rwanda,mobile,google,5,800,0.13,2026-05-07 00:16:30
e285fd8f-5c80-4b55-a55a-d8e31a0a6e8d,c1dd61d1-2729-4b7b-baab-8c749df05d9c,132,view,102,Phone,Electronics,Ghana,mobile,organic,4,800,0.1,2026-05-07 00:16:31
30568efe-dcf5-4c93-a5d3-767aa44a6918,10572190-5a7c-4304-848f-4456e360ca91,255406,purchase,101,Laptop,Electronics,Kenya,mobile,google,2,1200,0.05,2026-05-07 00:16:32
936e1554-bd21-4a93-a20e-e3f9eac4ffe2,7fc03dee-a998-47a0-935d-3de0c8e6582e,720905,view,104,Mouse,Accessories,Nigeria,mobile,organic,4,40,0.14,2026-05-07 00:16:33
1d4aca90-10d7-4cbf-a920-9a6752d5029c,188e9acf-f6d6-40db-8e1d-9d819c3548f2,148804,view,101,Laptop,Electronics,Rwanda,desktop,google,5,1200,0.11,2026-05-07 00:16:34
a72c2ea9-37ef-418e-bafb-502c1e3e1579,6c5c88ae-977d-467b-bea8-8ac743ccb0dd,720224,purchase,104,Mouse,Accessories,Kenya,mobile,organic,1,40,0.05,2026-05-07 00:16:35
b5c09e8f-651e-40ca-9130-e7d38b312d38,204cba4a-891d-441b-8195-cdb8572b0e25,195416,view,103,Keyboard,Accessories,Nigeria,desktop,facebook,4,70,0.07,2026-05-07 00:16:36
77e9a9fd-712e-4713-9af5-2e6a1c1c902c,74a39e80-0533-44d1-9831-3648f0ca0e89,44382,view,103,Keyboard,Accessories,Ghana,desktop,facebook,4,70,0.02,2026-05-07 00:16:37
6cd7786d-d407-4745-a368-1ea6b2d80fbb,a8ccc2b6-1d93-4dc6-9a70-e6856bd6929b,609962,purchase,104,Mouse,Accessories,Nigeria,desktop,google,2,40,0.12,2026-05-07 00:16:38
a71f24db-a208-495c-a78a-ee9ed15845b5,d2db8a59-19f2-4dc8-b0d2-c38abb3d4c04,580872,view,103,Keyboard,Accessories,Ghana,desktop,facebook,3,70,0.16,2026-05-07 00:16:39
a31c6ea7-9d8b-4aa6-a13f-38913ea211f2,bd40e296-7e5f-47b8-8385-1c598f148e5b,942401,purchase,101,Laptop,Electronics,Nigeria,mobile,google,2,1200,0.15,2026-05-07 00:16:40
a96ac40b-39f7-4caa-99e5-8e5294f3fa27,4dc90797-11a6-4f99-be43-61c9ebb84c40,230654,view,102,Phone,Electronics,Kenya,desktop,google,3,800,0.19,2026-05-07 00:16:41
197b3a4e-e49f-4137-a9f9-236851cfe075,eaaa6097-4939-4272-8444-e65feaa71eec,233374,view,103,Keyboard,Accessories,Rwanda,mobile,google,2,70,0.05,2026-05-07 00:16:42
b875c522-a880-4757-86c2-3dcd0f95a8c4,bc9a5d22-d01f-4a28-968d-95f09194f776,652207,view,101,Laptop,Electronics,Kenya,desktop,google,1,1200,0.15,2026-05-07 00:16:43
98a61ed5-10f5-4951-b9a2-88c00e2aaa84,90aa4ae4-20d1-4d9d-985c-bdaef7936faa,312106,purchase,101,Laptop,Electronics,Rwanda,desktop,facebook,5,1200,0.16,2026-05-07 00:16:44
47209ec3-1fcc-4d63-beb1-837991fe64db,48e43abe-6763-40d7-9ab6-ca1c364c11be,280234,purchase,103,Keyboard,Accessories,Rwanda,desktop,organic,5,70,0.2,2026-05-07 00:16:45
d0974889-75c7-43df-951e-0266757a1a7d,dc834f46-9c65-465e-97d0-103024b3cce5,94835,view,102,Phone,Electronics,Ghana,desktop,facebook,1,800,0.13,2026-05-07 00:16:46
091dc146-d635-48b6-9a86-0965fe1a5c65,f5bd7eb3-6cf9-4849-bb31-33f6e3bcc077,829972,view,103,Keyboard,Accessories,Nigeria,desktop,organic,4,70,0.1,2026-05-07 00:16:47
368f48b0-5711-47bd-b598-e259d6d4f08f,082c1d6a-5571-4d2b-bc64-5c4335f84342,434,purchase,101,Laptop,Electronics,Nigeria,desktop,organic,2,1200,0.14,2026-05-07 00:16:48
cf23ff97-0afd-4cb8-9f5f-5cec39d2326a,3702c271-6c19-4db3-b465-bd52cdf1d3c7,274420,view,101,Laptop,Electronics,Ghana,desktop,google,3,1200,0.17,2026-05-07 00:16:49
a3e9e72b-3d41-43e3-bcc5-88bd95b8bdb9,d3ed00ee-a193-43b8-bb39-927e110c73de,305,purchase,104,Mouse,Accessories,Rwanda,desktop,facebook,3,40,0.14,2026-05-07 00:16:50
3aab8b2a-f7bd-4f4f-8764-09cdce55ddf5,34fac759-4886-45aa-a141-3bcbadd8347b,183903,purchase,101,Laptop,Electronics,Ghana,mobile,facebook,1,1200,0.15,2026-05-07 00:16:51
62d72130-5a27-4b6b-85ea-bc1ba7cfe6de,161f4410-4a89-4c0e-96ee-b6ebd2b221ac,996906,purchase,102,Phone,Electronics,Kenya,mobile,organic,2,800,0.08,2026-05-07 00:16:52
1d1e53bb-8691-42bb-9736-64ac5f953b08,ea756c45-b58c-4d07-be5c-b72474c01250,787522,purchase,104,Mouse,Accessories,Rwanda,desktop,facebook,2,40,0.12,2026-05-07 00:16:53
2efd0c76-e165-4996-920d-7c28839ff19f,5f23077f-5868-4878-bcaa-ed5644063ce4,98952,purchase,102,Phone,Electronics,Rwanda,desktop,organic,1,800,0.02,2026-05-07 00:16:54
a282baed-d3b7-4bd2-a673-565eac6ef820,f8a3d627-f88f-48ea-a66a-2ef8962111da,49,purchase,102,Phone,Electronics,Rwanda,mobile,google,3,800,0.09,2026-05-07 00:16:55
d594cda3-4d08-4981-83c3-6311373cdac9,72dd2065-7e0b-4548-8947-8f64575bf541,694,view,101,Laptop,Electronics,Rwanda,desktop,organic,1,1200,0.11,2026-05-07 00:16:56
d2e53646-6872-497a-af2e-d67164a8172c,62bb920c-eec9-49ca-b13a-06a650b178d1,935725,purchase,101,Laptop,Electronics,Kenya,mobile,organic,3,1200,0.2,2026-05-07 00:16:57
2e382c05-c565-46bc-9c26-e52a5924c71b,3d781b10-7a4a-47dc-a2ac-b9841c283e15,192905,purchase,104,Mouse,Accessories,Nigeria,desktop,facebook,3,40,0.13,2026-05-07 00:16:58
ccd8d0b0-0561-4567-a7dd-d3df7a339314,97555702-52f7-427e-888a-3b34aa45af3c,307,purchase,101,Laptop,Electronics,Kenya,desktop,facebook,3,1200,0.04,2026-05-07 00:16:59
03593892-014a-4da5-9949-0689c37ccf7d,0b985c96-654d-480e-a255-6af7f20c149c,91,purchase,102,Phone,Electronics,Rwanda,mobile,google,1,800,0.1,2026-05-07 00:17:00
8cd64174-fae8-4156-96c9-0a568b8319e0,b672bc2a-aeb7-49b0-9356-27abdebd5931,63,purchase,102,Phone,Electronics,Nigeria,desktop,facebook,2,800,0.12,2026-05-07 00:17:01
c167dcfb-2fc9-4a76-97c1-dcd22412bcf9,39d2270c-d4a7-4a9d-aa5b-df195c3e0154,83743,view,104,Mouse,Accessories,Kenya,mobile,organic,3,40,0.11,2026-05-07 00:17:02
43473996-c2ab-4a59-9d63-9922f6b26533,290b340f-d39d-4f4f-92fd-05e70f554662,119,view,101,Laptop,Electronics,Ghana,mobile,organic,3,1200,0.15,2026-05-07 00:17:03
21499084-5629-4b91-9c9c-a998d4ee1846,02763628-c0e3-4b5d-8455-171b7f6425e6,75,view,101,Laptop,Electronics,Ghana,mobile,facebook,5,1200,0.04,2026-05-07 00:17:04
e99a8dcc-0520-4712-859f-159737ef349c,91a9dcb4-daf1-41b6-9c0e-1b21f85661e9,817627,view,101,Laptop,Electronics,Kenya,mobile,organic,4,1200,0.02,2026-05-07 00:17:05
6a2a9f94-27f7-4420-84c3-0ad976ee1238,7876aa71-169e-4f5b-8ff9-210ec86be93c,503916,view,104,Mouse,Accessories,Kenya,mobile,organic,4,40,0.13,2026-05-07 00:17:06
3bb6dad5-7eb4-4e68-97fd-57931753f455,c499c49f-8020-45d2-a26f-7b055dae3bad,11,view,104,Mouse,Accessories,Rwanda,mobile,google,5,40,0.19,2026-05-07 00:17:07
49d9169e-7596-42d2-b6b3-be61e607de73,bae22908-b2a6-4ad8-8f65-f5da4350ba90,495549,view,104,Mouse,Accessories,Kenya,desktop,facebook,5,40,0.08,2026-05-07 00:17:08
5f6d6546-39b8-4bdd-a049-12827c50752a,8b97034d-2379-406b-a801-5552660c5245,374502,purchase,102,Phone,Electronics,Kenya,desktop,organic,5,800,0.14,2026-05-07 00:17:09
c7b91228-4b01-4cec-ad22-6faa6b5256d4,4361bc5c-dbe8-49e5-98bc-8c04871c8f1b,82668,view,104,Mouse,Accessories,Ghana,mobile,facebook,2,40,0.15,2026-05-07 00:17:10
8f96eb89-e50e-4875-b3c0-520c0266b869,c5cb58b2-0947-4511-b48c-91a2eacc5aff,970083,view,104,Mouse,Accessories,Ghana,mobile,organic,3,40,0.01,2026-05-07 00:17:11
1d21215b-a5d3-4ddf-9087-0c07d3b49cb3,9dfc73a2-d1ea-4729-ba50-5af668e8a1bf,337495,purchase,102,Phone,Electronics,Kenya,desktop,google,2,800,0.18,2026-05-07 00:17:12
7c6d37d7-97de-49f5-ad5e-4afbfb057c7f,47ddce86-a83c-40f6-80c7-d532ae342413,336,purchase,103,Keyboard,Accessories,Ghana,desktop,organic,5,70,0.05,2026-05-07 00:17:13
989ae85f-f0dc-468e-8cc8-2db36e99e16f,75c90de8-6b19-496b-8020-b7a751c0eba2,692600,view,102,Phone,Electronics,Rwanda,mobile,facebook,5,800,0.04,2026-05-07 00:17:14
dea9da67-ec5c-4355-81e0-4dfbc36d9db1,c1c563e5-73a8-4f65-8ce0-facdfecc155b,64134,purchase,102,Phone,Electronics,Ghana,desktop,facebook,2,800,0.09,2026-05-07 00:17:15
91a3b754-9dd7-471e-981d-43c6d5e64545,6f8aee7c-6219-4103-a6e7-26e30a1e7105,681216,purchase,101,Laptop,Electronics,Kenya,desktop,facebook,3,1200,0.07,2026-05-07 00:17:16
e2684a91-b6c0-4f5f-8653-7ada21b311ca,c88f8653-390e-495b-83a4-42dfe9c8454d,637119,purchase,103,Keyboard,Accessories,Ghana,desktop,facebook,2,70,0.11,2026-05-07 00:17:17
8dbfe541-c549-4ef8-aefb-f1ab45012782,2ee453e8-2cd9-42a8-b954-0d57892be45f,984055,purchase,103,Keyboard,Accessories,Ghana,desktop,facebook,2,70,0.12,2026-05-07 00:17:18
55e90d9a-78b3-4ba0-92c4-170806bb1631,edc4a07b-632e-4d14-942c-9b34fc7c1746,697,purchase,102,Phone,Electronics,Kenya,desktop,facebook,5,800,0.11,2026-05-07 00:17:19
4d9b0ca9-201a-4ad9-8422-8d7d36b436f8,25e4c687-e77a-47f9-8003-a2ab335df151,911,view,101,Laptop,Electronics,Ghana,mobile,google,4,1200,0.11,2026-05-07 00:17:20
c2111b9e-c4bb-483c-b4ff-29dc071ed9b4,1d2d195c-8c0a-488f-b677-1a3679614b19,208823,purchase,104,Mouse,Accessories,Nigeria,mobile,facebook,2,40,0.17,2026-05-07 00:17:21
7243c605-b7f9-481f-b610-92ea46afc0df,2f8624ca-531f-4c39-88b6-1da414f0af72,994067,purchase,104,Mouse,Accessories,Nigeria,desktop,google,5,40,0.09,2026-05-07 00:17:22
dda4a6ab-2333-4052-a257-4628fe1de6bb,234848e5-a9ce-455c-9fac-a0f1719fca58,733753,view,101,Laptop,Electronics,Kenya,desktop,google,1,1200,0.1,2026-05-07 00:17:23
f6aa6a86-c533-44cb-ac6a-da47d8d98247,2b9434ab-f11c-4c7a-92f8-22ee9c0c4772,571697,view,103,Keyboard,Accessories,Rwanda,desktop,facebook,2,70,0.05,2026-05-07 00:17:24
677eece4-6da0-4d1e-860e-653cf97e16e8,af166d1f-8b7b-43f8-a646-ef41f94bc0c9,33,purchase,104,Mouse,Accessories,Ghana,desktop,organic,4,40,0.09,2026-05-07 00:17:25
9ddaf6df-9a63-4053-acf5-7f552091d60a,d55f96b8-1659-4fcd-82c4-a76405d16efd,574986,purchase,101,Laptop,Electronics,Ghana,desktop,google,4,1200,0.01,2026-05-07 00:17:26
0ce333d8-acc0-4008-8b57-d2f587c5995d,8dc9d7c7-4f05-419d-891f-2664ba140bfc,135560,view,103,Keyboard,Accessories,Kenya,mobile,organic,3,70,0.2,2026-05-07 00:17:27
54ce0c16-c9a8-4ccc-88d1-fe86a89a04c6,a4c1ef0f-617e-412d-b4f3-bd6594362e84,212644,view,103,Keyboard,Accessories,Kenya,mobile,facebook,5,70,0.03,2026-05-07 00:17:28
428bd3eb-81ea-407a-a59d-4793a3c72f51,571ae824-5059-43a3-b401-96b9a72c4632,515186,purchase,102,Phone,Electronics,Kenya,mobile,facebook,3,800,0.02,2026-05-07 00:17:29
56f19906-9f31-44a0-bd95-6e1d25d76805,5cb55851-a574-43b0-8ebb-b18253f7b067,811096,view,102,Phone,Electronics,Nigeria,mobile,organic,5,800,0.18,2026-05-07 00:17:30
af7ce463-2bed-417d-b148-27291cce2dcf,b7d1a21a-39b5-4cd9-ae98-d2c4966a38b4,334,purchase,101,Laptop,Electronics,Nigeria,desktop,organic,2,1200,0.01,2026-05-07 00:17:31
c1792deb-c116-45b6-afdb-8dbe8fcafcf4,311967d3-a559-468d-959b-027e181cdbac,881385,purchase,101,Laptop,Electronics,Kenya,desktop,organic,2,1200,0.14,2026-05-07 00:17:32
ffaa00f5-d63f-4b10-9398-f7342b245858,d9d2305c-385f-4671-8085-3f1267ff279d,905045,view,101,Laptop,Electronics,Ghana,desktop,google,3,1200,0.12,2026-05-07 00:17:33
0f418de1-9b1c-4d63-8d34-c4915255ab0a,cfbd9355-586d-4150-a7ef-f8b4071fd2f9,744136,view,104,Mouse,Accessories,Kenya,mobile,google,1,40,0.18,2026-05-07 00:17:34
f94e18ba-6ee8-498f-93d4-50f15a853626,d3ef1883-2d73-44ec-8776-6a169f9346e5,934433,view,102,Phone,Electronics,Rwanda,mobile,google,5,800,0.13,2026-05-07 00:17:35
fa09c4de-0982-4693-9893-b8eceabc4d3f,5e90f0dc-c2d7-4ea3-8dde-7aaec8d6a6bf,834,view,103,Keyboard,Accessories,Nigeria,desktop,organic,2,70,0.05,2026-05-07 00:17:36
39f3a8f8-ad8d-462b-9f74-cdfb3a637a98,0818bec2-c994-43b5-812e-e22ff4646d21,809,view,103,Keyboard,Accessories,Ghana,desktop,facebook,4,70,0.04,2026-05-07 00:17:37
45b40a54-d74c-414e-80fd-07723da32571,b11d63bd-8d96-4c16-b802-edc7f060bd7c,568,view,104,Mouse,Accessories,Rwanda,mobile,organic,4,40,0.08,2026-05-07 00:17:38
b81c23e7-351e-4b1e-b3cb-b6a4a0f73d79,2e7cc8de-76fa-4620-9914-82c477f91c7a,102,view,102,Phone,Electronics,Ghana,mobile,organic,5,800,0.08,2026-05-07 00:17:39
022b768c-f8fc-454f-a5d2-94cbd6041a04,3b674121-5815-44f4-80c2-dd178b77575f,976415,purchase,101,Laptop,Electronics,Rwanda,mobile,facebook,3,1200,0.09,2026-05-07 00:17:40
5165155d-7802-4231-a54c-1bec18ce5de5,ef57302f-0c96-454e-84e1-e32e3a9bb372,893989,purchase,103,Keyboard,Accessories,Rwanda,mobile,google,5,70,0.12,2026-05-07 00:17:41
2ab7d1ae-6da2-4812-ba5c-95b15b355a62,9b58d47b-62cb-4076-ad89-5496f8290df1,735333,purchase,103,Keyboard,Accessories,Rwanda,mobile,google,5,70,0.07,2026-05-07 00:17:42
6cd802d2-cc69-425f-a1f3-34d6e460fee8,ce4e4200-13b2-4707-823c-b8bd296a3ed4,782,view,103,Keyboard,Accessories,Ghana,mobile,google,3,70,0.08,2026-05-07 00:17:43
650d5f93-5354-4337-90ec-8861305c39c3,6ec12d1d-c8ac-4e19-b0ed-8e329b61fec2,291191,view,103,Keyboard,Accessories,Rwanda,mobile,organic,5,70,0.18,2026-05-07 00:17:44
9b6036f1-cdea-483d-b1ab-0fc1ea75b842,4085d392-39a7-4954-baed-38a02a4eb6f8,760861,view,103,Keyboard,Accessories,Rwanda,desktop,google,2,70,0.16,2026-05-07 00:17:45
b3b93ed3-f281-4e20-90f9-4df56631bca6,9209618a-1b0b-4c2a-9eb7-129228e5ad07,794836,view,102,Phone,Electronics,Kenya,mobile,google,3,800,0.08,2026-05-07 00:17:46
a0f811fc-d811-47b3-9d12-b696992c6ce5,29b3ddc1-84bd-4f42-966d-188965502ba8,775,view,104,Mouse,Accessories,Nigeria,mobile,google,3,40,0.05,2026-05-07 00:17:47
23c291b7-f61f-4018-bcd0-365617fda1d6,e09bd067-0abd-4d70-9345-496a18b48793,210163,view,104,Mouse,Accessories,Rwanda,mobile,facebook,1,40,0.12,2026-05-07 00:17:48
a25b20dc-a2d7-4c5c-8e05-6edcdca46551,1603a50d-5196-4e2c-8703-ddca0ae017fd,807678,purchase,101,Laptop,Electronics,Nigeria,desktop,organic,5,1200,0.05,2026-05-07 00:17:49
f03fa41f-7551-4fbf-a984-20f2c64dc83f,4af6ae9a-695e-4609-9404-73a479459b8c,402828,purchase,103,Keyboard,Accessories,Nigeria,desktop,organic,3,70,0.19,2026-05-07 00:17:50
2e361733-3447-4e74-a4db-1fe518d0d5c9,48ed6750-479e-41e3-909c-2bda83395261,918633,view,101,Laptop,Electronics,Kenya,mobile,organic,2,1200,0.16,2026-05-07 00:17:51
4d2b984d-e8b8-4931-84d8-579530da0fb2,f479bcdd-2176-4807-81bb-eade3398ce71,345,view,101,Laptop,Electronics,Nigeria,mobile,google,1,1200,0.19,2026-05-07 00:17:52
7e6ebbf2-114a-412d-98db-f0380cf473ed,41e41418-cbc3-471e-9717-9b6182f48abd,249988,purchase,103,Keyboard,Accessories,Kenya,desktop,organic,5,70,0.05,2026-05-07 00:17:53
0f78dc8e-a824-4da5-a4d0-c8dd6783e33f,13389d5b-dfc0-4b35-9ac8-3657f5bf3fe0,915220,purchase,103,Keyboard,Accessories,Kenya,desktop,organic,5,70,0.05,2026-05-07 00:17:54
8cdb5b4e-76d2-4598-b9df-10c927d93788,d86163a7-3bbd-4292-89e4-8ecfaf4e6ad1,738,view,102,Phone,Electronics,Ghana,mobile,organic,5,800,0.09,2026-05-07 00:17:55
429263f3-e7a9-4dba-aca7-6957d939e91a,7475a3ec-dab3-4a8b-8ea3-98df24cd89cd,850618,view,103,Keyboard,Accessories,Rwanda,mobile,google,1,70,0.12,2026-05-07 00:17:56
3829a80f-2c56-4bed-b3b0-85b8fe8b8945,8a248394-2925-4fb7-9413-5097ddac9e89,23,view,102,Phone,Electronics,Kenya,desktop,organic,3,800,0.04,2026-05-07 00:17:57
d902647f-1b84-4033-b317-4492aaf4c1a2,83f7da63-cf85-4d71-897a-f1ac4169db7e,567,view,104,Mouse,Accessories,Rwanda,desktop,google,3,40,0.15,2026-05-07 00:17:58
58ecfb59-f331-4591-82dd-63b889aca1db,cdeb009e-792e-478c-9d88-8d1c167878c0,932340,view,102,Phone,Electronics,Ghana,desktop,facebook,1,800,0.09,2026-05-07 00:17:59
419fb94a-a0e2-4dde-bfc3-e005472339a1,f5e45d02-24a3-44c3-be9f-774a73174de3,198383,purchase,103,Keyboard,Accessories,Ghana,desktop,google,2,70,0.09,2026-05-07 00:18:00
e815b094-3edb-4935-8456-95b53afadf91,3496f309-bd76-4840-b1cb-c43aad3dc13d,144283,view,101,Laptop,Electronics,Kenya,mobile,google,3,1200,0.19,2026-05-07 00:18:01
f6453aa9-c636-46db-953e-ca9fbd5bae78,1a41dcfc-c1f7-48ab-82d3-c4cd4a1cdcc7,537,purchase,103,Keyboard,Accessories,Kenya,desktop,facebook,4,70,0.17,2026-05-07 00:18:02
2c2fd993-cc5f-44e8-af02-f08af327e3e5,d1fe3e2f-515f-473d-9f1d-c5fcc68ee2f6,375,purchase,104,Mouse,Accessories,Kenya,desktop,organic,4,40,0.18,2026-05-07 00:18:03
9175e169-7207-47af-aef4-af93b4fef06d,d72bc871-3b0c-4465-aef1-7e2cf54af878,512364,view,102,Phone,Electronics,Ghana,desktop,google,3,800,0.14,2026-05-07 00:18:04
c4bb1d62-d3a1-4719-86b3-fde7f42e0230,45edba17-559f-4244-b19c-ad543035e97f,992549,view,104,Mouse,Accessories,Rwanda,desktop,facebook,3,40,0.17,2026-05-07 00:18:05
25400957-5804-49c5-9797-f400e98df258,344697fa-afb0-4725-8004-c02ee60c9eaa,117096,view,102,Phone,Electronics,Kenya,mobile,google,3,800,0.18,2026-05-07 00:18:06
65c425e1-8c6b-4f0f-b234-9874caf4cd6e,58f59b5b-b89c-4d16-812f-080877814f53,154,purchase,101,Laptop,Electronics,Kenya,mobile,facebook,1,1200,0.11,2026-05-07 00:18:07
f0b76d26-469e-414e-bb04-c7c667672f9e,ee6fa129-f0c0-457c-8c92-10baa55066b3,80659,purchase,104,Mouse,Accessories,Kenya,mobile,organic,4,40,0.07,2026-05-07 00:18:08
c0a6d070-2a35-42fc-9e54-717dd97fda72,f640dbdb-bc64-47a7-aa89-7d96261f337c,486975,purchase,102,Phone,Electronics,Nigeria,desktop,facebook,1,800,0.04,2026-05-07 00:18:09
94e42316-309f-4a5f-957f-a5458f392261,be5f4613-804d-4e1b-9add-a39b3c107cc3,556012,purchase,102,Phone,Electronics,Nigeria,mobile,google,4,800,0.13,2026-05-07 00:18:10
21029000-e3ed-4861-b061-95dae705fb8c,10198434-41c6-46f9-9d86-7716369b5195,600328,view,103,Keyboard,Accessories,Rwanda,desktop,facebook,4,70,0.14,2026-05-07 00:18:11
5a63b9b7-4d87-441f-a5e6-fefc50dfc5d9,2dbad629-d871-4557-a62a-d1d9b30cf4a7,913923,purchase,102,Phone,Electronics,Ghana,mobile,google,4,800,0.01,2026-05-07 00:18:12
a129243c-0aa6-492b-84a0-174548a18209,84a9b742-ffda-4a18-b73d-15ace4c194e3,631,purchase,103,Keyboard,Accessories,Rwanda,desktop,google,5,70,0.15,2026-05-07 00:18:13
2fde8e1f-ec0c-4553-b0de-43e2372b3728,a36d5c2f-763e-4012-9756-52b0307a2346,879,purchase,103,Keyboard,Accessories,Kenya,mobile,google,1,70,0.04,2026-05-07 00:18:14
0bdc362e-4d81-4f9e-a94c-e5c1cee63cdb,30b602f8-8477-450e-90d6-f5f7f335b86b,606933,purchase,103,Keyboard,Accessories,Nigeria,mobile,google,1,70,0.05,2026-05-07 00:18:15
f3b6e18b-45c7-45d9-a1a1-81fe7d099ec8,d73b16bc-daa8-4103-b7d1-fd4c1f68f2a6,24,purchase,101,Laptop,Electronics,Kenya,desktop,google,5,1200,0.12,2026-05-07 00:18:16
911028e3-3cbe-472d-9b70-6edc4f918b4b,ab83fdbd-461b-402e-a4c3-2b313510d45b,135016,view,101,Laptop,Electronics,Nigeria,mobile,google,1,1200,0.09,2026-05-07 00:18:17
b21ce4e4-06a4-4c06-ace4-f24bf45cb0f9,ed91b670-527a-4aff-abfa-6dfb81615633,865213,view,101,Laptop,Electronics,Nigeria,mobile,google,5,1200,0.04,2026-05-07 00:18:18
bae96f88-8d15-4e02-9296-534400c45d2f,62b56dbc-d3da-4d13-8b26-b0aba72a966f,530799,purchase,101,Laptop,Electronics,Kenya,mobile,organic,3,1200,0.0,2026-05-07 00:18:19
ea86d381-8c0b-4df1-b06b-e5dcd00ea7ef,72a922fb-a144-4bea-b47c-3cda38bb0ec3,956465,purchase,101,Laptop,Electronics,Rwanda,desktop,organic,5,1200,0.09,2026-05-07 00:18:20
04b44baf-db96-470c-b54a-71f8bbe42ff4,a18b3cd5-ae78-4191-8bbe-a2441736e226,790821,purchase,103,Keyboard,Accessories,Rwanda,desktop,facebook,3,70,0.04,2026-05-07 00:18:21
f9f92137-6088-40e1-b2b1-c28fbc893e50,a20c1a36-bf79-43dd-8551-af43e42cbf2c,518542,view,102,Phone,Electronics,Kenya,mobile,facebook,4,800,0.0,2026-05-07 00:18:22
5ac2af79-e6ba-4627-9c1c-a46f512c6f9f,36db0bb5-0248-4105-886d-4c7bc785ec87,248134,purchase,102,Phone,Electronics,Rwanda,mobile,facebook,3,800,0.09,2026-05-07 00:18:23
9ef75cfa-cc91-4194-9dd1-e0a7c32f69c9,af63c6ef-509f-410f-a969-8e74ed67e45f,899058,purchase,101,Laptop,Electronics,Ghana,desktop,google,5,1200,0.06,2026-05-07 00:18:24
46af80af-bb12-4629-8af0-6739b1d3c27c,f5f4ceaf-b371-4c45-b5b5-5eb15c627203,972367,purchase,101,Laptop,Electronics,Ghana,mobile,google,2,1200,0.2,2026-05-07 00:18:25
9e7f88a2-63f8-4397-959e-8fcbb0c3f105,b716de7e-20c7-45d6-b9fc-729cbfcd9c65,146,purchase,104,Mouse,Accessories,Ghana,desktop,google,3,40,0.16,2026-05-07 00:18:26
90c9f3e1-4ce3-40e1-a53d-09c668ffb5cc,a24373ce-9900-46bf-b9ba-4e29111c4928,650594,purchase,101,Laptop,Electronics,Nigeria,mobile,google,3,1200,0.07,2026-05-07 00:18:27
91ba6e69-66d1-4f7a-ae32-d1141166699f,ca2dd69c-53ab-4fcc-89de-88977ee79d99,342,view,101,Laptop,Electronics,Rwanda,desktop,organic,5,1200,0.01,2026-05-07 00:18:28
f3121984-930b-4cc6-b1e1-5c880bcfad29,7d1761d1-c7cd-4acb-b947-5e3bde850048,591539,view,103,Keyboard,Accessories,Nigeria,desktop,facebook,5,70,0.16,2026-05-07 00:18:29
642c84a7-0ac5-4e1d-9ee0-4f79afdcb365,8d6cb48d-1811-4b5b-8607-63be98d1161c,786,purchase,104,Mouse,Accessories,Nigeria,desktop,facebook,4,40,0.17,2026-05-07 00:18:30
5342a9b3-5dd3-4d37-94fa-cb698edd8618,8b47c9e9-9978-4277-a5c0-22fa668960a9,992249,purchase,104,Mouse,Accessories,Rwanda,mobile,facebook,5,40,0.12,2026-05-07 00:18:31
97cf2681-c71d-40eb-aa1f-30f1b45bf02d,a59e6278-e8e5-43c0-baa2-6d1053adb2d2,241529,purchase,104,Mouse,Accessories,Ghana,mobile,google,2,40,0.14,2026-05-07 00:18:32
f4edfa3d-a4f3-4668-8750-efd35f73244d,aec42e94-557c-45d9-9d1c-c4b11dd4e284,31609,view,101,Laptop,Electronics,Ghana,desktop,organic,3,1200,0.02,2026-05-07 00:18:33
3bfd4acc-2a99-4554-9594-5ab3bcaa74b9,c72e73b1-c3d7-4af4-b284-fbae33220e00,343,purchase,101,Laptop,Electronics,Rwanda,desktop,google,4,1200,0.03,2026-05-07 00:18:34
2cc873f7-c832-4122-8526-a07e2df60775,39ee2260-442f-4ba3-b640-be098cbba34c,842,view,104,Mouse,Accessories,Rwanda,desktop,organic,5,40,0.08,2026-05-07 00:18:35
4dc03634-8adb-4547-9ac5-d79c05621c18,d5e8b492-9154-487f-9c22-3be728796751,325,purchase,102,Phone,Electronics,Nigeria,desktop,google,5,800,0.18,2026-05-07 00:18:36
0cc01a38-3136-47c6-8797-8e26954b8619,59524445-8526-4c15-a76f-2685773d01f8,815796,purchase,101,Laptop,Electronics,Ghana,desktop,facebook,3,1200,0.09,2026-05-07 00:18:37
d04b7fb7-96f9-489b-a5bc-c57e8b2f3685,67713ae2-05c6-4868-a06e-15f94ab65b22,653158,purchase,104,Mouse,Accessories,Rwanda,mobile,facebook,2,40,0.19,2026-05-07 00:18:38
75bd05c2-cb8e-4f23-ab59-299e19ddd4a3,ec71d295-6dc3-49fb-afd4-b2a0b52582d7,465788,purchase,101,Laptop,Electronics,Ghana,mobile,organic,5,1200,0.03,2026-05-07 00:18:39
cacca7fa-bca7-4711-8ea5-f2d85072b715,47a2bd5b-e672-49e6-bdd7-b9f4e088456a,779300,view,103,Keyboard,Accessories,Rwanda,mobile,organic,5,70,0.06,2026-05-07 00:18:40
5e149432-c6af-41c4-8307-5245e6be7be2,1c914c8f-f2c0-4d1d-9b05-2e5dc5121824,447,view,101,Laptop,Electronics,Ghana,desktop,facebook,3,1200,0.01,2026-05-07 00:18:41
d4bed6fc-cc65-47e7-bb9a-600bcaad0726,4622274b-07c8-4ff4-b438-3b497539b8fa,568433,view,104,Mouse,Accessories,Rwanda,desktop,google,4,40,0.06,2026-05-07 00:18:42
ac95dfca-7836-4ca4-8eab-788cf4ac7dd1,4d91a41c-2c2c-4d76-9872-2eb821eb8080,249448,purchase,101,Laptop,Electronics,Kenya,mobile,facebook,5,1200,0.1,2026-05-07 00:18:43
c7db47f8-7354-47dd-aa09-c87dbc2399b7,af06fea2-4347-40c9-aa0a-b28e39515421,77,purchase,104,Mouse,Accessories,Ghana,mobile,google,2,40,0.09,2026-05-07 00:18:44
8c18001c-15f2-467e-a4de-07028d55e6b4,30effa54-357e-43ab-9911-2a6882b02f34,321,purchase,101,Laptop,Electronics,Nigeria,desktop,facebook,5,1200,0.13,2026-05-07 00:18:45
b57a307d-49e0-45be-a5ac-6e10af72264d,733a8175-e519-4ffa-9ec5-6a270d292e54,751493,view,103,Keyboard,Accessories,Kenya,desktop,facebook,1,70,0.09,2026-05-07 00:18:46
8afbc155-09e3-4bc1-b4b0-ee04bf1be2b9,aac2ace4-72a6-4bea-a3bb-d67ac40f3237,255462,view,101,Laptop,Electronics,Nigeria,mobile,facebook,4,1200,0.19,2026-05-07 00:18:47
732979eb-b30c-4646-ad73-b20f07f85720,8ff4de27-4354-4602-8b8a-5827fc9716f5,560629,purchase,102,Phone,Electronics,Kenya,desktop,organic,1,800,0.01,2026-05-07 00:18:48
821a669c-2c87-4ae7-b866-9ca8e019a5f7,7120d5a0-0b90-4358-b2de-9c4debeb8728,950943,view,101,Laptop,Electronics,Rwanda,mobile,facebook,4,1200,0.17,2026-05-07 00:18:49
e942d87e-a018-4f2b-a327-0cfff16caa9d,708ab70d-f6dd-473d-8472-b2f2d5f80cd1,950183,view,101,Laptop,Electronics,Nigeria,mobile,organic,5,1200,0.0,2026-05-07 00:18:50
f011c061-f706-453b-b31e-47027e4671a6,03e84793-db34-4159-a856-d02f90006c31,197,view,103,Keyboard,Accessories,Rwanda,desktop,google,4,70,0.12,2026-05-07 00:18:51
7455e008-9ed2-4fa6-afcd-a6b67865abde,dd4479d4-9dea-45a9-8cef-9aee84c75785,562801,purchase,102,Phone,Electronics,Nigeria,mobile,facebook,1,800,0.09,2026-05-07 00:18:52
3805e580-69fb-4934-adce-b20173057ea4,bc87c0bb-b8d6-450d-a2b2-9ed0fcb90f8e,541,purchase,104,Mouse,Accessories,Ghana,mobile,organic,1,40,0.19,2026-05-07 00:18:53
9678926e-6458-47a3-af7c-75ff0d6ea7e3,d2fbe861-c40b-4183-884c-bbf1accfd933,691,view,103,Keyboard,Accessories,Ghana,desktop,facebook,2,70,0.06,2026-05-07 00:18:54
ea4e6435-2376-4924-af94-25ef383d0e7f,815bdc75-81d6-48c4-a1aa-5a12781b66bd,428,view,101,Laptop,Electronics,Rwanda,desktop,organic,5,1200,0.15,2026-05-07 00:18:55
69e0bb45-e387-4263-942c-47b3e5dda3d6,6b8a9629-6652-48ee-90fc-098856e2ff03,610823,view,104,Mouse,Accessories,Ghana,desktop,organic,5,40,0.2,2026-05-07 00:18:56
12024a98-2a11-4063-b50f-0c4025dc733c,f33b88ec-0f0c-4763-b416-5807ce6b296a,198887,view,103,Keyboard,Accessories,Rwanda,desktop,organic,3,70,0.2,2026-05-07 00:18:57
518f56b0-24db-4d21-9d8d-85e30169732f,54cea839-7aae-4db2-a7fb-386a49f598a6,948582,view,104,Mouse,Accessories,Kenya,desktop,facebook,4,40,0.01,2026-05-07 00:18:58
a00f2646-ea48-498f-bf96-f0e26253ab7d,32f70f68-f380-4db7-b5cf-418c0060f78d,327477,view,103,Keyboard,Accessories,Kenya,mobile,organic,2,70,0.13,2026-05-07 00:18:59
bd23374e-acfe-4d46-8a65-cb8d24852eb8,dd998ea7-3fe5-49d4-9564-6c5e37f4ed71,119482,view,101,Laptop,Electronics,Ghana,desktop,google,5,1200,0.14,2026-05-07 00:19:00
823f28d9-8256-4b31-bac0-8eabb23e34ab,22cf82a8-52a9-4aec-84f2-9f5d52bf6778,51,view,104,Mouse,Accessories,Ghana,mobile,google,1,40,0.06,2026-05-07 00:19:01
316cbf45-aff9-4cfa-8d96-e0920404b05a,f6c23e9e-7f23-4ca4-a026-802b9bdab864,615,view,102,Phone,Electronics,Ghana,mobile,google,2,800,0.09,2026-05-07 00:19:02
55b4aad9-1b86-44cf-b056-173e53b11af6,d4c32f47-2dd6-4ea9-86cb-c90b28040cfb,267,view,101,Laptop,Electronics,Kenya,mobile,facebook,5,1200,0.01,2026-05-07 00:19:03
d3ea62ec-dbb0-4be0-91e8-c2db844e46af,a18c49fb-37d4-4a35-9de4-f5fc6fdcd0cc,126962,purchase,103,Keyboard,Accessories,Kenya,mobile,facebook,4,70,0.12,2026-05-07 00:19:04
60de9f02-5a79-4e5e-9709-3cf33ee0d277,64f3ff5f-f980-45fe-b25b-196bdce74af3,297499,purchase,104,Mouse,Accessories,Rwanda,desktop,google,3,40,0.14,2026-05-07 00:19:05
8db7cf35-09df-484c-ad69-9040004d7b7c,3ef8730d-73ac-432e-9677-97ded1603254,288717,view,103,Keyboard,Accessories,Ghana,desktop,organic,5,70,0.09,2026-05-07 00:19:06
