event_id,session_id,user_id,event_type,product_id,product_name,category,country,device_type,traffic_source,quantity,price,discount,event_timestamp
229b60ba-5a52-43eb-941e-de5002cf739d,c1e80966-dd41-4fe7-9e98-fbf6843b3dfb,222957,purchase,103,Keyboard,Accessories,Kenya,desktop,facebook,1,70,0.18,2026-05-24 17:52:27
03f1a75d-bf91-422f-9e22-ab69276f6c31,02905e27-abde-4cfa-adec-e4111dba12a6,493,view,102,Phone,Electronics,Kenya,mobile,organic,4,800,0.08,2026-05-24 17:52:28
2b8a088c-f44e-4732-b233-a66f50bbc818,536022be-e6aa-44e3-90d0-920ced3aa89e,511,purchase,103,Keyboard,Accessories,Nigeria,desktop,facebook,2,70,0.04,2026-05-24 17:52:29
791b00fb-757e-46c7-902c-173e6a326ab1,b3ecea23-b104-4751-bcf4-33d1f2754e67,754090,view,102,Phone,Electronics,Rwanda,desktop,organic,1,800,0.13,2026-05-24 17:52:30
41bb9bf6-328c-40f3-9cd9-e856a98db09a,cea147d0-7e35-4493-a035-b36813c7225d,572793,purchase,101,Laptop,Electronics,Rwanda,desktop,google,3,1200,0.03,2026-05-24 17:52:31
d32c45dd-efcb-472f-be7e-df253a22c7a8,c80aeb1d-58a7-4076-aa6a-87751fe1ba99,320701,view,101,Laptop,Electronics,Nigeria,desktop,organic,4,1200,0.08,2026-05-24 17:52:32
de0db501-7d58-43cd-99fa-40835cca7b2e,2919578a-74a8-4485-a93d-5ab46e37da8c,53201,purchase,101,Laptop,Electronics,Kenya,desktop,organic,2,1200,0.14,2026-05-24 17:52:33
649c2baf-3dbc-4077-8322-f8289f700b1a,f93e1ea5-cfb0-4794-b68f-6f31ecbe4066,578515,purchase,103,Keyboard,Accessories,Rwanda,mobile,facebook,4,70,0.01,2026-05-24 17:52:34
121ab2d9-0671-4f5f-9bef-6fa86eb535fe,7b6e5c08-ad20-4971-9cb0-7d5b61db7560,255620,purchase,104,Mouse,Accessories,Ghana,desktop,organic,2,40,0.03,2026-05-24 17:52:35
3f354c93-d9b9-492b-851e-d61a59970e2a,efc5f2ba-478c-4e8a-8da1-183151a2b894,47,view,103,Keyboard,Accessories,Nigeria,mobile,organic,3,70,0.05,2026-05-24 17:52:36
8f049e3a-da2d-4f23-93ef-8f132fb8e7eb,e2692a7d-2928-4104-8402-bcfc20c480df,951,view,103,Keyboard,Accessories,Kenya,desktop,facebook,5,70,0.0,2026-05-24 17:52:37
ce6d142c-1f6d-444e-a4f8-8ff8431bfdc7,544106ed-4bfa-4ebe-a394-4dd1638f1cf5,214,purchase,102,Phone,Electronics,Nigeria,mobile,google,5,800,0.06,2026-05-24 17:52:38
9fa02829-b403-4c24-860d-35554f4680c1,5a562adf-4e8c-431f-99d9-e675f73274d0,386737,purchase,102,Phone,Electronics,Kenya,desktop,facebook,3,800,0.12,2026-05-24 17:52:39
84efd654-9ec5-4e9a-8a43-0368e365ab51,21ded8b4-5e15-4af1-8bfe-630167692e58,197580,purchase,103,Keyboard,Accessories,Ghana,mobile,facebook,1,70,0.05,2026-05-24 17:52:40
abc36d2b-b34b-49f3-a599-7fb9e011c3cc,3b4c3f5f-3c85-47e8-a52c-002950c28215,998091,view,103,Keyboard,Accessories,Nigeria,mobile,google,1,70,0.01,2026-05-24 17:52:41
9671bee8-d599-4735-8acf-66ee1b0ec146,a1ffe5b8-7701-4595-a84e-1b9ae1aa4e69,764918,purchase,104,Mouse,Accessories,Nigeria,mobile,facebook,3,40,0.15,2026-05-24 17:52:42
a5972181-9168-4a62-919c-f64ee1f028d2,9496f108-72fc-4d66-8d42-a2188ef261b5,694731,purchase,102,Phone,Electronics,Kenya,mobile,organic,2,800,0.12,2026-05-24 17:52:43
d6f6f2de-d6cd-4430-b83b-dcff53e331bf,3f7ec858-c95e-48e4-a513-426f50ff2ca6,551811,purchase,101,Laptop,Electronics,Kenya,desktop,organic,3,1200,0.17,2026-05-24 17:52:44
8f5696ea-fd5b-42c8-88d1-902c6d801ad7,95408797-ea30-464f-9c3f-602869ccb15f,912285,purchase,102,Phone,Electronics,Rwanda,desktop,google,1,800,0.16,2026-05-24 17:52:45
c759eb97-beef-4502-8b65-3ac38301f42b,68c5dcbf-a9b9-4340-89f4-5f5dee1f862e,831,view,102,Phone,Electronics,Rwanda,mobile,google,2,800,0.18,2026-05-24 17:52:46
14c52dd4-d52c-4f4f-9128-2884270fbfe8,35a4583c-1765-4d4e-944f-f81ad15d63c7,742550,view,103,Keyboard,Accessories,Nigeria,desktop,facebook,4,70,0.17,2026-05-24 17:52:47
21da0d0f-c8da-4822-b979-02a594e81207,caf0a1fb-73f0-4ae2-a689-662e7e9dd92b,984,purchase,103,Keyboard,Accessories,Nigeria,mobile,organic,3,70,0.12,2026-05-24 17:52:48
2d21f909-9097-466c-9a3e-b1b0c95ce3f3,29c74b71-a453-411d-ad40-e09e782763a8,506,purchase,104,Mouse,Accessories,Nigeria,mobile,google,5,40,0.03,2026-05-24 17:52:49
3df1cabb-83c2-4021-bf06-5733ccc9467d,1ab71718-ccb1-47ff-a2a1-c9da8afa8f8b,178132,view,104,Mouse,Accessories,Kenya,mobile,organic,4,40,0.1,2026-05-24 17:52:50
435a079d-ad71-49e6-a812-9a61cb40477c,0cf043d1-be44-49bf-8953-5281dbefc62e,670852,view,102,Phone,Electronics,Kenya,mobile,facebook,5,800,0.17,2026-05-24 17:52:51
76f52f3a-def9-4eb5-adb8-fa16060effc5,6b100bdd-2ec5-4e53-8481-080579a61d7f,124453,view,102,Phone,Electronics,Nigeria,mobile,facebook,1,800,0.04,2026-05-24 17:52:52
3915af83-2c9a-4d56-a1f4-af71396a16ff,2cd695e5-b932-4d5d-8cf4-8e8000fe1d1e,178,view,104,Mouse,Accessories,Rwanda,mobile,google,4,40,0.14,2026-05-24 17:52:53
64a1cf22-40c3-4c24-9767-b1506d01ccce,39aa8bec-fe3e-4a9b-805f-868a6c33e2f5,402,purchase,104,Mouse,Accessories,Ghana,mobile,organic,4,40,0.05,2026-05-24 17:52:54
4d42fa02-c03d-4a0a-aeaf-f73b02f07cd0,4c38e4ae-625d-432d-a9c9-c6637301664e,121588,purchase,104,Mouse,Accessories,Rwanda,mobile,facebook,2,40,0.0,2026-05-24 17:52:55
3c03a476-ab9b-41d8-a131-84dcc92e939b,97bba108-785f-49e7-836c-4cb4b7536db3,342102,purchase,104,Mouse,Accessories,Nigeria,mobile,organic,1,40,0.07,2026-05-24 17:52:56
97ce91d8-f91e-4b3d-bfb7-06deb3cbbb05,093339b2-49bf-4b0f-a596-60b14fe06748,723087,purchase,101,Laptop,Electronics,Ghana,mobile,organic,1,1200,0.12,2026-05-24 17:52:57
553ec6a1-a5bf-49d1-82a6-e44d7583d97a,383679c4-6035-4921-9219-1306a15af159,590607,purchase,101,Laptop,Electronics,Rwanda,mobile,facebook,4,1200,0.03,2026-05-24 17:52:58
f30488fd-614a-4570-b9aa-a4db49b5db44,3a01295d-8311-4570-bf29-cad46dadbc73,66750,purchase,101,Laptop,Electronics,Rwanda,mobile,google,4,1200,0.09,2026-05-24 17:52:59
866ce85e-109a-4424-83f2-8d6d63fbf0e4,ec0b23e2-9bf2-4acd-966e-fb1f19a7f843,527880,view,103,Keyboard,Accessories,Ghana,desktop,facebook,3,70,0.02,2026-05-24 17:53:00
94d4fe17-5a55-42ea-ac47-e22f519aa1a3,d21785fc-6dd0-46a9-892f-cd40133e0c6a,214017,view,103,Keyboard,Accessories,Rwanda,desktop,facebook,1,70,0.04,2026-05-24 17:53:01
2b969df9-bda8-490b-b25d-9fb75b2afe7d,14820a82-c78c-423a-89a3-d116eac229f8,983454,purchase,103,Keyboard,Accessories,Kenya,mobile,organic,1,70,0.04,2026-05-24 17:53:02
0e029fa9-41f9-4412-985a-527fccbc13c9,3b9225f6-edef-4807-ad26-7eef42b5c695,373998,purchase,103,Keyboard,Accessories,Kenya,desktop,facebook,4,70,0.14,2026-05-24 17:53:03
c481ffe4-ec45-4ec6-9118-5a909a0a4c5a,f27db39b-5257-487b-9554-9d08cbdfd9a2,368170,purchase,101,Laptop,Electronics,Ghana,desktop,organic,1,1200,0.2,2026-05-24 17:53:04
1dc3a279-e70f-4154-a54d-5179ec5a5c15,530bbf68-3983-4825-819f-3b178d73674c,131556,view,102,Phone,Electronics,Ghana,desktop,google,1,800,0.18,2026-05-24 17:53:05
5c14c988-b867-46aa-a67c-9186bb226ae7,37ec30b1-7eee-4327-bbb8-d984720a9dfd,241168,purchase,103,Keyboard,Accessories,Kenya,desktop,facebook,3,70,0.19,2026-05-24 17:53:06
554a34be-4f8e-4110-9d60-02cd83fc5b8b,e5c6418c-53ba-4800-9e35-47e1ead5fa3b,934,view,104,Mouse,Accessories,Nigeria,mobile,facebook,5,40,0.05,2026-05-24 17:53:07
6b5a27c9-b605-45d8-bdc1-11d674d24be3,00e9b12c-a33d-4c09-8732-098ee06a8a79,568771,view,101,Laptop,Electronics,Kenya,desktop,facebook,3,1200,0.05,2026-05-24 17:53:08
b9b4064b-2ad0-48f5-9aff-417bd1df6f16,fc03ec1c-8a5a-49ac-8542-d02215512f8e,598703,view,104,Mouse,Accessories,Kenya,mobile,google,5,40,0.02,2026-05-24 17:53:09
10caae3e-d4c7-467a-89a0-1ed7013b3578,ee2eff18-9c8b-4c4f-b018-56b8e3ea6cfc,251852,purchase,103,Keyboard,Accessories,Kenya,mobile,google,4,70,0.12,2026-05-24 17:53:10
94621a96-f545-472c-9467-30669fb933c2,f4ffdecf-e889-4634-8f68-4c37a8f876ea,366,view,103,Keyboard,Accessories,Rwanda,mobile,facebook,2,70,0.09,2026-05-24 17:53:11
4c574512-13b7-4203-9181-1bbf8cf62068,4b8652cb-f74d-4b2d-a0eb-116f0a336d86,696188,purchase,102,Phone,Electronics,Nigeria,mobile,facebook,3,800,0.01,2026-05-24 17:53:12
7aa4d314-4df6-4ea0-b218-c7db258db489,e16fdc5c-4822-49b9-80e3-367c9d525f3d,48,view,103,Keyboard,Accessories,Nigeria,desktop,organic,2,70,0.16,2026-05-24 17:53:13
3b74e52e-00ca-490e-8939-210c7889d58f,245dbb88-f3f3-4b80-a9ad-469db7bb2116,875,purchase,103,Keyboard,Accessories,Kenya,desktop,organic,5,70,0.01,2026-05-24 17:53:14
2685d983-ad85-4a6d-978b-efd652888bc0,6c0f3dd0-0b69-49c6-92cf-f1674bdbf364,550182,purchase,102,Phone,Electronics,Rwanda,mobile,organic,4,800,0.11,2026-05-24 17:53:15
4ad45375-53fc-4eeb-b698-077bc5670fd8,dd236ea5-cc2f-4b96-97d6-7d7e08273483,457551,purchase,101,Laptop,Electronics,Rwanda,desktop,organic,4,1200,0.19,2026-05-24 17:53:16
1d3432d9-8a0e-4d8c-b5cc-bf914e5ae6a1,89515850-8104-44a2-a0a3-10721d0a43e1,726667,purchase,101,Laptop,Electronics,Kenya,mobile,google,2,1200,0.1,2026-05-24 17:53:17
4e98628b-1dcb-449e-901e-7f97c00a044a,801e0fe7-6c70-43b7-b679-4701f46ff60b,176697,purchase,103,Keyboard,Accessories,Nigeria,mobile,facebook,3,70,0.1,2026-05-24 17:53:18
03537bb8-1564-4308-b017-2455af38daaa,34b78c96-55d0-4380-b495-fb1e60194e28,79936,view,102,Phone,Electronics,Nigeria,desktop,organic,5,800,0.03,2026-05-24 17:53:19
6b65ad7a-8da1-418f-a3dc-0fd821f77ab1,47c56e46-37bd-4fd4-ab6c-3b6c0aa22e74,385096,purchase,104,Mouse,Accessories,Rwanda,desktop,facebook,4,40,0.1,2026-05-24 17:53:20
8b662288-87fb-4a20-84f5-417bc82d36c1,d024ddfc-0f69-4f52-a749-65774c88d34a,159026,view,101,Laptop,Electronics,Rwanda,mobile,organic,4,1200,0.18,2026-05-24 17:53:21
97316926-9f7d-4722-bf1f-54d3f5f8b294,4d1eda15-5d19-435c-9afd-cdbfff5620a4,32852,view,103,Keyboard,Accessories,Kenya,desktop,organic,3,70,0.17,2026-05-24 17:53:22
07fe7ca6-0816-47c4-9078-1ddcf283d16f,7a3ccbe0-3d56-46b5-bff9-89849ea0d339,46920,purchase,103,Keyboard,Accessories,Nigeria,desktop,google,3,70,0.11,2026-05-24 17:53:23
ee043bac-056f-4f52-8574-4e34457ea143,3a1ae05f-4278-4feb-9a56-3a4b26269b07,950942,view,104,Mouse,Accessories,Kenya,desktop,facebook,1,40,0.18,2026-05-24 17:53:24
2b61f469-c920-4d6a-8135-19b7cac66112,5ca4232c-dcc1-4aa6-9c9d-3842fadb80e7,105151,view,102,Phone,Electronics,Kenya,mobile,organic,1,800,0.03,2026-05-24 17:53:25
b92e35a5-daca-45a9-8d78-8b374c00618f,72d8bc41-3308-4d5c-9b3c-c0d0a8979af4,168046,purchase,104,Mouse,Accessories,Ghana,desktop,facebook,4,40,0.01,2026-05-24 17:53:26
052f4868-f692-4521-8953-e7d44222bf22,0ee3f113-0d71-46b2-915f-d9011b80ba55,562162,purchase,102,Phone,Electronics,Kenya,mobile,organic,1,800,0.18,2026-05-24 17:53:27
f9c329be-9107-46a8-8c30-237635116426,f6904612-7a24-4f8e-8ac1-91bd85baf5a5,432470,purchase,102,Phone,Electronics,Ghana,mobile,organic,3,800,0.14,2026-05-24 17:53:28
16af0e75-8cfe-4082-aa17-e8711f10dd9f,493923ae-b118-4c74-8102-5be944e18b92,960120,purchase,103,Keyboard,Accessories,Kenya,mobile,facebook,3,70,0.12,2026-05-24 17:53:29
4a6cefb7-6a1b-4e21-acd7-1906c073c246,815f9a54-40df-4d59-b12c-879d7052d17e,539677,purchase,104,Mouse,Accessories,Ghana,mobile,google,3,40,0.16,2026-05-24 17:53:30
01dcaa19-ee5c-46a9-9afa-dd7a2acc6a56,61218670-b89c-4b60-b47f-9b8ec4000b82,914330,purchase,104,Mouse,Accessories,Nigeria,mobile,organic,1,40,0.15,2026-05-24 17:53:31
6da881b2-df26-497c-a7f9-54c8e5811150,27e3d93b-0e4c-4881-904b-7fff4b6b0545,783497,view,101,Laptop,Electronics,Kenya,desktop,facebook,1,1200,0.16,2026-05-24 17:53:32
1b383453-34c4-4847-af9e-e2315f33f7de,94dc6f4b-fd08-4a26-bafe-ea925e62c341,846634,purchase,102,Phone,Electronics,Kenya,mobile,google,4,800,0.01,2026-05-24 17:53:33
e59c42aa-1199-48b8-92d4-8116cba31c14,1c8646ac-0ec4-48fb-b128-23d314bc3cf6,921029,view,104,Mouse,Accessories,Kenya,desktop,facebook,1,40,0.01,2026-05-24 17:53:34
ce23fc76-b6e6-49f4-ba65-e8cff9d3c2dc,c61de652-7fc8-40cb-a3d6-f94c3a6ebc42,137474,purchase,102,Phone,Electronics,Ghana,mobile,google,4,800,0.11,2026-05-24 17:53:35
16f5405c-16e5-442b-ae4f-1223cd85498c,0b427e8e-6107-4d83-8d5a-5cd8c029f5bf,934,purchase,104,Mouse,Accessories,Ghana,desktop,google,4,40,0.11,2026-05-24 17:53:36
c3803032-4cf3-408b-b07f-a59e29803761,cc902313-0056-4af6-8ca7-71dafb3c6f7e,416605,purchase,102,Phone,Electronics,Rwanda,mobile,organic,4,800,0.03,2026-05-24 17:53:37
0ec4192e-662c-4e58-86db-20c3555045a3,00e45a7d-086e-42d7-9d29-95334cdf39df,98230,view,103,Keyboard,Accessories,Nigeria,desktop,facebook,5,70,0.03,2026-05-24 17:53:38
a8c75de8-11cc-4162-a171-7d50d14b4618,00687765-633d-4fe8-a0df-35465e015968,193999,view,103,Keyboard,Accessories,Nigeria,mobile,organic,3,70,0.2,2026-05-24 17:53:39
3d1e6237-b483-4498-bdcc-7a91750a6187,7fa27c3d-a2f5-4f1e-9a07-0baa4ffbe48b,515135,purchase,102,Phone,Electronics,Ghana,mobile,google,5,800,0.17,2026-05-24 17:53:40
0bda73f5-cba9-449d-90c2-4ced22b49cad,25f2f560-366f-4b6d-9e09-d08992e97e73,493584,view,102,Phone,Electronics,Ghana,desktop,organic,4,800,0.02,2026-05-24 17:53:41
a78a39f3-407e-4ccc-af95-f67b8c97acb1,a74877a2-c65e-4303-9675-da760097788c,461,view,104,Mouse,Accessories,Kenya,desktop,google,2,40,0.1,2026-05-24 17:53:42
659b56a8-5bc9-4879-8d4f-68167a22224a,30591e49-08de-4510-ac38-858148c28cfa,437342,purchase,102,Phone,Electronics,Rwanda,desktop,google,3,800,0.03,2026-05-24 17:53:43
826dac4c-c187-44bf-87eb-2308e5c767b2,5d060495-bb91-44cb-baf5-9126ef2db11f,903951,purchase,104,Mouse,Accessories,Ghana,mobile,facebook,4,40,0.05,2026-05-24 17:53:44
2b7fb99b-ee6e-4631-80c3-87d2c13668ad,ba55a043-83c7-4ceb-bff9-616a39292bc9,631909,purchase,103,Keyboard,Accessories,Rwanda,desktop,facebook,2,70,0.13,2026-05-24 17:53:45
4df8889b-5836-42d0-9a39-e90164af8208,b752d016-f235-4768-90bd-4d85cd926fc1,122302,purchase,104,Mouse,Accessories,Rwanda,mobile,google,5,40,0.18,2026-05-24 17:53:46
dda62eac-5c12-4053-b67a-052ce43d6368,70128a3d-4435-4d9b-969b-7d1359c4bc74,297116,view,104,Mouse,Accessories,Ghana,mobile,organic,1,40,0.16,2026-05-24 17:53:47
8ea1d499-620a-4e6e-a676-d3ec67015e68,f9fd16d6-2a97-4a6a-9faa-79cc8a0ac792,301286,purchase,103,Keyboard,Accessories,Kenya,desktop,organic,4,70,0.12,2026-05-24 17:53:48
8b7f9c43-978e-4b98-8252-4dce403aae09,9cb41e9c-bf22-49a5-ad19-a5de70d4c881,433037,purchase,104,Mouse,Accessories,Nigeria,desktop,google,1,40,0.14,2026-05-24 17:53:49
35adf138-82ef-4445-a01b-97a06cb23354,1da42b16-85db-44d3-8d44-d80a86e94599,217221,purchase,104,Mouse,Accessories,Ghana,mobile,google,4,40,0.12,2026-05-24 17:53:50
0ea7bbef-0fdf-4e2d-bdc3-61e795223d3f,aef42d86-3b51-4c6b-ae8e-9e3c6a92bfdb,287104,view,104,Mouse,Accessories,Rwanda,desktop,facebook,2,40,0.1,2026-05-24 17:53:51
82abdd52-aad5-43d7-a801-752551eace70,172a34ad-bcfc-42ae-ab9b-0ad3e94835bb,966329,purchase,102,Phone,Electronics,Kenya,mobile,facebook,4,800,0.06,2026-05-24 17:53:52
57fcb557-ca75-47e2-802a-68dec1f01982,d9cb35c4-b1b5-423c-ae3b-14b976222c89,829,purchase,103,Keyboard,Accessories,Ghana,mobile,facebook,5,70,0.14,2026-05-24 17:53:53
f44624e0-7d63-4f72-873e-9abb1a20e24a,6068ff89-9d31-4d8e-8026-2ce6e3be796a,189,purchase,104,Mouse,Accessories,Rwanda,mobile,organic,5,40,0.07,2026-05-24 17:53:54
278c0ef7-bc83-48a3-a72c-b481efce9d51,c5af1b1e-c0e5-4ce0-acea-8ad157c5eb8f,793807,view,101,Laptop,Electronics,Ghana,mobile,facebook,1,1200,0.02,2026-05-24 17:53:55
4513ffad-382f-47f2-8b4d-0efe817aafeb,2d2a0740-c659-47af-b940-929946ef765b,132,purchase,103,Keyboard,Accessories,Nigeria,desktop,facebook,2,70,0.07,2026-05-24 17:53:56
2c8165bc-3afd-47e0-9894-96b02c25e2a6,d34b07bc-e84e-4f68-9d2a-44e08e932991,382654,view,104,Mouse,Accessories,Ghana,mobile,facebook,2,40,0.02,2026-05-24 17:53:57
dbbf3ff4-a9af-49fc-afa7-22c7cb97bdb0,26584918-3dc4-4fb5-9189-46361fc568bd,515647,purchase,103,Keyboard,Accessories,Nigeria,desktop,organic,4,70,0.15,2026-05-24 17:53:58
d61c3730-95d5-4d12-b9f2-a9c28a953fdc,ea162285-704b-4fba-97ab-29b99ab97412,744,view,102,Phone,Electronics,Rwanda,mobile,google,1,800,0.09,2026-05-24 17:53:59
330bea7a-153e-4bcd-a2bb-3549979d0c18,bee219f0-c784-4c1a-bb89-f13da5e1c983,259,view,103,Keyboard,Accessories,Kenya,mobile,facebook,1,70,0.1,2026-05-24 17:54:00
19cae724-2b9b-4757-9af6-eeb33032c3fc,4342276a-7f4d-4b51-9b29-7259c0083439,104018,view,103,Keyboard,Accessories,Rwanda,desktop,facebook,4,70,0.18,2026-05-24 17:54:01
6c7aadee-144f-441e-9b89-66ce807f390a,96195144-3765-415e-afc0-deb73a9f6651,255874,purchase,103,Keyboard,Accessories,Rwanda,desktop,organic,4,70,0.16,2026-05-24 17:54:02
7416fd3b-61d8-4ea4-aa21-b7c4daf31160,72b65cc1-fe55-4581-a023-9fad112cf507,911250,view,102,Phone,Electronics,Nigeria,mobile,organic,1,800,0.14,2026-05-24 17:54:03
ff9f06d7-d204-4b7d-ad11-9561fb2247fc,a7c9cadb-76de-4a91-88dd-cbfb20a75f09,659815,purchase,103,Keyboard,Accessories,Nigeria,desktop,organic,2,70,0.16,2026-05-24 17:54:04
f20ace4b-c70b-40ae-af3d-3f46b5b57d04,c85d1578-5ac8-4cc3-9936-c471ad65c955,530465,view,101,Laptop,Electronics,Ghana,desktop,google,1,1200,0.1,2026-05-24 17:54:05
52805358-e3e9-4631-bbbc-9c067475dd53,9f700ce6-51cd-468f-bc26-c31c11b4cbde,316,purchase,103,Keyboard,Accessories,Kenya,desktop,google,3,70,0.14,2026-05-24 17:54:06
3b7d5f4c-bec3-49dd-ae3a-8f6fac5c4278,592c93c4-e323-4ad8-bbf8-72e29305a8e3,279806,view,103,Keyboard,Accessories,Kenya,desktop,organic,2,70,0.11,2026-05-24 17:54:07
f15fae01-d856-4700-98ef-d87d57b23064,9772817f-c3e8-4810-9a8f-f1b21ce8fee1,966,purchase,102,Phone,Electronics,Rwanda,mobile,facebook,4,800,0.06,2026-05-24 17:54:08
6249b4f1-e3d7-4045-b911-743a5a208798,3f82eec3-2c04-467d-a04d-41ba36411d2e,328688,purchase,102,Phone,Electronics,Nigeria,desktop,google,2,800,0.02,2026-05-24 17:54:09
d789fe7d-af7e-4a09-87c6-be0b71e9ffcd,5b816b5b-8d81-4af4-ae74-853f28c6227d,338,view,104,Mouse,Accessories,Rwanda,desktop,google,2,40,0.08,2026-05-24 17:54:10
f258b3cd-b004-465b-8087-f58d40313828,e394f921-85f1-4093-9b73-58d6403268d7,277977,view,103,Keyboard,Accessories,Kenya,mobile,google,3,70,0.19,2026-05-24 17:54:11
cbd719c3-9571-4c86-ad00-d76d5b9c9725,2a4ea771-92fe-4e62-9d3d-fc1b97d62c40,389,view,104,Mouse,Accessories,Kenya,mobile,organic,2,40,0.11,2026-05-24 17:54:12
b2dde890-d859-45eb-9f94-51882f247e1a,12b5d08f-59f4-43a0-92b9-0510a7968906,899945,view,103,Keyboard,Accessories,Rwanda,mobile,google,1,70,0.06,2026-05-24 17:54:13
b5cf2fa3-3f2c-4c6f-9662-24d4b87fa2c3,022d1f5c-a463-4c47-9fb5-ecc86c532e25,503284,purchase,104,Mouse,Accessories,Rwanda,mobile,facebook,5,40,0.09,2026-05-24 17:54:14
9de16b47-624d-4784-a05e-bdcf2fb8ba1d,70f150b4-efc0-424a-acd0-2d9a0a1e4bdf,832146,view,103,Keyboard,Accessories,Kenya,mobile,google,5,70,0.06,2026-05-24 17:54:15
a9d8b5d0-ced3-40b3-acb8-972e26dedf39,d9f25fb8-b002-4095-b239-6bf48fdddf0f,928216,purchase,102,Phone,Electronics,Ghana,mobile,google,3,800,0.1,2026-05-24 17:54:16
dec01e3b-4a5a-4d21-a5d8-ffa8086ef86c,49d7364c-615a-4064-9284-88496cb3c179,49,purchase,104,Mouse,Accessories,Kenya,desktop,organic,1,40,0.07,2026-05-24 17:54:17
c30c3a67-e199-4475-bbaf-b007a96e9e4b,5ead782a-9c1a-4f25-a637-0a62eb382663,552161,view,101,Laptop,Electronics,Rwanda,desktop,facebook,3,1200,0.18,2026-05-24 17:54:18
f281fc8c-33bc-4581-be8c-bdf9ba987ce2,764f143e-bb8f-4710-9918-b032cebeea7d,823,purchase,102,Phone,Electronics,Nigeria,mobile,google,1,800,0.03,2026-05-24 17:54:19
a5947f82-df92-4f51-9522-01ce361fccc1,a4f8da6d-fb10-4c6d-b117-308b1325cfd3,305,view,104,Mouse,Accessories,Kenya,mobile,organic,1,40,0.1,2026-05-24 17:54:20
f296f247-d499-4215-a186-838f603e0a4e,3b893e8f-9b64-4231-b290-482c41cffebd,154002,view,103,Keyboard,Accessories,Ghana,desktop,organic,5,70,0.07,2026-05-24 17:54:21
21f7b91c-f680-4874-9265-08aa2dd01ea8,fb532c10-7b53-41a7-a104-d2d5c8342d5e,72133,purchase,104,Mouse,Accessories,Ghana,mobile,facebook,2,40,0.09,2026-05-24 17:54:22
117cd1bc-5731-409b-92f6-52bd9dda9f0c,a3020820-36db-47f7-8454-09bdb1fab5c5,672,purchase,103,Keyboard,Accessories,Nigeria,mobile,google,5,70,0.12,2026-05-24 17:54:23
e91d5dc4-5229-45b0-9410-d14492752873,27060e9b-6ba7-4a25-a060-07e6cbe135e0,422180,purchase,104,Mouse,Accessories,Rwanda,mobile,organic,3,40,0.17,2026-05-24 17:54:24
090e2a2b-6236-4d71-bc5a-6c968542275a,d690d473-4dd5-4cd7-89db-ccde4d972ac6,171619,view,104,Mouse,Accessories,Rwanda,mobile,organic,1,40,0.04,2026-05-24 17:54:25
2d5ae5f2-26a6-44c1-a66a-d48d92261cb9,23376738-df31-4695-9ff7-bac01f63cf1e,368,view,102,Phone,Electronics,Kenya,mobile,google,3,800,0.15,2026-05-24 17:54:26
7cd476e8-0a5e-4ac3-bab4-47092f5f8b61,32e1891f-d9a8-4853-b006-957bef384d00,317909,purchase,104,Mouse,Accessories,Nigeria,mobile,google,4,40,0.09,2026-05-24 17:54:27
1c26d03c-fcd0-4332-b4c0-77fdf78bd767,6d3c78a2-c1c0-4041-bbe8-fc8edcd0120c,59742,purchase,102,Phone,Electronics,Ghana,desktop,google,3,800,0.03,2026-05-24 17:54:28
c1fe31ac-a4b7-446b-9286-246d6d6f3bfb,fde64fa8-9031-48a2-a00f-03706579bfe6,711968,view,102,Phone,Electronics,Kenya,desktop,google,2,800,0.04,2026-05-24 17:54:29
87231a91-e2a0-45d1-8cc8-900efb194d33,df03f943-1b61-48bd-a39c-cf150efc7f30,208930,view,104,Mouse,Accessories,Ghana,desktop,facebook,5,40,0.19,2026-05-24 17:54:30
ee47cd70-b0cb-4627-a429-ce23ceebc613,77ec9568-8b40-412d-88f0-f03f4e46e1b6,556312,view,104,Mouse,Accessories,Ghana,desktop,google,1,40,0.05,2026-05-24 17:54:31
3e49ccda-db52-4f81-92af-1f214af74439,9816b35d-dd63-47ae-b2d7-b0be5da80ab4,677520,view,102,Phone,Electronics,Kenya,mobile,facebook,3,800,0.14,2026-05-24 17:54:32
a894ee05-65f3-4ac4-823d-2e2f6e30ef13,857c5c53-91e9-411a-b890-47c63bd7ad96,962072,view,102,Phone,Electronics,Kenya,desktop,organic,3,800,0.0,2026-05-24 17:54:33
d0019ac2-101f-4388-b909-fc39acc23c6b,5e7ccf77-ea3d-4d88-b6fe-473301a5a605,757094,view,101,Laptop,Electronics,Kenya,desktop,organic,4,1200,0.18,2026-05-24 17:54:34
a6296a74-5640-4429-b131-00f70f98b602,f680bba6-f0c6-41a0-bb19-2a1a2a3acb8b,628,purchase,104,Mouse,Accessories,Ghana,desktop,organic,3,40,0.01,2026-05-24 17:54:35
c93bb64e-fffe-4eef-9c67-adffbb590302,7d4dc73a-c1e2-4dde-a62c-6c0bd7ac6b22,91,purchase,103,Keyboard,Accessories,Ghana,desktop,organic,4,70,0.11,2026-05-24 17:54:36
7d7d2cd8-7648-4d87-805e-a7953a95bcd5,701b84de-c8de-4249-8102-168a87a86900,362,purchase,102,Phone,Electronics,Ghana,mobile,facebook,3,800,0.01,2026-05-24 17:54:37
220fc85a-d9ef-4100-a685-446e45f21282,283745ed-4e1c-4a03-9c53-9e56cd8a1cca,493422,view,103,Keyboard,Accessories,Nigeria,desktop,google,4,70,0.09,2026-05-24 17:54:38
3f4d5fc3-41ae-49b8-862c-c53935c8ff3a,2c0399e7-80c2-4398-9705-7c964a10783a,42855,view,102,Phone,Electronics,Nigeria,mobile,facebook,3,800,0.15,2026-05-24 17:54:39
603e3f7c-a266-47a8-aacd-c32b44fc62f6,30db77ed-ab39-4498-a6a9-46fd2c4c5abe,796140,view,101,Laptop,Electronics,Ghana,mobile,organic,3,1200,0.13,2026-05-24 17:54:40
2c6000c3-30a0-4e6f-b145-3c2c42e462c5,211320e0-cb3d-40d6-82ef-caffe19b64ff,97762,purchase,104,Mouse,Accessories,Nigeria,mobile,facebook,4,40,0.13,2026-05-24 17:54:41
c322019a-dd31-4f71-a656-1e45859e8a64,865fa0fe-d6cb-4107-87a8-1dfd0229f760,839087,view,101,Laptop,Electronics,Ghana,desktop,google,4,1200,0.01,2026-05-24 17:54:42
7bf4912f-0883-4eef-811e-7f400a5101cc,e36f4904-063d-43bb-9bc5-87e4ee0340aa,102026,purchase,101,Laptop,Electronics,Ghana,desktop,facebook,2,1200,0.07,2026-05-24 17:54:43
a3193260-1395-4c1a-b579-a9a9a2c1af23,541ed6aa-6c66-4c4d-84a5-c228add40cf3,795025,purchase,102,Phone,Electronics,Ghana,mobile,organic,1,800,0.0,2026-05-24 17:54:44
203e742b-6fa7-4e7c-b067-50c78610f43e,bbfecdd2-3afe-43e8-b383-b820e9806f95,33506,view,103,Keyboard,Accessories,Kenya,desktop,organic,3,70,0.01,2026-05-24 17:54:45
a66be72f-dacf-48ed-ad41-a256ffd097a1,38de4b77-972b-4f35-8945-b2482ffe15d5,560156,purchase,104,Mouse,Accessories,Rwanda,desktop,organic,1,40,0.11,2026-05-24 17:54:46
222d6a53-ac0d-44ed-946f-bcefa6260b55,d1ecd54d-5eb2-4239-ad74-0eaa2c20098f,448,view,101,Laptop,Electronics,Nigeria,mobile,google,1,1200,0.03,2026-05-24 17:54:47
60c4e742-bc42-412b-8e7b-51fef2af3706,aded1c1a-c356-4eba-9426-fa8bf9e31a95,198052,view,102,Phone,Electronics,Kenya,desktop,google,5,800,0.19,2026-05-24 17:54:48
1d4c28d3-3575-42b9-a769-e06c7b7efbba,809683ba-febf-4718-9d11-f65daca2a287,414,view,102,Phone,Electronics,Ghana,desktop,facebook,1,800,0.19,2026-05-24 17:54:49
911f2add-5343-4dd1-9acf-ed08aa3b951d,fd51d48e-d641-4919-91d0-f0a964f3f1b9,921413,purchase,103,Keyboard,Accessories,Nigeria,desktop,facebook,3,70,0.0,2026-05-24 17:54:50
95e83665-ade2-45b2-aec3-6eb13804fdfe,849c12e2-d405-48dc-99a4-288ca5281c1c,654,view,102,Phone,Electronics,Ghana,mobile,facebook,3,800,0.15,2026-05-24 17:54:51
5592846f-8a68-4b95-b450-6cba3ae9f14a,55151140-83e7-46fc-b831-9a13683d408a,350565,view,103,Keyboard,Accessories,Nigeria,mobile,organic,4,70,0.15,2026-05-24 17:54:52
20669676-2cd0-4611-a845-99bbe6b03db0,54f15de0-c115-4687-9553-fe3d4fbab9bb,507,view,103,Keyboard,Accessories,Kenya,desktop,organic,1,70,0.08,2026-05-24 17:54:53
9427b2a3-1c4d-493d-affb-c815eed5d88c,e0b98e28-6824-4f02-9362-c69866bb5fb7,766351,purchase,101,Laptop,Electronics,Rwanda,mobile,facebook,3,1200,0.18,2026-05-24 17:54:54
b7f5c9d3-6614-47d0-b922-7e43294a03ef,a572bf60-225e-41d8-86b7-fc481113c059,317,view,102,Phone,Electronics,Ghana,mobile,google,5,800,0.15,2026-05-24 17:54:55
eec1a908-70ec-4113-87c2-e8e04dfe57ff,cf326a18-9647-4e86-a46e-3c7b09f76885,995574,view,102,Phone,Electronics,Kenya,mobile,facebook,1,800,0.07,2026-05-24 17:54:56
0c4dbcc7-b37c-45d7-b432-ebf590def08c,24d855e5-e487-4e8d-86e7-93e548e03545,252007,view,104,Mouse,Accessories,Nigeria,mobile,facebook,5,40,0.06,2026-05-24 17:54:57
bc41da1f-6f68-44fa-b8ce-924105816862,1c8631ae-5e47-4862-a005-f3200c11466d,418,view,102,Phone,Electronics,Ghana,desktop,facebook,1,800,0.16,2026-05-24 17:54:58
1ba54e64-b62e-4b49-8e57-a6429f4ae90e,fa9a6e4b-7009-41ed-ac21-5fe660d2a111,347122,purchase,102,Phone,Electronics,Ghana,desktop,organic,1,800,0.03,2026-05-24 17:54:59
3d9938bf-d82a-4798-b581-2434d8755751,b3431fef-24f3-494c-a7f8-3ce18ac7a60e,143678,purchase,101,Laptop,Electronics,Kenya,desktop,organic,4,1200,0.17,2026-05-24 17:55:00
fa1c60b4-0038-4331-bacd-d9c0a86c97bb,13c61833-2bed-4234-9045-5dfa5af583d3,876921,view,101,Laptop,Electronics,Kenya,desktop,facebook,2,1200,0.19,2026-05-24 17:55:01
8343c7e1-0c0d-4da4-8778-4e18b591f97f,a9949879-7da8-480b-91bc-a7370d3d6a39,840216,view,101,Laptop,Electronics,Kenya,mobile,facebook,1,1200,0.1,2026-05-24 17:55:02
ad6c4cbe-40f5-453e-8c67-e702144fe4ee,fa975af1-8fc3-47ac-9c7d-142b097549e5,390,purchase,104,Mouse,Accessories,Rwanda,desktop,google,2,40,0.08,2026-05-24 17:55:03
a2bcf720-7b77-4c69-8878-e0a140c95fa0,7ff9d5c4-9bc7-49d9-8278-4875d7537b67,618421,view,104,Mouse,Accessories,Rwanda,desktop,facebook,1,40,0.07,2026-05-24 17:55:04
74d30e4f-d3a2-446a-b1a1-7aec6278a88e,29975c12-bc57-4e87-8e0d-b05d343bcedf,645,view,102,Phone,Electronics,Kenya,mobile,google,2,800,0.06,2026-05-24 17:55:05
bc431a66-b7f0-47b5-8cc5-a4706600bb7b,246c5870-13db-483b-8875-44c16a1c9c92,136,purchase,102,Phone,Electronics,Rwanda,mobile,facebook,3,800,0.01,2026-05-24 17:55:06
1eafb2b9-9880-46c7-983d-5c7619acc504,4650a65f-b1ae-49aa-a711-cf286abe1551,245065,view,103,Keyboard,Accessories,Ghana,mobile,facebook,5,70,0.05,2026-05-24 17:55:07
0bc0ebe8-e4bb-4120-8d60-b70ff4d3f230,290a6a14-2fbb-4762-aaad-5b41f79e285b,40676,purchase,102,Phone,Electronics,Ghana,desktop,organic,3,800,0.14,2026-05-24 17:55:08
e8cfb279-4bf4-41cc-a587-b813c9bfd7b3,4d942279-2f4e-4fd5-9ed2-1c25b6c73ac3,732833,view,103,Keyboard,Accessories,Nigeria,desktop,organic,1,70,0.04,2026-05-24 17:55:09
5d18e3f1-c0c0-4a68-ae15-ddadebe4166f,383945d2-d0f9-4156-bd59-0de3ad917ca7,106,view,101,Laptop,Electronics,Rwanda,mobile,facebook,2,1200,0.19,2026-05-24 17:55:10
a54f8782-61b9-4153-99bc-65a5021a0dfb,1dccebf1-31e4-4ff0-984f-61b495dc902b,263,view,103,Keyboard,Accessories,Nigeria,mobile,organic,3,70,0.16,2026-05-24 17:55:11
30afea3a-33e2-4d9f-81eb-8f92c66a457c,53e348af-d1ee-4c9d-9267-a18790167a0c,372,purchase,103,Keyboard,Accessories,Kenya,desktop,organic,1,70,0.12,2026-05-24 17:55:12
2e853ca4-e2d5-4d92-98df-fa6280c6385c,4ab24dc3-4476-4543-84f3-16859f4d9e71,989896,view,102,Phone,Electronics,Nigeria,desktop,facebook,2,800,0.1,2026-05-24 17:55:13
2d0768e4-217a-410e-bde0-77da33a1ca37,28207c7c-08a3-4f51-acf7-423f19e3c95a,779152,purchase,102,Phone,Electronics,Nigeria,desktop,facebook,1,800,0.0,2026-05-24 17:55:14
24f883b8-60b9-4f20-93a5-1230f202d993,635ca8ba-02d6-4713-a2f6-d92e238d250b,110004,purchase,104,Mouse,Accessories,Nigeria,desktop,facebook,1,40,0.15,2026-05-24 17:55:15
1c56ea1e-9de5-4602-b5a0-74f627fb1457,d7b7e3fc-6481-4794-b981-29391eaad1e0,891,view,101,Laptop,Electronics,Nigeria,mobile,facebook,1,1200,0.2,2026-05-24 17:55:16
89989614-958e-4e99-af50-75018b02fb1d,2e949e7c-905a-42df-bad0-1084e96a7105,642498,view,101,Laptop,Electronics,Rwanda,desktop,facebook,1,1200,0.13,2026-05-24 17:55:17
170883a5-ec00-428a-a6d2-d6c2a338c3ad,1564f624-e779-4929-bf70-e9a913cb902f,959577,purchase,101,Laptop,Electronics,Ghana,mobile,google,1,1200,0.09,2026-05-24 17:55:18
21c3001b-6fde-404f-92a5-97f1bb50b78e,6d1f1292-1fbd-43ad-991c-ca4c8f23d040,631639,view,102,Phone,Electronics,Kenya,desktop,google,3,800,0.17,2026-05-24 17:55:19
e5414f5b-f235-4830-baab-0ab12371972f,22f1b4d7-a469-47b9-9199-5aeae3d95a3b,587971,purchase,102,Phone,Electronics,Nigeria,mobile,google,1,800,0.06,2026-05-24 17:55:20
5e1f3a3d-73e3-4562-a167-01b5b595d395,3323024e-87ac-46b2-93ed-21d4eed5228d,182752,purchase,101,Laptop,Electronics,Nigeria,mobile,facebook,3,1200,0.02,2026-05-24 17:55:21
8f1e236e-bd2f-4246-8318-94fac6e80c81,dafe359b-2ee3-45c6-a85c-2b63aa0999c6,166,view,103,Keyboard,Accessories,Kenya,mobile,facebook,2,70,0.05,2026-05-24 17:55:22
49563ea7-9824-492b-b810-4ab9d8dc5e73,1dcfe780-a38a-46bb-aed9-29d225040554,688,view,104,Mouse,Accessories,Rwanda,desktop,facebook,1,40,0.04,2026-05-24 17:55:23
5bedac2b-5b89-4a6b-81d0-2e9e27698d0b,000df2c5-593f-4dea-9e37-06db4b768887,93782,view,104,Mouse,Accessories,Nigeria,desktop,organic,4,40,0.13,2026-05-24 17:55:24
25a1c60b-9b67-464d-86a7-50c82bfb45ae,241689f5-5692-4977-9471-c91ca7d9e401,155795,view,101,Laptop,Electronics,Rwanda,desktop,organic,2,1200,0.05,2026-05-24 17:55:25
39ab4f45-fd0d-4a72-b939-04284e634f67,c52d78aa-c3af-4a3c-b059-6a8a56badb5d,155,view,101,Laptop,Electronics,Nigeria,desktop,organic,4,1200,0.14,2026-05-24 17:55:26
87174ac6-8247-4da6-9385-0e033a459846,58ecc64c-8013-4591-b594-4d50234b4191,443,view,103,Keyboard,Accessories,Nigeria,mobile,facebook,5,70,0.02,2026-05-24 17:55:27
9995420f-4b96-474e-8063-809cb283be7a,9b43ea34-80b0-40a1-a1fd-d8275e76a451,343125,view,104,Mouse,Accessories,Kenya,mobile,facebook,4,40,0.13,2026-05-24 17:55:28
f2147cc1-4c8e-4638-8128-14de3dad6ceb,72fc6cf9-1848-4c8a-8b0e-3d8271ae549d,545,purchase,101,Laptop,Electronics,Ghana,mobile,facebook,3,1200,0.1,2026-05-24 17:55:29
1add9b36-8eea-4763-af8c-1e08b8ee1886,7bd319ab-c821-4e01-92c5-b238c94e2076,130994,view,101,Laptop,Electronics,Nigeria,mobile,google,1,1200,0.03,2026-05-24 17:55:30
504cbd5f-7193-45ab-8e36-151b3ce06b5f,6642740f-f54e-4827-a6ad-064f44d1fd39,959782,purchase,102,Phone,Electronics,Ghana,desktop,facebook,5,800,0.15,2026-05-24 17:55:31
4c74aa57-69c4-4b4d-89c3-b3b7d45282cf,34c347ba-a352-4839-98bb-1bf57989600f,106,view,104,Mouse,Accessories,Rwanda,mobile,google,2,40,0.2,2026-05-24 17:55:32
a47e3cea-8fd1-4758-a009-00287ccb6935,779594f3-6616-49f3-a49b-bcb08eb857fd,685934,purchase,102,Phone,Electronics,Ghana,mobile,google,1,800,0.14,2026-05-24 17:55:33
ce7f8651-a0b7-4d40-b9ff-47ae2fec336c,905b37b1-1b8e-433e-80e1-6432088d525f,567,purchase,103,Keyboard,Accessories,Rwanda,desktop,facebook,2,70,0.01,2026-05-24 17:55:34
325a1793-e366-4db7-8b09-3c1449d41a46,db32b273-62d0-43fa-a1fb-4800e06d3416,25111,purchase,104,Mouse,Accessories,Rwanda,mobile,google,1,40,0.2,2026-05-24 17:55:35
adf33627-37ed-4662-8034-7705ed5d2bcd,f6cb102c-b03b-47df-bb7c-5a0068925644,657,purchase,101,Laptop,Electronics,Ghana,mobile,organic,5,1200,0.17,2026-05-24 17:55:36
802eddbe-4373-499c-a1b9-ac9c15872126,1639a3df-3243-494c-827a-2edfa92efd03,409073,view,101,Laptop,Electronics,Kenya,mobile,google,3,1200,0.09,2026-05-24 17:55:37
eb9f6235-522f-4724-afbf-f3baba25e392,ea898148-2900-439e-ac40-f05cc36d5114,658,purchase,101,Laptop,Electronics,Ghana,mobile,organic,3,1200,0.0,2026-05-24 17:55:38
4fa10d3b-cfb0-47c1-b46e-aa6352493a50,ee09f130-050d-4bad-aa33-c9c5bb4b9a15,413290,purchase,104,Mouse,Accessories,Ghana,desktop,organic,1,40,0.12,2026-05-24 17:55:39
0e2e0c04-fc87-4353-983e-af255db4375a,0e1d1d33-c7b7-4f9e-8f2a-449dfb66f17b,593739,purchase,101,Laptop,Electronics,Ghana,mobile,facebook,4,1200,0.13,2026-05-24 17:55:40
7cfd074f-5a9a-4d89-bca4-dded0c134053,e793eaf8-972b-4ff6-9695-b8ab89583f1e,37053,view,104,Mouse,Accessories,Nigeria,mobile,organic,5,40,0.09,2026-05-24 17:55:41
9bc2f2ea-d14c-483d-8c0e-734050c359a9,b01d35e9-9048-409a-beaf-f2d4d130fbd8,718541,view,103,Keyboard,Accessories,Nigeria,desktop,facebook,3,70,0.05,2026-05-24 17:55:42
d2bcd0e4-57ba-4ae7-a78a-ae2c447229de,da87de18-69e5-45d4-8aae-dfbdb9553291,878909,view,103,Keyboard,Accessories,Nigeria,desktop,facebook,1,70,0.09,2026-05-24 17:55:43
0f1e1ec4-52e5-4fcf-86b8-a5f50eb3343d,8ad81927-d7e5-4701-b7ee-3d25f77322d5,764211,purchase,104,Mouse,Accessories,Rwanda,mobile,organic,2,40,0.14,2026-05-24 17:55:44
876827a9-5eea-4005-b909-91dc28f078b7,e7a353fc-cc36-4925-b36c-4c7dee2ab02b,347324,purchase,102,Phone,Electronics,Ghana,mobile,google,4,800,0.14,2026-05-24 17:55:45
8ecb4304-6dbd-4d25-ab69-eb901c8b0d34,a8c406bc-81a7-4eb8-9cdc-e2e5238c4ee6,422376,purchase,101,Laptop,Electronics,Ghana,desktop,facebook,4,1200,0.16,2026-05-24 17:55:46
06f067ba-66e0-4ba5-a55e-b3caf21506df,96923296-301b-4d0c-ada5-8f06027452bc,849520,purchase,101,Laptop,Electronics,Rwanda,desktop,google,4,1200,0.02,2026-05-24 17:55:47
fd749f29-4e10-43bd-88d3-548adcc20aec,85a32478-f18d-48a0-9829-518c32bef284,976455,purchase,101,Laptop,Electronics,Ghana,mobile,facebook,4,1200,0.04,2026-05-24 17:55:48
1b57a8f6-7ad5-44a7-932c-ef6b4032001d,dc07a47b-e1a7-455a-abf1-d2914d774b70,314006,purchase,102,Phone,Electronics,Ghana,mobile,google,5,800,0.18,2026-05-24 17:55:49
d24b72c6-39a0-4403-b71d-0e3d0140c03a,1044c8da-efb9-45eb-916b-dcac5d1eb0f7,754253,view,103,Keyboard,Accessories,Ghana,mobile,google,4,70,0.09,2026-05-24 17:55:50
f6c7fc84-5d8c-4e57-bda6-cccbfd708178,4ab161d4-22f3-4bc8-885f-dacc873a0902,960285,purchase,103,Keyboard,Accessories,Kenya,mobile,facebook,2,70,0.08,2026-05-24 17:55:51
259a4781-e09d-4f35-8774-f583d9a604b9,04346dec-1546-4ebc-af41-10533393e301,502,purchase,103,Keyboard,Accessories,Kenya,mobile,facebook,1,70,0.06,2026-05-24 17:55:52
72d0876f-82eb-4b4a-a98c-1813ac5e5595,e1d5c321-9a88-4b42-9d92-6578b0892f64,618,purchase,104,Mouse,Accessories,Kenya,desktop,google,4,40,0.19,2026-05-24 17:55:53
96189314-0623-4378-a67e-148d6e0ece39,8cdc28fc-b6b8-4dbc-9aa8-a1813798b009,91451,view,102,Phone,Electronics,Kenya,mobile,organic,3,800,0.09,2026-05-24 17:55:54
b5f3a75e-a865-4eb2-bc86-40bc79ae53b6,2c473e2d-2184-4b0e-8a7a-c75f5c6bcb54,899224,purchase,102,Phone,Electronics,Ghana,mobile,google,3,800,0.02,2026-05-24 17:55:55
a8fcc731-4577-4506-9a18-0c6e7d327d17,ff35306c-a32c-4351-94a3-5d415ba8324f,217738,purchase,102,Phone,Electronics,Ghana,desktop,facebook,2,800,0.19,2026-05-24 17:55:56
14ca7e6d-b966-4bfc-b20e-996eb5386e86,9977d246-fcdc-4fc0-b147-a89e9cedc2c4,272,purchase,103,Keyboard,Accessories,Kenya,desktop,organic,2,70,0.02,2026-05-24 17:55:57
e266bafb-dfa0-4d9e-916a-085351f97eba,54bef67d-b04e-48bf-bc96-dc1e459fe6e7,460974,view,102,Phone,Electronics,Nigeria,mobile,google,4,800,0.18,2026-05-24 17:55:58
f4042623-438d-4691-acbf-ca8c147236eb,ece4e275-1f7e-43c1-ae86-026bebf2c048,958460,purchase,104,Mouse,Accessories,Ghana,mobile,organic,3,40,0.07,2026-05-24 17:55:59
0891e3c3-6317-4973-93c1-28da72324480,3d3a71c6-37e3-4c46-b0bb-ef41ab40b8dc,647256,view,102,Phone,Electronics,Kenya,desktop,organic,4,800,0.14,2026-05-24 17:56:00
c987643a-99f0-4ad6-995f-d4542cff78a7,430b36d1-d9a3-4bfb-87ea-794cd6d6a855,555944,purchase,103,Keyboard,Accessories,Ghana,desktop,facebook,1,70,0.2,2026-05-24 17:56:01
54775fc9-716a-419f-822c-240b68fd8d5b,9256a7fd-80e1-4d60-979e-1369961a30de,175037,purchase,104,Mouse,Accessories,Rwanda,mobile,organic,3,40,0.16,2026-05-24 17:56:02
57296a43-e048-49ee-97d0-27a3d1a226c4,722da4a5-8704-4212-bc51-bc581cc71ece,158548,purchase,101,Laptop,Electronics,Rwanda,desktop,facebook,1,1200,0.12,2026-05-24 17:56:03
2d601c57-df90-4941-8048-f1f3e030e571,53a3a9af-6093-4296-8e18-fde93aa28dec,241,view,104,Mouse,Accessories,Nigeria,desktop,facebook,2,40,0.13,2026-05-24 17:56:04
93f60039-d966-4be2-9d66-5affaf4b0bbe,db4df844-fd3a-4aa9-84b7-a7e764f117bc,621494,view,101,Laptop,Electronics,Rwanda,mobile,organic,1,1200,0.14,2026-05-24 17:56:05
ffeaac9e-3ea2-4fc9-8823-91405b4064e8,df735de1-4e79-48bc-8cd0-f3254b6ef5cf,451876,purchase,103,Keyboard,Accessories,Nigeria,desktop,organic,5,70,0.1,2026-05-24 17:56:06
8844d48d-b082-4543-ad3e-b12abe2c88d5,ab0fd044-7527-4795-8aaf-12543955d0a8,542,view,103,Keyboard,Accessories,Rwanda,mobile,organic,1,70,0.01,2026-05-24 17:56:07
7656c8a0-f770-44a3-b3b9-f7893e826df4,4139fbd3-bc5f-44bc-95a5-a71fbb543d98,329478,view,103,Keyboard,Accessories,Kenya,desktop,google,4,70,0.05,2026-05-24 17:56:08
38c2024c-b7bc-4f14-a32b-a415fcc3baa7,5bbd5d16-8f9a-4334-ad10-e68c3aca2f0d,58,view,102,Phone,Electronics,Ghana,mobile,facebook,1,800,0.05,2026-05-24 17:56:09
5e71234e-903d-4a1f-98f3-340eb7dcc9ae,2565c1c3-0ac6-40a0-8526-3f6545fc63ba,452,purchase,103,Keyboard,Accessories,Rwanda,desktop,google,1,70,0.12,2026-05-24 17:56:10
a618712e-834a-4a82-898c-d4700edd4f9d,661b989e-dc74-4771-96ff-841ebb1ee9b4,546457,purchase,103,Keyboard,Accessories,Nigeria,mobile,facebook,4,70,0.1,2026-05-24 17:56:11
16f56029-1edb-4913-a2b0-5996b41c946d,c17966c9-772b-4a4a-a800-e67ad72e3df9,727,purchase,101,Laptop,Electronics,Ghana,mobile,organic,3,1200,0.18,2026-05-24 17:56:12
0d4b63de-a1cc-4d3c-aed8-bb24e828ff58,9f7dae3e-f8eb-4b1e-88a1-5db96856d770,169,view,104,Mouse,Accessories,Rwanda,mobile,google,1,40,0.16,2026-05-24 17:56:13
77414bf3-13df-4bbf-856a-e5e635336562,c1a0c5b9-44fd-4863-b6ee-1ef3384958a1,114184,purchase,104,Mouse,Accessories,Kenya,desktop,facebook,4,40,0.14,2026-05-24 17:56:14
a7707d78-3662-4eb6-b90b-8c17a1598ab8,877952b7-cbe2-4e57-8c95-6ea78c1fa0fd,996,purchase,102,Phone,Electronics,Ghana,mobile,facebook,4,800,0.04,2026-05-24 17:56:15
9b5d14b6-e7d3-4581-a695-c73f0b2cdc1d,9b0b5fce-29de-4084-9bcd-35f360f3cb52,732808,purchase,102,Phone,Electronics,Ghana,desktop,organic,5,800,0.03,2026-05-24 17:56:16
f77fcd55-77d5-48aa-8ddd-d91c605835f2,3fc36332-ada3-447d-840d-e16fd8ca932c,879312,view,102,Phone,Electronics,Ghana,mobile,organic,2,800,0.04,2026-05-24 17:56:17
fa79e422-35ef-41ad-99c9-c241a0a9c4a4,1dad4342-3437-4f06-93f2-5fe65fbc5b5a,819,view,102,Phone,Electronics,Kenya,mobile,facebook,4,800,0.13,2026-05-24 17:56:18
d2fccce5-390c-4151-a27f-bf8ccb615557,b6091eca-cf49-494f-9d09-c3d1e2fe3728,326,view,101,Laptop,Electronics,Ghana,mobile,facebook,4,1200,0.19,2026-05-24 17:56:19
97f02b5e-e7bc-454f-8221-7826e0174bf4,b5b6ba7f-b97d-4cb6-8cce-8a986b8eeb11,702,view,101,Laptop,Electronics,Rwanda,mobile,google,2,1200,0.16,2026-05-24 17:56:20
275d6bc0-9d24-4453-844c-b8bf2b96d7ab,9f1c3281-580e-4af2-bc08-869560200bab,690,view,102,Phone,Electronics,Rwanda,desktop,organic,4,800,0.18,2026-05-24 17:56:21
d0514a37-ef4f-4bc9-a4ae-7091b864d5d3,26173d2b-2f92-44eb-aa5a-9ff23f381e69,655516,purchase,101,Laptop,Electronics,Kenya,desktop,organic,4,1200,0.09,2026-05-24 17:56:22
cb27cabc-0961-4cee-a31e-955d58c6d611,ba27bf7a-c06a-498a-959a-e584374a0b69,476662,purchase,104,Mouse,Accessories,Rwanda,mobile,google,2,40,0.0,2026-05-24 17:56:23
379edcbf-7e34-48c3-8ac1-09f2f928486b,1180edfb-948a-4859-9021-8f75c00f8c85,528,purchase,102,Phone,Electronics,Nigeria,mobile,organic,5,800,0.12,2026-05-24 17:56:24
bb981751-1b8e-474b-ad1d-896e2fb3daf9,073742b0-aa3d-4fbc-8821-bd0dfa189c54,647357,view,104,Mouse,Accessories,Nigeria,mobile,organic,1,40,0.06,2026-05-24 17:56:25
e41ce154-32a1-483f-a4cd-e10acd82c044,3f5aaaf1-e236-4f44-9ace-4b833ec31e85,859690,purchase,102,Phone,Electronics,Kenya,mobile,facebook,5,800,0.07,2026-05-24 17:56:26
4a4a2315-bf33-483b-b8b8-275a45b9666c,aee0378e-3ecb-491e-b174-ace58e709bb7,637183,view,103,Keyboard,Accessories,Ghana,desktop,google,3,70,0.04,2026-05-24 17:56:27
8e8a808f-ce35-4d5a-ad30-5e7e0bb4e033,c0d2d9c6-f8a2-4f21-88dc-7c7c57df788e,400970,purchase,102,Phone,Electronics,Kenya,desktop,organic,3,800,0.08,2026-05-24 17:56:28
aaab83d5-2f13-4664-bf18-afa6209a4f65,a30ab6d1-a7b4-4c3e-83a5-088ebc1efa5e,4533,purchase,103,Keyboard,Accessories,Nigeria,desktop,google,1,70,0.19,2026-05-24 17:56:29
337494fd-bc67-4b0b-b283-5840331226cf,7175e93a-cad6-46c3-b5c9-800d0f65551f,673998,view,102,Phone,Electronics,Nigeria,mobile,facebook,2,800,0.06,2026-05-24 17:56:30
8ec95006-d09a-48c5-86fa-37b5a7c9115f,8a4acdc2-4abb-4b50-b411-761e809a10a4,389356,view,104,Mouse,Accessories,Ghana,mobile,facebook,5,40,0.12,2026-05-24 17:56:31
cf3b41a2-0f1f-437b-b807-257a85544381,47d851b2-2f6d-4aee-b15f-a00ed8e13bd8,689464,view,101,Laptop,Electronics,Kenya,mobile,facebook,2,1200,0.11,2026-05-24 17:56:32
cbb7fc75-7813-42c9-a1be-08da79e6773a,95a6ed7d-f069-49a8-a1ec-1793695686b3,867,purchase,101,Laptop,Electronics,Kenya,desktop,facebook,1,1200,0.13,2026-05-24 17:56:33
89ed2be6-421b-4d1d-8b94-cb7f9000c385,5ce71cca-bb02-47a5-83ed-a2c0cd60a2b5,884,purchase,103,Keyboard,Accessories,Rwanda,mobile,organic,1,70,0.0,2026-05-24 17:56:34
58c13448-5fd3-4b70-b140-e60f024feaa8,99abf5e6-e302-40f0-93a8-b3e4ab50b3a9,955,purchase,104,Mouse,Accessories,Nigeria,desktop,organic,4,40,0.13,2026-05-24 17:56:35
c67d59ac-926d-41a6-bf75-2144ba312c48,5a921dc4-dec1-467b-a60e-500e42248d94,943241,view,102,Phone,Electronics,Nigeria,mobile,facebook,2,800,0.03,2026-05-24 17:56:36
2e4dc289-319d-4e46-9091-eb1a78d311ee,403ca289-887d-4a80-ab3a-ea9492c7c6ab,159048,view,101,Laptop,Electronics,Rwanda,mobile,organic,3,1200,0.13,2026-05-24 17:56:37
2f969ad3-e65d-49ab-b0b5-fbe1c70e9f8f,dd3086f1-a5e4-4e17-9353-d5551414b971,176136,view,104,Mouse,Accessories,Kenya,desktop,organic,2,40,0.17,2026-05-24 17:56:38
ceb1bf1a-b19c-4ea0-b146-834444b137bf,1aa366cf-ae7a-45f5-9e37-4f789a2b13ce,992774,purchase,101,Laptop,Electronics,Rwanda,desktop,facebook,5,1200,0.04,2026-05-24 17:56:39
85391086-3534-4441-b568-6af0f45ef3a8,795b3346-709c-4468-956d-1141150cc48a,399,purchase,101,Laptop,Electronics,Kenya,mobile,facebook,3,1200,0.14,2026-05-24 17:56:40
f8bdd837-1fbb-4ec9-b1dc-39af3935dd29,8979ec5a-2eef-42c7-bc97-3906d722c821,216502,purchase,101,Laptop,Electronics,Rwanda,desktop,organic,3,1200,0.15,2026-05-24 17:56:41
496e23d8-8a0a-4742-bb9a-d08f52a4b984,802a8511-0899-49af-a14c-dec0adb40afa,95649,purchase,104,Mouse,Accessories,Kenya,desktop,organic,3,40,0.19,2026-05-24 17:56:42
09ea1baf-6c12-41a4-92e3-98aefaaa285b,b5d91d33-9678-480b-b67a-d150d8094a57,980351,purchase,103,Keyboard,Accessories,Nigeria,mobile,organic,3,70,0.1,2026-05-24 17:56:43
5130646a-54f2-4a4b-bef7-60836bd52e8d,0a03da0c-2f66-4041-be64-de0e019c40b3,409543,view,103,Keyboard,Accessories,Kenya,desktop,google,4,70,0.09,2026-05-24 17:56:44
a4a805e6-e442-455d-a2bd-ac4e007dbeee,22c0850a-5264-41e8-8559-d383da8d0cdb,78884,purchase,104,Mouse,Accessories,Kenya,desktop,facebook,4,40,0.07,2026-05-24 17:56:45
6d0bdf2a-e159-4e21-b680-c8a0cca50207,94d56d09-52c4-4436-a696-7c755b9cd3b1,610511,purchase,101,Laptop,Electronics,Kenya,mobile,organic,3,1200,0.03,2026-05-24 17:56:46
f9594022-79be-4b64-9e03-4e8f95cc9c6a,c8bbfeee-544c-41a3-89a9-517d0762e92b,467650,purchase,103,Keyboard,Accessories,Nigeria,desktop,google,5,70,0.02,2026-05-24 17:56:47
9321776b-df6d-4a13-af3f-a2371ea7890f,33b7f6ec-d5c4-4dbc-85b6-538955d45b96,666169,view,104,Mouse,Accessories,Ghana,mobile,facebook,2,40,0.12,2026-05-24 17:56:48
fb4ae193-2ab3-4818-99d0-3cf324b75b04,915aed91-2e83-4ab8-a6b1-204541216f16,206115,view,104,Mouse,Accessories,Ghana,desktop,facebook,2,40,0.17,2026-05-24 17:56:49
d2ab4916-8a4c-4bf0-b44e-c135e0bfedd2,8d9ca803-e04d-46bc-99e8-921fe0824efe,799,purchase,103,Keyboard,Accessories,Nigeria,mobile,organic,1,70,0.13,2026-05-24 17:56:50
f3412750-6312-4e99-ad6b-87034883fe98,6edb0486-6815-4632-a7bf-eae27919f9de,851651,view,101,Laptop,Electronics,Ghana,desktop,organic,1,1200,0.02,2026-05-24 17:56:51
217bcb41-fdc1-45e4-8c17-942af5db2d3c,4e24529f-e7c5-4df3-8776-313d757671d3,155006,view,102,Phone,Electronics,Nigeria,desktop,facebook,1,800,0.13,2026-05-24 17:56:52
f2019f9a-43a1-40f8-a56f-2a5ee0d201a2,8aca2cad-83c4-46d9-92a5-c126aaaad875,903899,view,102,Phone,Electronics,Kenya,desktop,facebook,4,800,0.12,2026-05-24 17:56:53
1cc61f6c-d387-48b8-92cd-280c3223f809,0b4e654c-4911-4c11-bdbd-af19199904b9,811,view,104,Mouse,Accessories,Ghana,desktop,google,1,40,0.11,2026-05-24 17:56:54
2d9647c3-2d45-48a5-ba2d-0de2aed96d36,e0040267-bbf5-4d5b-9db7-c7745888dd7f,352,purchase,101,Laptop,Electronics,Nigeria,mobile,google,4,1200,0.2,2026-05-24 17:56:55
a6ecff0b-d1c9-40ad-a33d-b674340454d3,871e3e16-499c-443f-bafa-b906bb2b5f5e,437795,purchase,101,Laptop,Electronics,Nigeria,mobile,organic,5,1200,0.1,2026-05-24 17:56:56
c3616971-00f3-472e-a4fc-fe29b4d0818a,a506148a-5ee1-471e-a6de-40e00f36df00,633049,view,103,Keyboard,Accessories,Nigeria,desktop,facebook,4,70,0.01,2026-05-24 17:56:57
02fcf0ac-2969-4707-bbb6-a4ce58cfd708,c93665a9-a04d-4269-8572-a6b7b344eb13,990381,purchase,104,Mouse,Accessories,Ghana,mobile,organic,1,40,0.2,2026-05-24 17:56:58
5f6f71d2-530d-419c-8960-3279920d04d7,da4de49d-4cb5-4c17-b32f-ad7f184c7a56,137423,view,102,Phone,Electronics,Nigeria,mobile,organic,2,800,0.14,2026-05-24 17:56:59
cac352ae-b8c8-4aa6-b37e-7a96d541a3e2,c7b5c5a5-6846-4d0a-8e03-497834b7bd29,374792,purchase,101,Laptop,Electronics,Kenya,desktop,facebook,3,1200,0.1,2026-05-24 17:57:00
95e02610-c279-4776-ae0a-3d7367dc6280,d6a376c6-51f5-47b0-a3ea-9aa18a89c455,840327,view,103,Keyboard,Accessories,Nigeria,mobile,google,2,70,0.08,2026-05-24 17:57:01
a3b4f5e5-76f3-4be9-ab5c-af5e7b538a98,38ff731e-27af-49fe-b7ed-f51c7c9ec352,424,view,104,Mouse,Accessories,Kenya,mobile,google,4,40,0.06,2026-05-24 17:57:02
be4f1d71-0107-444b-872d-4bf8073611b9,1a45ca2e-0a10-45bf-9ced-83e2b99ffdeb,667187,view,103,Keyboard,Accessories,Ghana,mobile,facebook,1,70,0.1,2026-05-24 17:57:03
c269e555-042b-4f5d-8f8c-487675f3d71e,40ffd1c6-9f3c-48fa-aeb7-78f1885f0ae7,640300,view,102,Phone,Electronics,Nigeria,mobile,google,4,800,0.01,2026-05-24 17:57:04
f8e130b2-2f24-4763-a0b4-e5a837260c4a,a28e741e-87c8-4ff1-9460-1f3cf6a5fc29,910,view,104,Mouse,Accessories,Rwanda,mobile,organic,5,40,0.13,2026-05-24 17:57:05
05b3f8f5-1134-4eb8-8cce-b2b95ebe492a,4e0656f4-0bcb-454c-91e3-66e5aa5fd251,565037,purchase,104,Mouse,Accessories,Rwanda,mobile,google,1,40,0.06,2026-05-24 17:57:06
d91e40cb-f0f6-4718-8ae8-d45d90c7f060,6f648361-0e56-4a1e-bd81-d7fe3c02b82a,50690,view,102,Phone,Electronics,Rwanda,mobile,google,2,800,0.03,2026-05-24 17:57:07
5bda32d8-818c-4367-a4e0-daa66b5a6217,369f9a7c-5041-437d-83fb-07b0f4854639,235403,purchase,104,Mouse,Accessories,Kenya,mobile,facebook,3,40,0.01,2026-05-24 17:57:08
a813dc06-a79d-492d-9ed2-53281ae1ceba,94da20fe-2af9-491a-9ac8-9e66c025e57c,23549,purchase,102,Phone,Electronics,Rwanda,mobile,organic,3,800,0.16,2026-05-24 17:57:09
d669e34c-acd8-4ec8-bbed-a08e01c79cb4,59eefd64-33d9-460c-a10a-c934cf5830be,607741,view,102,Phone,Electronics,Kenya,mobile,facebook,3,800,0.01,2026-05-24 17:57:10
4ca7d5fb-150c-4975-82f5-3f85fc86dc8a,f55d9216-993f-4730-9c44-5341e9b7ba75,956011,view,102,Phone,Electronics,Ghana,mobile,organic,5,800,0.17,2026-05-24 17:57:11
38c5e837-1e16-4d40-a352-bd70b983b0a7,6e63fdab-3834-4b0e-9bf2-7d024a44abb3,740,view,104,Mouse,Accessories,Ghana,desktop,google,3,40,0.04,2026-05-24 17:57:12
a6bb68f8-c310-45d9-93b3-60a893077a91,c94fd88f-f291-42bf-a666-70ea81874b69,321039,purchase,103,Keyboard,Accessories,Nigeria,mobile,organic,1,70,0.07,2026-05-24 17:57:13
7d58356a-59cd-4cce-a60b-0a1e5867c9b8,90bf65d4-9e2c-493a-8f99-ecdce0536960,301,purchase,103,Keyboard,Accessories,Rwanda,desktop,organic,5,70,0.03,2026-05-24 17:57:14
5370d7b3-46e0-44a2-9961-0004c9186420,0222b950-bd0e-4ffa-b00a-e9fbf0f653dc,535043,purchase,104,Mouse,Accessories,Nigeria,mobile,facebook,1,40,0.14,2026-05-24 17:57:15
ef7ffbf0-1cf7-4705-987c-8f5d6d199b5c,839fff76-4c8a-45a8-99e3-a8e6d707742d,766527,view,101,Laptop,Electronics,Kenya,desktop,organic,2,1200,0.16,2026-05-24 17:57:16
745eca2d-9768-4f83-a956-7521fe31c579,143c821e-2203-4a67-895e-6a253761533a,818390,purchase,101,Laptop,Electronics,Kenya,mobile,facebook,1,1200,0.15,2026-05-24 17:57:17
18a94e98-734b-4c26-9c62-3e12931babba,4c51b806-c094-42dd-b040-f82c896dab43,676,purchase,102,Phone,Electronics,Kenya,mobile,google,2,800,0.17,2026-05-24 17:57:18
75e51278-0b04-4301-9870-b32f7eaf6a0f,c8d99255-e48f-4023-8aba-83b3a7ee4930,720984,purchase,101,Laptop,Electronics,Kenya,mobile,google,2,1200,0.05,2026-05-24 17:57:19
55525bb2-a4d8-4325-b30b-c757290e3647,f681a431-ec6f-44f9-819f-b05f47be414e,895,view,102,Phone,Electronics,Rwanda,desktop,organic,3,800,0.12,2026-05-24 17:57:20
c156d8fc-f715-461e-a6e4-c8453cc3033b,a495c804-3ee3-4c7c-bb47-2be814f963d4,444195,purchase,103,Keyboard,Accessories,Rwanda,mobile,google,5,70,0.01,2026-05-24 17:57:21
c7d3d5d7-ab23-4e90-9da0-aa1bda0e06f5,212a56ea-12e4-4387-b818-9386c7a25ba0,888085,view,104,Mouse,Accessories,Ghana,mobile,google,1,40,0.01,2026-05-24 17:57:22
a3041c48-4704-453c-9e54-9bdd357a2f32,40ab3b22-d46f-4b36-a931-2a8b703111c9,691694,purchase,104,Mouse,Accessories,Ghana,mobile,google,4,40,0.11,2026-05-24 17:57:23
82919ab5-dfc7-486c-8ab3-c433580e77be,005877ad-bb4d-4574-8d97-02abe179faad,960,view,103,Keyboard,Accessories,Nigeria,mobile,facebook,2,70,0.08,2026-05-24 17:57:24
b3657259-9f39-4651-b807-5c2800d6dbff,86e2d95f-a4a2-494b-a5df-0e0b17464f78,379182,purchase,101,Laptop,Electronics,Ghana,mobile,organic,3,1200,0.14,2026-05-24 17:57:25
7f74a600-fd80-4571-bf81-c370a261ddbc,9177b1dd-34e8-48ee-84bc-c967b809489a,418,view,102,Phone,Electronics,Kenya,mobile,organic,5,800,0.1,2026-05-24 17:57:26
de129f86-0dd8-4fac-bbe7-113ed8bf9f22,47862bc8-2310-4238-a4bb-85d1b7ea0b3f,562,purchase,103,Keyboard,Accessories,Kenya,desktop,google,4,70,0.03,2026-05-24 17:57:27
d8115ddd-f509-41a5-b232-95f7db05e7a5,72830231-75a0-48f2-a21f-195b68f9a728,769,purchase,104,Mouse,Accessories,Kenya,mobile,google,1,40,0.1,2026-05-24 17:57:28
7f28ae8d-5693-45b8-ba4d-d0a0c13ed837,4d7224d7-c749-4636-84fd-6aa87e6244b0,433797,view,103,Keyboard,Accessories,Ghana,desktop,facebook,2,70,0.06,2026-05-24 17:57:29
ac9d62bb-26f4-4d19-991b-2399e3eec6bd,b0fec663-2be2-4c32-9171-e48091bd1e12,546,view,101,Laptop,Electronics,Nigeria,desktop,organic,4,1200,0.15,2026-05-24 17:57:30
6329c205-21fb-4419-8b10-29b64cd5bf1b,4742aa82-59fb-482c-b544-6f801cdc73c5,896024,purchase,102,Phone,Electronics,Ghana,mobile,organic,3,800,0.16,2026-05-24 17:57:31
073cb97d-61ad-4705-bc55-ff8a85ddfaf0,59a2d66f-42a5-4bce-955a-b2afb0ecf343,298,view,102,Phone,Electronics,Nigeria,desktop,google,2,800,0.06,2026-05-24 17:57:32
756274ef-8766-4372-9f4b-edb98410637b,7d7c8434-1c55-486b-9a2e-ddb64a9c0963,292002,view,102,Phone,Electronics,Nigeria,desktop,google,4,800,0.16,2026-05-24 17:57:33
fda10493-3c30-42c1-9309-a4f2a264d970,01df420a-4e3a-42d8-851d-4a0bcebfaeec,394811,view,101,Laptop,Electronics,Kenya,mobile,organic,3,1200,0.01,2026-05-24 17:57:34
ffd029e3-6979-47ee-9464-adc8c8f8481f,261d696a-ed8a-4e46-8398-2109d4df0ae6,115,view,101,Laptop,Electronics,Ghana,desktop,google,3,1200,0.06,2026-05-24 17:57:35
3c24899b-f8c8-439d-b4d9-4a1f7f092985,d2d368e2-3b93-45d7-aff8-147689c7b8e2,955757,view,104,Mouse,Accessories,Rwanda,desktop,organic,3,40,0.06,2026-05-24 17:57:36
4f7199d5-9897-4953-8226-b1a4073881c9,539a242b-121f-4b21-8c1e-03c3d0028615,548,purchase,104,Mouse,Accessories,Rwanda,desktop,facebook,2,40,0.07,2026-05-24 17:57:37
ab536721-62cf-47e3-9125-49bd1bb30bef,1bffeff9-ed56-428a-80d1-61b750409670,264,purchase,103,Keyboard,Accessories,Kenya,desktop,facebook,4,70,0.1,2026-05-24 17:57:38
fcfe9d85-4705-4e15-8937-e5bafea03e41,7c504720-aa68-476b-9332-4f8b9321efb2,802330,view,101,Laptop,Electronics,Rwanda,mobile,facebook,4,1200,0.16,2026-05-24 17:57:39
d476eac9-eaa0-4771-84c3-f18b85f52d70,5f0013bb-8da8-43f2-bf14-cb47d8495d4d,910251,view,104,Mouse,Accessories,Ghana,desktop,organic,2,40,0.18,2026-05-24 17:57:40
b1d1a8f0-9957-411c-9d5c-05c63da36edb,9d8c8a72-c064-4576-ac34-eb912729f036,80233,purchase,103,Keyboard,Accessories,Kenya,mobile,google,2,70,0.14,2026-05-24 17:57:41
a0bb084c-e834-4c7d-adc2-774c7c4c8b41,bdb0269b-a559-462e-b37e-941fe4248a6b,682968,view,102,Phone,Electronics,Rwanda,mobile,organic,3,800,0.11,2026-05-24 17:57:42
ded7d173-4a83-4709-9fe4-2cd5c5b8fa49,aa8e75d0-56f1-4f64-8215-8e8f1c42b78e,785340,view,104,Mouse,Accessories,Ghana,mobile,google,1,40,0.02,2026-05-24 17:57:43
c4ed54fb-2e42-4aa1-a203-4fb293d5dc19,4d83a98d-8c2b-4876-996c-65c77f8dcc39,732382,view,104,Mouse,Accessories,Ghana,mobile,google,3,40,0.11,2026-05-24 17:57:44
9fec7c92-f0c4-4fea-a1f6-a8cc1c273564,ca69fdde-f469-49bb-9dac-d76493f00fd4,942739,purchase,104,Mouse,Accessories,Ghana,mobile,facebook,5,40,0.18,2026-05-24 17:57:45
a5e5b9b0-4057-4a9b-adc9-ee776992340f,5d77186d-7399-4964-9e1d-dafe05d1ead2,595831,purchase,103,Keyboard,Accessories,Kenya,desktop,organic,3,70,0.09,2026-05-24 17:57:46
a4939725-fbf3-4c91-ae8f-df8b81ec8477,b2b579a3-e796-4d2d-b582-e28993f91c3e,329745,view,103,Keyboard,Accessories,Rwanda,desktop,google,1,70,0.11,2026-05-24 17:57:47
b1d58a92-0541-4523-9bef-2c3b87c4dfd5,5e79d229-4881-4fb5-a6e9-895b03079d62,360521,purchase,103,Keyboard,Accessories,Rwanda,desktop,facebook,2,70,0.18,2026-05-24 17:57:48
5ae1f73b-8dc8-4e39-af7f-9fc5db3aad33,c17652dd-25cd-4272-a4b7-9b89b625d031,268152,purchase,103,Keyboard,Accessories,Ghana,desktop,google,3,70,0.07,2026-05-24 17:57:49
e7db2239-5491-4433-8556-ea866492fd60,a50cd223-54b1-4564-8580-a0e2402ea25d,341388,view,101,Laptop,Electronics,Nigeria,mobile,google,1,1200,0.12,2026-05-24 17:57:50
33958c33-8777-4c31-88d9-e767196a9ec0,54202a4f-45f7-41b7-8d5c-b9f3750f2bb6,566536,purchase,102,Phone,Electronics,Kenya,desktop,organic,2,800,0.19,2026-05-24 17:57:51
2920af0a-a57a-43d8-bb13-87ad03bd0065,1127ca2e-440c-422b-a9fd-c810d5391e0c,805,view,101,Laptop,Electronics,Nigeria,desktop,organic,5,1200,0.09,2026-05-24 17:57:52
d1d60b08-87a3-4e26-a388-f14e47cf8d9b,acf804bc-64ae-4a24-8d91-efaa7aba7e80,103,purchase,102,Phone,Electronics,Kenya,mobile,google,4,800,0.0,2026-05-24 17:57:53
264cd779-d10d-4134-8991-b5d9174389a0,140945be-8328-41ee-9727-62b4d5aa7935,653441,purchase,104,Mouse,Accessories,Nigeria,mobile,google,3,40,0.06,2026-05-24 17:57:54
21bf81a6-2727-4c44-9781-9c2d4e1c9499,6d59aefc-ddca-42fa-8881-ef751186670b,583,view,104,Mouse,Accessories,Rwanda,mobile,google,5,40,0.12,2026-05-24 17:57:55
69b75d7a-b7a8-42d8-aa9c-400c607feb4f,d4c51fae-4d8c-4d24-a325-eb50d59cd9d5,520,purchase,101,Laptop,Electronics,Nigeria,mobile,facebook,3,1200,0.0,2026-05-24 17:57:56
e8aa19f0-8484-446b-b80f-533aba9ce8f8,97921453-1a27-4b74-b9d3-7cd4437eb29f,840,view,103,Keyboard,Accessories,Ghana,mobile,facebook,1,70,0.18,2026-05-24 17:57:57
8378ee3c-c449-4b34-8267-77b22321180a,341e87c8-a9be-417b-8bd9-fbb559766046,651,purchase,103,Keyboard,Accessories,Rwanda,desktop,facebook,3,70,0.09,2026-05-24 17:57:58
7d494081-5094-4975-8dcc-38eaefaba5da,dab57d89-64a6-45e4-9b1b-3b1fc41474ef,985705,purchase,101,Laptop,Electronics,Rwanda,mobile,google,3,1200,0.15,2026-05-24 17:57:59
2c628594-348a-4b38-96f9-4445d42b08af,1515cd05-d042-4fa6-bd4c-50f089385811,669147,purchase,102,Phone,Electronics,Rwanda,mobile,facebook,1,800,0.13,2026-05-24 17:58:00
bb1be7d3-72f8-4513-bb06-d8f6e3cc6c81,d7ed7d4a-bf97-4f30-b745-f4f0042a49cf,92800,purchase,103,Keyboard,Accessories,Nigeria,desktop,google,1,70,0.14,2026-05-24 17:58:01
d518048c-8db5-4995-ad74-5b11248a2800,4e874dda-7a23-4835-b0aa-7d62cbf17a8e,338,view,101,Laptop,Electronics,Ghana,mobile,google,3,1200,0.03,2026-05-24 17:58:02
da2f18df-45b8-4475-963f-66f6c943832c,1acce875-3471-441f-b17f-bf17ba428f22,228917,view,101,Laptop,Electronics,Kenya,mobile,google,5,1200,0.0,2026-05-24 17:58:03
afba2a82-0d28-4993-974b-de0d2ce01857,028077b6-b359-435a-b864-3f7c30a1d0a0,108285,purchase,102,Phone,Electronics,Ghana,mobile,organic,1,800,0.16,2026-05-24 17:58:04
555ffde9-af68-45b6-8113-c47b1832fcc3,cd8a6fa4-24a6-4540-b18d-cd4d0620b9a7,830435,purchase,104,Mouse,Accessories,Nigeria,desktop,google,5,40,0.14,2026-05-24 17:58:05
af2b1978-fa72-4f40-a62c-6d80a417a13d,6c04cd7c-ac2a-4bbf-9f3e-a5b982c8b07d,752658,purchase,102,Phone,Electronics,Rwanda,desktop,facebook,5,800,0.19,2026-05-24 17:58:06
50f82ab1-716f-4ff4-9405-cdcde5524c54,4feb6f3e-cf80-4479-b1c0-bf2838dae83c,351872,view,103,Keyboard,Accessories,Rwanda,mobile,facebook,3,70,0.09,2026-05-24 17:58:07
cacee518-7da2-4482-ab83-06290de607ad,b0869d22-800c-462c-93e5-47b7780695c8,214847,view,102,Phone,Electronics,Rwanda,desktop,facebook,2,800,0.07,2026-05-24 17:58:08
12bc2799-7b05-4233-830b-2b7de588d2c5,7e9babb6-7732-4ad0-a122-e4dac6bd46b1,915,purchase,101,Laptop,Electronics,Kenya,mobile,google,4,1200,0.02,2026-05-24 17:58:09
618b4ebe-acd4-426b-892c-9a27bc598894,43250fa9-f4fc-4856-a039-f9b60dc9473e,133416,view,102,Phone,Electronics,Ghana,mobile,facebook,5,800,0.11,2026-05-24 17:58:10
1738a246-6bd4-460f-9095-675538506e16,cfcb796c-71fa-4d3e-bde6-0c8df6e7b592,55586,purchase,102,Phone,Electronics,Kenya,desktop,facebook,5,800,0.13,2026-05-24 17:58:11
467c7ddc-43ed-43af-acbc-639b041c2492,3ec95f28-0720-474e-9fed-2ca0ffb8b567,45232,view,104,Mouse,Accessories,Rwanda,mobile,google,4,40,0.08,2026-05-24 17:58:12
cc4c1190-d9a3-4356-a3a4-2f6ffcf5481c,e59c4a26-9532-4fdf-8e47-98194b16a371,802759,view,104,Mouse,Accessories,Nigeria,desktop,organic,2,40,0.12,2026-05-24 17:58:13
64353fe5-cc1b-4b1a-ab5f-cc9045e3efa3,ed717e6c-e25b-46be-ac9d-4685bb20e411,444121,view,103,Keyboard,Accessories,Kenya,mobile,google,1,70,0.02,2026-05-24 17:58:14
337302bf-c8f5-4999-b79b-fa24b78913d9,1d72b3c1-7f65-4ab4-8ee2-a80623b848e4,771880,purchase,103,Keyboard,Accessories,Rwanda,mobile,google,5,70,0.11,2026-05-24 17:58:15
a32ec58e-7caf-46ec-b5a2-4f0740ab9a12,0b0c1a4a-8678-40c2-8029-65c4e209d43e,833698,purchase,104,Mouse,Accessories,Ghana,mobile,organic,1,40,0.03,2026-05-24 17:58:16
2d884ab4-ff4e-4920-afdd-d4443e41af21,5ad10cd5-c921-4e05-a67b-02815deaf3f3,3502,purchase,102,Phone,Electronics,Kenya,desktop,organic,2,800,0.03,2026-05-24 17:58:17
3168311c-d15d-4611-af84-dfaadb88b722,e9181d22-9231-4567-9246-72cb60f16293,731699,purchase,103,Keyboard,Accessories,Ghana,mobile,google,2,70,0.15,2026-05-24 17:58:18
9e7b51bf-2e6b-4c07-8a8d-811f2c2185b2,a99812fc-e31d-4026-a50b-d14146d09908,820446,purchase,102,Phone,Electronics,Ghana,desktop,organic,2,800,0.06,2026-05-24 17:58:19
a1557ba5-885f-469d-ac33-6dac04655c70,5d2f2933-a542-4f8b-9bbf-946abeb66377,28,view,101,Laptop,Electronics,Ghana,mobile,google,3,1200,0.1,2026-05-24 17:58:20
c516f0a2-0df0-4cea-8e47-ea3cbc2d64bd,8fb1be73-4dab-4788-8978-b7841f65fd10,804916,purchase,104,Mouse,Accessories,Ghana,desktop,google,2,40,0.11,2026-05-24 17:58:21
6b45eb90-8e02-426c-bb74-af39f2ff6db2,ffd933a8-0630-4693-a29c-ff0a885f7104,497790,view,102,Phone,Electronics,Rwanda,mobile,organic,1,800,0.1,2026-05-24 17:58:22
2ed1d923-569c-4797-9ff8-480f19f9a3c8,80fdb81e-8bd8-4d68-8926-a54c44b2acf3,701611,purchase,102,Phone,Electronics,Kenya,desktop,facebook,5,800,0.08,2026-05-24 17:58:23
1f04ec3b-3989-460d-bbe0-f603483eff1f,905316ce-c9ae-4fcf-87a8-d887434f0b3f,170,purchase,101,Laptop,Electronics,Ghana,mobile,google,3,1200,0.1,2026-05-24 17:58:24
cd7de615-8a7c-470f-bfd3-a028609f4444,236186b8-e699-4f69-a445-905e4c80bfd6,388319,purchase,103,Keyboard,Accessories,Nigeria,mobile,facebook,2,70,0.09,2026-05-24 17:58:25
deea0bbd-5d29-4823-bde8-9205d6e64b56,d574a7c7-22f3-4973-8760-f1084acc52f6,288,purchase,101,Laptop,Electronics,Nigeria,desktop,facebook,3,1200,0.09,2026-05-24 17:58:26
4a03ce03-3ee7-4ef7-92b7-8a15d11de24a,0e749955-189c-4b10-a1d9-edf41728ba70,762176,purchase,101,Laptop,Electronics,Nigeria,mobile,facebook,2,1200,0.08,2026-05-24 17:58:27
b4189c5e-2bc4-4f3e-91bf-57dd80451afb,1dab4420-93e5-4f73-89bf-38c116897162,724484,purchase,103,Keyboard,Accessories,Nigeria,mobile,organic,3,70,0.14,2026-05-24 17:58:28
51bb8410-821d-4a67-ac34-c6698b309ef3,3dbf4c40-c910-49f8-a005-d19a82a72dff,47,view,103,Keyboard,Accessories,Nigeria,desktop,google,3,70,0.03,2026-05-24 17:58:29
f9ca0b41-3c61-4063-9488-6c9c0e7dc96c,a4730f0f-2acd-44a0-8268-2d6a46f5ccc7,269205,view,101,Laptop,Electronics,Ghana,desktop,google,2,1200,0.04,2026-05-24 17:58:30
ca85a310-e107-4311-8021-4c32ede2d912,e6eb3f98-1598-4e15-b2a6-da7fb355c29c,907,view,101,Laptop,Electronics,Ghana,desktop,google,2,1200,0.1,2026-05-24 17:58:31
c8c301ac-be67-4941-9598-0c7b6950989b,4e74fda6-4d19-4e17-bcb7-03a536669012,633,view,101,Laptop,Electronics,Nigeria,desktop,google,2,1200,0.15,2026-05-24 17:58:32
56f380c3-0051-4f75-8fca-c73ab34656d3,35c071d2-24d0-4966-af63-b9a89c8af5a1,205,view,102,Phone,Electronics,Rwanda,mobile,organic,3,800,0.17,2026-05-24 17:58:33
dfa2b36f-3adc-4ba6-94d6-30094bd1c7fb,4050b5a8-b6ed-41c8-af40-0480de955428,160,view,104,Mouse,Accessories,Ghana,desktop,facebook,2,40,0.1,2026-05-24 17:58:34
591f21ff-c840-4639-9907-62d1430af80e,e56f90a6-014d-4c5d-a2bf-f3b35e7cc7ea,473,purchase,103,Keyboard,Accessories,Nigeria,mobile,google,5,70,0.13,2026-05-24 17:58:35
38768a45-00d1-4429-a480-03c38133cf11,d267b9cb-9788-4340-a35b-6b0942098e1c,420212,view,104,Mouse,Accessories,Kenya,mobile,facebook,1,40,0.1,2026-05-24 17:58:36
5a1008cf-c4f1-42b6-9219-f7000ba95ffd,a02e955e-26a0-426f-8f4f-16e8737ccfe7,739809,view,101,Laptop,Electronics,Rwanda,mobile,organic,5,1200,0.14,2026-05-24 17:58:37
9836a19f-3546-42fb-988f-bdbfaba793b8,bded18bb-555a-4e4b-8c8e-104563477ca1,707654,view,103,Keyboard,Accessories,Rwanda,mobile,facebook,2,70,0.05,2026-05-24 17:58:38
a34cc324-f81c-4d73-9697-54a84b46ee97,5a259b19-84cd-4b22-943c-1917f9a2b3c4,235856,view,101,Laptop,Electronics,Rwanda,mobile,facebook,4,1200,0.14,2026-05-24 17:58:39
c9c0e788-22ca-48fd-b7f7-9a9178480f9f,4a134572-5543-4e43-8a65-729b01a2661c,861182,purchase,104,Mouse,Accessories,Rwanda,desktop,facebook,2,40,0.1,2026-05-24 17:58:40
4359651c-3563-47c6-a897-d39d29e57706,0da4cf43-b804-4c4f-94b0-ab0dcd5d8d72,944754,purchase,103,Keyboard,Accessories,Kenya,mobile,facebook,1,70,0.03,2026-05-24 17:58:41
9194f24e-29e2-4071-834e-00ceeacb6fb5,ba162c70-67f2-4d40-b3f6-20f2c9f2c815,354,view,101,Laptop,Electronics,Ghana,mobile,organic,4,1200,0.02,2026-05-24 17:58:42
af9038cb-5876-4924-8cb2-d80bd2810d1f,60263ed8-a1d1-43a4-b4f3-0320c766e5ec,286,purchase,101,Laptop,Electronics,Rwanda,mobile,facebook,2,1200,0.1,2026-05-24 17:58:43
6f1cd3fa-47cf-4cc0-88bb-1e0bf82c7ffd,a5ed7001-8c0d-4486-8cce-351e9a51d596,984983,purchase,102,Phone,Electronics,Ghana,desktop,google,3,800,0.03,2026-05-24 17:58:44
dd8240ba-9770-4c9d-a665-cf617331a721,4951476f-43d1-4476-a6e9-773751d0d531,114034,view,104,Mouse,Accessories,Kenya,desktop,organic,2,40,0.02,2026-05-24 17:58:45
d0932eef-ee78-451a-8e41-ad27d59c3e05,6947dd8b-6718-4ac1-b87e-a75d50a1e0c4,609321,purchase,104,Mouse,Accessories,Kenya,mobile,google,1,40,0.13,2026-05-24 17:58:46
3782e6ce-4c6a-4854-a4cd-15d693995c2c,37dcebe8-2dbd-4302-a5d6-f41ab8845d96,551648,view,103,Keyboard,Accessories,Nigeria,mobile,facebook,2,70,0.13,2026-05-24 17:58:47
89a4df7e-1ef1-4ee8-b17e-07ec5c633834,c7b7a2a0-fc9d-4cf9-9c76-b07295868eaf,504470,purchase,102,Phone,Electronics,Kenya,desktop,google,1,800,0.04,2026-05-24 17:58:48
272f4484-da7f-4109-8ec3-9fd1c5ee1f8e,add87dbc-d351-4c1a-b0e3-b007b94e279f,591,purchase,102,Phone,Electronics,Nigeria,desktop,google,3,800,0.06,2026-05-24 17:58:49
03b7625c-1479-4858-bab1-d13079909378,a985b0c4-e9e2-4fb3-9f33-f25300ca5b23,82217,purchase,102,Phone,Electronics,Rwanda,mobile,facebook,2,800,0.14,2026-05-24 17:58:50
408cc977-fc9f-4a62-a9cc-21b09f4cc8c2,1b074ee3-9582-47cb-b5c1-957f0140677f,294053,purchase,104,Mouse,Accessories,Rwanda,desktop,google,5,40,0.05,2026-05-24 17:58:51
839b7397-72dc-40e2-8d44-96200a8659bc,d2a6ef5c-5566-42dd-a069-dd5ef4e2d42c,649592,purchase,104,Mouse,Accessories,Rwanda,mobile,google,5,40,0.12,2026-05-24 17:58:52
285e9ddc-3fee-43ea-a29b-9293a1948920,4dcac02e-9a4a-4aee-9030-ba0ea976e4b6,897552,view,101,Laptop,Electronics,Rwanda,mobile,facebook,4,1200,0.09,2026-05-24 17:58:53
52c3a3d6-54b8-49ce-bebe-a677792964d1,b5b6d9a2-be54-4839-bb26-30f95eb9185c,382,purchase,104,Mouse,Accessories,Kenya,mobile,google,4,40,0.06,2026-05-24 17:58:54
4b3e6dc1-9c69-458d-a2d8-2e0bd45d0158,bb237733-f66f-483e-8d1b-845b5f9e4574,941068,view,102,Phone,Electronics,Ghana,mobile,facebook,3,800,0.2,2026-05-24 17:58:55
08d2b4a7-266a-48e8-8b45-a44e676c3fa3,92f108c8-531c-409c-a0b0-b4ccd7384334,495,purchase,103,Keyboard,Accessories,Rwanda,mobile,organic,1,70,0.1,2026-05-24 17:58:56
c449e159-a900-44d7-9440-8470a8f9beab,6bd165ad-a884-4b45-ba2f-e6d3d06ead1c,878165,view,101,Laptop,Electronics,Nigeria,desktop,google,5,1200,0.09,2026-05-24 17:58:57
3c81d0f5-159c-49eb-a4c1-4569e12ff804,f4d81c55-2181-46e7-913e-fa3152ddc281,817,view,102,Phone,Electronics,Nigeria,desktop,facebook,2,800,0.1,2026-05-24 17:58:58
9e714408-b882-4b71-96fe-08483b7dc36e,e8805f89-6c7d-4866-ad54-83722ea1d795,916,purchase,104,Mouse,Accessories,Nigeria,desktop,facebook,2,40,0.1,2026-05-24 17:58:59
3a228d76-3676-430e-babe-72e48cd0cefc,e5d1a8ac-91e3-4b96-82fd-5ddb3a229ebc,198,view,103,Keyboard,Accessories,Nigeria,mobile,organic,1,70,0.07,2026-05-24 17:59:00
f0b23be1-34de-41ef-8bc0-65358846520f,7af4dc01-fb7a-48d8-8bb0-79a8df35e9c9,11976,purchase,101,Laptop,Electronics,Ghana,desktop,facebook,3,1200,0.13,2026-05-24 17:59:01
64cc8418-a096-4667-9f5d-cb5d8ebe6ec6,2e801d12-137f-4127-b2e9-cc5cac4d4ae1,285440,view,104,Mouse,Accessories,Ghana,desktop,organic,1,40,0.08,2026-05-24 17:59:02
b4f89866-1a3b-438f-886c-f60c2ea095a9,6867e599-9718-44dc-9efb-34ce932fe4d5,113427,view,102,Phone,Electronics,Nigeria,desktop,facebook,5,800,0.17,2026-05-24 17:59:03
c60f97c4-4702-4550-8212-bd04fc726fc2,a2493043-624b-4752-b3d2-b7e130a08c37,22306,view,101,Laptop,Electronics,Nigeria,mobile,google,4,1200,0.17,2026-05-24 17:59:04
39f02a42-8b94-40f7-b5e0-e3ac66a4a862,b8ad8b01-f11b-490a-8905-66e632d52dce,804215,purchase,103,Keyboard,Accessories,Nigeria,mobile,google,1,70,0.13,2026-05-24 17:59:05
e071d215-0512-43eb-a06c-3d259c954a37,08c2a3b7-bfc8-4232-888e-3b4adb6ca83e,705903,purchase,104,Mouse,Accessories,Kenya,mobile,google,5,40,0.03,2026-05-24 17:59:06
7b52704e-925a-461e-8363-98e937421572,5b52f85a-5e57-4d22-b247-2f6c0dca4f64,145,purchase,104,Mouse,Accessories,Rwanda,desktop,facebook,2,40,0.17,2026-05-24 17:59:07
5fba4ac8-812b-41fd-a65f-c384024115a1,355ed6a7-53eb-41fb-859a-110d1df84d1a,560110,view,102,Phone,Electronics,Rwanda,desktop,google,5,800,0.08,2026-05-24 17:59:08
86cfdaf6-b61b-4ad2-85fc-28d3c82dcce1,e064f3b0-0e1a-482f-9b40-8cabb0b56c8e,685914,purchase,103,Keyboard,Accessories,Nigeria,mobile,google,5,70,0.09,2026-05-24 17:59:09
1982430f-f95c-405c-8bed-b13f8d8319b5,75b73130-07e4-4921-b3f4-ff601bd1ee1e,650659,view,101,Laptop,Electronics,Nigeria,desktop,google,5,1200,0.1,2026-05-24 17:59:10
360d0dab-dffd-42bd-94d8-67edc8312bd5,15690b57-a809-4b25-b667-97aece390f4e,951170,purchase,101,Laptop,Electronics,Ghana,mobile,organic,2,1200,0.15,2026-05-24 17:59:11
0e365194-96dd-41da-92bd-1d4dcb3e9a4d,1d3af243-18a2-4602-ac5a-f7b7a33a375c,150431,view,104,Mouse,Accessories,Kenya,desktop,organic,5,40,0.14,2026-05-24 17:59:12
8d2af192-b42f-459c-a537-a54ea9924ca6,78cca797-407e-4590-9a25-cd0c99025352,75340,purchase,101,Laptop,Electronics,Nigeria,desktop,organic,3,1200,0.02,2026-05-24 17:59:13
35145cfe-30d8-4a0f-8fd4-d127e64297c1,2f157c8f-7596-4721-98f5-065ad3c727ca,325575,purchase,104,Mouse,Accessories,Nigeria,desktop,google,1,40,0.02,2026-05-24 17:59:14
1f19eb65-5279-4360-9722-6cea99f77de3,8df33d63-c6ae-4f9e-9e79-9227c284a514,320086,purchase,101,Laptop,Electronics,Ghana,mobile,facebook,1,1200,0.1,2026-05-24 17:59:15
38143ee4-d1bd-48c8-9ada-424800250e33,d9628bc7-36ff-4146-961e-011023675a42,895,purchase,101,Laptop,Electronics,Rwanda,desktop,google,1,1200,0.01,2026-05-24 17:59:16
f7139c0d-066d-49ff-864e-8dac39b6e08e,92672f8e-82f1-4428-8510-ecbdc3778359,226948,purchase,102,Phone,Electronics,Kenya,mobile,facebook,2,800,0.13,2026-05-24 17:59:17
ab4baf21-c1e5-45bc-86d0-f6f75c749a56,c2ef885a-af98-483e-b120-541c1e658f14,625,view,102,Phone,Electronics,Kenya,desktop,facebook,3,800,0.14,2026-05-24 17:59:18
2c750467-05af-4a04-b69d-4dfa05c24f7d,ffcd00cd-fd4c-4e1f-acc9-8b5da0d3626e,53,view,102,Phone,Electronics,Nigeria,desktop,organic,5,800,0.19,2026-05-24 17:59:19
e620da2c-fe64-4a97-8646-ea4653f5709d,1979bfbd-7f16-4f49-8050-7a5f8a89d777,525,view,101,Laptop,Electronics,Kenya,desktop,facebook,3,1200,0.03,2026-05-24 17:59:20
d461a804-01a9-4cfc-b061-e898236df52a,0257be09-0dec-471a-b623-7091b41bcbde,194280,purchase,102,Phone,Electronics,Rwanda,mobile,organic,1,800,0.19,2026-05-24 17:59:21
a7739d03-f796-470f-b84f-ee0ae94a2c7f,aae49ca5-afd6-4298-99b8-19011795fdcf,469453,view,104,Mouse,Accessories,Nigeria,desktop,facebook,5,40,0.16,2026-05-24 17:59:22
df3e7657-3e41-47c9-abd3-fb6e3ad52213,72ac536d-a010-48e9-93b8-800dac6facb1,951207,view,104,Mouse,Accessories,Nigeria,mobile,organic,1,40,0.06,2026-05-24 17:59:23
d5d69fe3-4edd-4adc-b2d3-c4ffb2da7c27,3596d456-9a6a-433e-a4fa-3d562d37d969,21759,purchase,101,Laptop,Electronics,Kenya,mobile,google,1,1200,0.01,2026-05-24 17:59:24
41fb2227-f6ee-4f48-b9d5-2770ebb95368,5920b825-0888-4842-bbcc-1fe8c31b6943,630709,purchase,102,Phone,Electronics,Kenya,desktop,organic,4,800,0.02,2026-05-24 17:59:25
de31372e-46f1-48b9-ac8f-8732a7dbaac3,33d53399-35a5-4fb4-ad5c-504595f5544a,565,view,104,Mouse,Accessories,Nigeria,desktop,organic,1,40,0.18,2026-05-24 17:59:26
e27e0b21-d2cb-49ca-8e75-7fe3b6cbf69a,dedd58cb-6b90-4778-b486-9efe23a14fd6,765,view,103,Keyboard,Accessories,Kenya,mobile,facebook,2,70,0.16,2026-05-24 17:59:27
7fb2944b-e97f-44d1-8d50-c102d07e1c47,94cd50cf-c925-434e-a008-ec651b390310,231992,purchase,103,Keyboard,Accessories,Rwanda,desktop,organic,3,70,0.1,2026-05-24 17:59:28
1e584e14-6fca-4ca7-91c0-0c2a3fabaf36,e01eb189-f927-4c02-8e3c-a2beb08e171c,138,view,104,Mouse,Accessories,Ghana,mobile,organic,3,40,0.1,2026-05-24 17:59:29
d9ffeb5b-a517-4851-9736-8a289fc145ee,3f3fbded-e8cc-4bd5-9dd0-0ebc1f62ef76,684248,view,102,Phone,Electronics,Kenya,desktop,google,4,800,0.11,2026-05-24 17:59:30
4e296d18-b951-4c2e-9043-26f7a4d56ed9,a50802f1-4da1-4a99-bdf3-aebd9e4aab08,600358,purchase,103,Keyboard,Accessories,Ghana,mobile,facebook,3,70,0.03,2026-05-24 17:59:31
916bd0e1-72d2-4d09-8b2d-8796e6bdf03c,23323b0e-ee3c-4619-a0ad-0baf5e3e4c5e,469497,purchase,102,Phone,Electronics,Rwanda,mobile,organic,1,800,0.13,2026-05-24 17:59:32
e020a946-9ab5-44c4-82a5-06f2fa40fbad,6ab12782-0053-4e6d-8637-88694ed91874,838,view,104,Mouse,Accessories,Nigeria,mobile,facebook,4,40,0.0,2026-05-24 17:59:33
6796afa9-df99-452e-8f30-e6ea768a84bb,b6d7ba01-8e4a-40d6-89b4-0025398e1d73,181,purchase,104,Mouse,Accessories,Nigeria,mobile,google,1,40,0.11,2026-05-24 17:59:34
fcb880c1-48f4-4398-a704-36f1eb3690bd,6489b09d-75bf-43cc-a8e1-a7d6701eb930,697221,purchase,101,Laptop,Electronics,Nigeria,desktop,organic,4,1200,0.01,2026-05-24 17:59:35
ea4a9b34-36a5-4c04-932f-bb96a77a9d8f,dfbe9656-4f3f-445b-ad6b-ead8f73f3538,11831,view,102,Phone,Electronics,Nigeria,desktop,organic,3,800,0.06,2026-05-24 17:59:36
15cd478e-f4eb-459a-85fc-2fb9ee564a69,a51a6a58-cc75-4095-bb30-28e1289bd74b,305,view,103,Keyboard,Accessories,Ghana,desktop,google,1,70,0.12,2026-05-24 17:59:37
193e2e77-cbe2-4ca9-98f5-df513d66fb3b,e3a01859-8c0c-4019-96a6-59469fbb5c28,18726,purchase,102,Phone,Electronics,Ghana,mobile,facebook,3,800,0.18,2026-05-24 17:59:38
1091f0d9-3ce5-4a57-84e4-aee3ed447d5a,17c7f0f7-7b0d-40ad-897f-b0a5f3387078,611232,purchase,103,Keyboard,Accessories,Kenya,mobile,organic,3,70,0.1,2026-05-24 17:59:39
2cd56efe-87eb-4717-be3e-1217e2c4a374,c59391ad-e99d-4bd1-822f-7fe08fea008e,794308,purchase,101,Laptop,Electronics,Rwanda,mobile,organic,4,1200,0.18,2026-05-24 17:59:40
819b98c2-e490-45eb-bee0-ba8a1498823f,7f3c8d1c-25f1-4abd-b133-bbddba8a452a,121,purchase,104,Mouse,Accessories,Ghana,desktop,organic,1,40,0.19,2026-05-24 17:59:41
d2c9bb5c-9608-455b-86d1-31cc1d8b8c5a,bd4aaa98-fcc1-4366-b484-74cafa2bc9ae,53263,purchase,101,Laptop,Electronics,Rwanda,mobile,facebook,5,1200,0.06,2026-05-24 17:59:42
eae80adf-5f4c-4ff5-8dac-8fe7131c4307,b8049d03-5583-46f3-bc7c-9246c8ec0337,319385,purchase,103,Keyboard,Accessories,Nigeria,desktop,google,1,70,0.12,2026-05-24 17:59:43
6e4204c8-05ca-45e7-9e10-2e452c6d5094,e55f74c3-52fa-4992-81aa-70a3056629cf,525850,view,102,Phone,Electronics,Ghana,mobile,google,2,800,0.12,2026-05-24 17:59:44
0e7cde21-852e-471c-b1ca-4ce506d3de7f,38b8cd16-c5ac-488f-a074-1b220eea25c4,414410,purchase,103,Keyboard,Accessories,Rwanda,mobile,organic,5,70,0.17,2026-05-24 17:59:45
a98ff801-af4f-4c68-83c5-8a0bd2b4e944,918adf30-5e4e-4345-83ea-d5339df444e9,209802,view,101,Laptop,Electronics,Kenya,mobile,facebook,2,1200,0.05,2026-05-24 17:59:46
90c16c5f-e3df-45a9-a294-960d059e9bc8,3db3bc8f-bcf4-4d59-9f38-0c7f135601cc,812211,purchase,102,Phone,Electronics,Ghana,desktop,facebook,3,800,0.16,2026-05-24 17:59:47
5ff9c1a3-fbfc-4798-b9a5-511180eae90a,c517786c-aec5-4fdc-99f3-f5f256d361d2,786289,purchase,103,Keyboard,Accessories,Kenya,mobile,google,4,70,0.11,2026-05-24 17:59:48
857ace82-8f37-4eb6-93ac-90862e890e3d,f36d5fed-cd43-4094-aa33-f7639a6859b8,381982,view,101,Laptop,Electronics,Nigeria,desktop,facebook,4,1200,0.07,2026-05-24 17:59:49
11bb1c46-4b83-40b2-865b-ea9b76f0396b,40e4d592-77b8-47a5-a63c-198d7fae59b6,530,purchase,102,Phone,Electronics,Rwanda,mobile,organic,3,800,0.13,2026-05-24 17:59:50
f4407837-fa60-4ffb-b663-fe4ca7dd6cfc,2ae60654-a22b-4a8a-98ca-6f8bb251d57f,598068,view,102,Phone,Electronics,Kenya,mobile,google,3,800,0.05,2026-05-24 17:59:51
f5a99d7d-4dbc-4f2a-8e4a-6db7ffc101c4,ce39a4cc-dceb-4272-a57a-4f853c759cfe,293744,purchase,102,Phone,Electronics,Ghana,mobile,organic,3,800,0.02,2026-05-24 17:59:52
cdaa0f96-df3a-4c68-a55a-06a691425339,7525c622-54c3-4ed7-b53b-e83ac7aa4d28,623,view,104,Mouse,Accessories,Ghana,desktop,facebook,3,40,0.19,2026-05-24 17:59:53
14886cd8-a520-4440-85c5-545f6e71ea7f,2366b2a5-4de4-41f2-b3ca-7b6f5c48b265,938356,view,102,Phone,Electronics,Ghana,mobile,organic,5,800,0.01,2026-05-24 17:59:54
91de0f8a-548f-45aa-b285-8f397e8e39bb,12c4eb67-54de-4d63-9257-8887f90ea460,943275,view,102,Phone,Electronics,Rwanda,mobile,organic,5,800,0.13,2026-05-24 17:59:55
9ad6759c-5f85-4a9d-b24e-03138f5e28c6,38696467-807c-4058-89da-897fc6d68bd0,533515,view,101,Laptop,Electronics,Kenya,mobile,organic,5,1200,0.06,2026-05-24 17:59:56
b5e9a270-f73c-4008-863e-fc32ab55f23d,931c8337-015c-4b1d-9b15-55912a4fdd8c,461073,view,103,Keyboard,Accessories,Kenya,desktop,facebook,3,70,0.0,2026-05-24 17:59:57
0b8d4ec7-7bfa-418c-b1b3-37c0dbf1c032,9640db08-6c84-4537-9ee7-22ad63c3eadd,863660,purchase,102,Phone,Electronics,Nigeria,desktop,facebook,1,800,0.0,2026-05-24 17:59:58
26df6d40-2bf3-42bb-9e0d-43e32615b091,8fe66420-611e-4d09-a112-da997b217b7f,775,view,103,Keyboard,Accessories,Ghana,mobile,google,3,70,0.18,2026-05-24 17:59:59
fc7166b2-8735-4ce2-b37d-9523c6c9bd3d,f38e6364-55cd-4df2-80b6-fecebd9248b7,919849,purchase,104,Mouse,Accessories,Nigeria,mobile,organic,5,40,0.07,2026-05-24 18:00:00
de56b5f2-ef3c-4d13-8b06-29c2df170012,233d8b3f-c39f-4681-83ec-7633e45ba543,784028,view,101,Laptop,Electronics,Nigeria,desktop,organic,5,1200,0.06,2026-05-24 18:00:01
6b45ef80-0e10-47f4-a1dd-d11e81f11eca,ce82714f-1c3e-417e-bea6-7fe397cee283,631940,view,103,Keyboard,Accessories,Nigeria,mobile,organic,5,70,0.03,2026-05-24 18:00:02
6bffa16d-476d-4c4b-845f-fbfa8a82df94,8c0d0e4c-3f54-4667-b374-b7b94643a8a6,188126,purchase,101,Laptop,Electronics,Kenya,desktop,google,5,1200,0.05,2026-05-24 18:00:03
34b4af43-2cbd-4a7c-b72f-f063228e5fd6,3a918ab6-e025-4ec2-85ff-15d8b5f28600,611920,purchase,101,Laptop,Electronics,Ghana,mobile,facebook,2,1200,0.2,2026-05-24 18:00:04
596113bf-c01b-48e1-85f1-3acf57267b79,bc292cf1-c64e-45a1-b116-8193a26bec62,44898,purchase,104,Mouse,Accessories,Nigeria,mobile,organic,2,40,0.12,2026-05-24 18:00:05
467ec19a-9daf-4f3e-a63a-53ac23614fec,3feb7e06-2ec3-4e27-bd4e-0824c037c316,685,view,101,Laptop,Electronics,Ghana,desktop,organic,2,1200,0.03,2026-05-24 18:00:06
24c7ef95-cffc-4429-82c6-dde07aea716c,57488fa3-9b15-49dd-b791-28249af587f1,253,view,103,Keyboard,Accessories,Nigeria,mobile,facebook,3,70,0.11,2026-05-24 18:00:07
bfb028a8-5ba0-4ef6-924a-fddffc28173e,16f5e048-5283-4030-bc75-3e9cf67aa709,4556,purchase,102,Phone,Electronics,Rwanda,desktop,organic,2,800,0.08,2026-05-24 18:00:08
7b71c392-a57d-4575-9cc4-f82cbcab3560,4e4e30d5-2055-4969-b7b1-d0b6aae49f05,430,purchase,102,Phone,Electronics,Ghana,mobile,organic,3,800,0.13,2026-05-24 18:00:09
4c45a9a3-bce2-4d5a-ba3f-4b6d6aa5b3c0,b1472fde-ab9a-40fb-831a-fadd6a4b7c01,698600,view,104,Mouse,Accessories,Rwanda,desktop,google,2,40,0.17,2026-05-24 18:00:10
18753e68-7f32-446a-8b3f-31986876a3ac,44994cee-5d27-4ecb-96f6-3ea534411b54,972,purchase,103,Keyboard,Accessories,Kenya,desktop,organic,2,70,0.16,2026-05-24 18:00:11
7c47bfe7-1b1b-42be-a8e5-2fdabcbdba9a,7b199db7-b248-486d-bcf1-e17f1592f2f4,225081,purchase,101,Laptop,Electronics,Ghana,desktop,google,3,1200,0.02,2026-05-24 18:00:12
2ee0f9fa-078c-4739-aa14-466be574b2c3,d5c7c97a-838c-4829-b317-ec4968652909,89025,view,104,Mouse,Accessories,Ghana,desktop,organic,5,40,0.18,2026-05-24 18:00:13
06db0eeb-8e82-4a58-8ed2-a3201d0c07ba,751a6491-35f8-4426-b40a-f91d208fdca9,659265,view,102,Phone,Electronics,Nigeria,desktop,facebook,3,800,0.12,2026-05-24 18:00:14
e7c55b54-face-4d04-ad36-90590d753b6d,c7b7305a-3fb8-4924-96bc-6943faa28d65,308968,purchase,104,Mouse,Accessories,Ghana,mobile,organic,2,40,0.18,2026-05-24 18:00:15
d266ce7b-b07b-401e-a121-4d6af9c952e6,7973c0a2-55c5-4b5d-92f0-7611d25afc18,43677,view,104,Mouse,Accessories,Kenya,mobile,facebook,5,40,0.02,2026-05-24 18:00:16
effefd3e-b002-41e3-b6b7-8a613c6ba7af,929d8828-1a0a-43ca-8b3d-b24843e2240f,319854,view,103,Keyboard,Accessories,Nigeria,desktop,facebook,5,70,0.19,2026-05-24 18:00:17
a94c4b9e-a936-404d-94be-956288a6d923,cdc79dea-4e4f-4757-993e-27234b362672,121375,purchase,103,Keyboard,Accessories,Ghana,desktop,facebook,4,70,0.12,2026-05-24 18:00:18
a0eb567a-8514-4648-96f6-e8d34372bf35,088ca53c-9937-4f34-bbbb-a8471c376532,240362,purchase,102,Phone,Electronics,Ghana,mobile,organic,1,800,0.02,2026-05-24 18:00:19
9e8bd5ef-156d-4aaa-8a15-0a6d58b15419,6817e6a6-4a0a-4005-a897-809cc77fb609,209264,view,104,Mouse,Accessories,Nigeria,mobile,google,4,40,0.19,2026-05-24 18:00:20
082090ee-9df6-4bda-81f1-92bd88210318,a0764930-798c-4816-b5d2-e2dfec3c340e,540941,purchase,104,Mouse,Accessories,Kenya,mobile,google,2,40,0.0,2026-05-24 18:00:21
4bc35395-ef44-4710-9349-1c3421a8fbde,dd529a06-8a82-4372-9130-1bed310cacee,446545,purchase,101,Laptop,Electronics,Nigeria,mobile,google,4,1200,0.03,2026-05-24 18:00:22
97b0ef89-984c-46b9-9172-8b5e62aad014,f38d8180-25e8-4892-99b3-8d43577e25d4,138,purchase,104,Mouse,Accessories,Kenya,mobile,facebook,3,40,0.12,2026-05-24 18:00:23
68e3471b-9049-4bc9-899e-52a4aab32ce8,26124279-48e9-4559-8ffc-652a7b9b5d92,307584,view,102,Phone,Electronics,Ghana,mobile,facebook,3,800,0.03,2026-05-24 18:00:24
6c67e07a-21b9-4497-98f1-5f3fc74297c8,5973279b-7e1c-4303-86c8-acee232ff481,81,view,102,Phone,Electronics,Ghana,desktop,google,3,800,0.09,2026-05-24 18:00:25
181eccfb-3585-48cb-a134-161c584b69c6,c09f05ff-1333-4c59-ac9f-46956431df1c,278,view,102,Phone,Electronics,Ghana,desktop,facebook,4,800,0.05,2026-05-24 18:00:26
3d371ec8-cb1b-45f5-8514-21f9c7bd9c64,d2d80c62-21ff-411c-a0c3-c0aa5f4ce707,377242,purchase,103,Keyboard,Accessories,Nigeria,mobile,organic,1,70,0.09,2026-05-24 18:00:27
a7f4bcce-8271-497b-a44d-5ed167fd6bc0,1f3b6df8-413d-4a8f-b166-7453e8054a3a,923072,view,101,Laptop,Electronics,Ghana,desktop,google,1,1200,0.05,2026-05-24 18:00:28
ed39a2f9-6c88-4cb1-b5cc-9a9aa1393649,df16df51-3c6e-4e73-abd6-c83316550304,74643,purchase,103,Keyboard,Accessories,Nigeria,desktop,google,4,70,0.1,2026-05-24 18:00:29
239a5d19-8e3d-487a-9cc8-6a22f4c0af89,39701f84-62e6-4367-87a1-050d4e62a4e1,757,view,102,Phone,Electronics,Nigeria,mobile,google,3,800,0.06,2026-05-24 18:00:30
bad7ad88-bd04-458b-aa59-30258ecf8d38,584b1905-031d-4bce-ab14-f11b79c9ad54,64,view,101,Laptop,Electronics,Ghana,desktop,google,2,1200,0.11,2026-05-24 18:00:31
3db9bd46-f0f3-456e-a03c-4ee1e5d2cff9,7271aae6-556e-4c10-a44a-492aec0c7f58,647147,view,102,Phone,Electronics,Kenya,desktop,facebook,4,800,0.03,2026-05-24 18:00:32
c1615972-c2d8-4f7c-bc74-efa903239d37,99a8bc46-71d8-4617-aff3-0141fb565eb3,314,view,104,Mouse,Accessories,Rwanda,desktop,google,1,40,0.02,2026-05-24 18:00:33
9cb118dc-b50b-4e89-9874-78f50d9e894e,20a941c9-c200-4b8a-9766-ffb0f0d0419d,732482,purchase,102,Phone,Electronics,Ghana,desktop,organic,4,800,0.14,2026-05-24 18:00:34
b0c8fb26-75ea-4c22-ade6-e3dc3d018ea1,b7226fa8-61b4-4bcb-92a1-6c34d2cf2617,379364,view,104,Mouse,Accessories,Ghana,desktop,facebook,2,40,0.14,2026-05-24 18:00:35
b219c1b4-52be-45ae-b469-94e9de993907,ce877a39-984d-4567-9bdf-de4c615a1d78,725,purchase,104,Mouse,Accessories,Nigeria,mobile,google,5,40,0.17,2026-05-24 18:00:36
6614b262-b981-40a8-bf87-9f068da942cc,7e99d563-f9d8-4127-815d-c09257d1331e,516101,view,102,Phone,Electronics,Nigeria,desktop,facebook,2,800,0.01,2026-05-24 18:00:37
cdfc35bc-a9c8-44af-8b89-3dd0ac45ce60,0fe3c7d3-63bb-466d-bd7f-293286cabcfc,34240,purchase,102,Phone,Electronics,Kenya,mobile,google,1,800,0.05,2026-05-24 18:00:38
896889ce-ab50-42d5-ba19-a750a52a1911,937d10cd-ea5e-4de5-a4d4-58e324a0c0b3,743675,view,104,Mouse,Accessories,Ghana,desktop,organic,1,40,0.06,2026-05-24 18:00:39
d092804d-ec72-4c32-b93e-ba38a475ce49,7c1c820d-0b87-4950-99cc-2ab4ce62500c,486,view,103,Keyboard,Accessories,Kenya,desktop,google,2,70,0.16,2026-05-24 18:00:40
d39b142d-cab5-4059-93d1-5d2eb6dc67b9,9d2bed1b-bdd5-4b54-90bd-ebc355800b3f,642648,view,104,Mouse,Accessories,Kenya,desktop,facebook,4,40,0.07,2026-05-24 18:00:41
1e26e762-4b64-4b50-a927-e3bfdc0bc622,7e381e47-eefe-44bb-ad0e-0169d7b05a05,4117,view,104,Mouse,Accessories,Rwanda,mobile,organic,1,40,0.02,2026-05-24 18:00:42
37d40d0e-c273-4427-b1fc-b5d76664cd0d,5bf209eb-8d6e-4f88-8937-a9834e84d4f8,667690,purchase,104,Mouse,Accessories,Ghana,mobile,google,5,40,0.14,2026-05-24 18:00:43
1c7ebed0-c048-4c3d-9364-0298404d9eb7,af8d46f9-3e87-43f5-be8c-5f8dd9d93a5d,684857,purchase,103,Keyboard,Accessories,Nigeria,mobile,organic,3,70,0.03,2026-05-24 18:00:44
d8ee7091-a0b9-428f-9c36-7b9dd295e5b7,fa530a4f-278f-459c-bdd5-a9587e398c6d,549618,purchase,103,Keyboard,Accessories,Kenya,mobile,organic,4,70,0.01,2026-05-24 18:00:45
86d0f898-e410-4cd1-9bd9-f030f17f1d3a,3fe10b60-d30f-42f0-9242-da9ac04436e6,90,purchase,104,Mouse,Accessories,Rwanda,desktop,google,2,40,0.11,2026-05-24 18:00:46
76eac20c-8f1e-4c54-9f2f-ede56d9032a5,e61d3a7e-e337-43ca-99d8-fdd7c04314ef,10,view,103,Keyboard,Accessories,Ghana,mobile,facebook,5,70,0.16,2026-05-24 18:00:47
775cd77c-82c0-403d-ae31-ff7fd63c40dd,ab3477ed-cefc-4063-8e7a-ad1cde589ed3,781,purchase,104,Mouse,Accessories,Rwanda,mobile,facebook,4,40,0.2,2026-05-24 18:00:48
f945a8c5-046d-4671-a349-5aa154c8e271,85ab5b2b-df55-4963-b497-4c73a71fc6ef,105304,purchase,103,Keyboard,Accessories,Kenya,mobile,facebook,1,70,0.08,2026-05-24 18:00:49
da9669f0-0b88-401b-9fff-b95d40ee8537,ed019433-923d-49c2-aa0d-dd0906b13cc1,639951,purchase,102,Phone,Electronics,Ghana,desktop,organic,1,800,0.07,2026-05-24 18:00:50
5023fc9e-022b-44ff-a94f-8fbc64a1542d,4a850a66-f43c-4534-b24c-520c4af2084c,900107,view,101,Laptop,Electronics,Ghana,mobile,google,5,1200,0.19,2026-05-24 18:00:51
11f84fb2-c2ef-47fe-a7ab-8c2f465a89aa,f031e309-1015-4ffc-9d7a-556e2f4c4234,676,purchase,103,Keyboard,Accessories,Kenya,mobile,google,1,70,0.08,2026-05-24 18:00:52
ea2f7681-9092-4ca7-bd2d-04f340e7c03d,a626bbab-5efb-408b-b51b-cb67584d152e,905168,purchase,104,Mouse,Accessories,Rwanda,desktop,google,3,40,0.11,2026-05-24 18:00:53
03a433cf-c487-49b5-9f4f-82c12ce00c8a,a5b7aa83-494d-4433-9f38-19e7ef49adc2,833,view,101,Laptop,Electronics,Nigeria,mobile,facebook,1,1200,0.03,2026-05-24 18:00:54
295b302b-aed3-471b-867b-d0121e8d89bb,fe98788a-5e6f-4211-9929-00bd6502d6e3,148194,purchase,104,Mouse,Accessories,Kenya,mobile,google,2,40,0.02,2026-05-24 18:00:55
89cb9c2e-af5e-4e56-a30f-bf81418a4d4e,5aef6545-0a08-4ba9-a633-ad66dc7a8222,101977,view,104,Mouse,Accessories,Rwanda,mobile,facebook,2,40,0.11,2026-05-24 18:00:56
1bca132e-506e-4913-9d99-cbd8a2dd9699,093c187c-73b4-4b10-b0ca-a85f31a75e7d,955927,purchase,103,Keyboard,Accessories,Ghana,mobile,google,5,70,0.06,2026-05-24 18:00:57
fb2f3581-c39b-4f1e-8c8d-dd344b7f8ad5,1f85421d-d0db-41ed-a321-2b2fc4159360,226375,view,101,Laptop,Electronics,Rwanda,desktop,google,2,1200,0.0,2026-05-24 18:00:58
f920c507-622e-4c01-a262-a1a87222f33d,6f3df43c-5a05-4815-a173-a67f8244b5aa,643345,purchase,103,Keyboard,Accessories,Nigeria,desktop,google,2,70,0.05,2026-05-24 18:00:59
a2766c82-27e3-4dd1-9f1d-30e209efb8d0,743ddffd-48cc-427e-8fec-91024b9bcd74,171922,purchase,102,Phone,Electronics,Ghana,desktop,facebook,2,800,0.12,2026-05-24 18:01:00
61cb0942-511c-434f-ac8b-57fa938f2b9d,181b8a67-f60b-4da9-94fd-67fc09eb056b,250504,view,103,Keyboard,Accessories,Nigeria,mobile,facebook,1,70,0.12,2026-05-24 18:01:01
ff4d5178-5207-4501-933f-d4edc94e9107,496bd0d6-a426-407a-beed-5be6f3117208,629686,purchase,103,Keyboard,Accessories,Nigeria,desktop,facebook,5,70,0.13,2026-05-24 18:01:02
932e7edc-2c47-44e4-b7f5-5555a1e122d3,6810eb5d-dba0-4c60-af07-b76bcf81bf1a,638,view,104,Mouse,Accessories,Nigeria,mobile,facebook,1,40,0.04,2026-05-24 18:01:03
2f4651ba-3c15-4cd4-aa68-d3684e824f88,8ac1b640-f7b5-4cbf-aa7c-d4757e9b79b8,214,purchase,101,Laptop,Electronics,Nigeria,mobile,facebook,5,1200,0.15,2026-05-24 18:01:04
729e1bcd-b633-4caa-887d-02445b8fb90c,f0123276-c80d-48d5-846d-daa835aa015c,290287,view,104,Mouse,Accessories,Ghana,mobile,google,5,40,0.06,2026-05-24 18:01:05
396a9dd1-de48-4339-92fa-83d5f606f3b1,60eb427b-5cfd-4d28-b2ab-71017cb9a85b,488073,view,101,Laptop,Electronics,Kenya,desktop,google,5,1200,0.06,2026-05-24 18:01:06
c34c7799-474e-425f-83fe-fc01c40f9151,232213b1-251c-4b81-b178-34bd1344f779,944209,purchase,103,Keyboard,Accessories,Ghana,desktop,organic,2,70,0.04,2026-05-24 18:01:07
39b82a1d-a7bd-4ca0-9143-968bfbcd1eaa,bbc48f20-b827-453c-97f4-7f36c96096ae,393075,view,103,Keyboard,Accessories,Kenya,mobile,google,3,70,0.03,2026-05-24 18:01:08
5baef8d0-2475-4f44-88e7-61f9ba789eb3,b167a01c-c94b-4daf-9900-f5b44b021b86,814794,purchase,102,Phone,Electronics,Kenya,mobile,organic,2,800,0.02,2026-05-24 18:01:09
51e6a121-9115-4e96-9118-b70528841ed6,be9103b9-115a-4f9c-a62e-2fef76f12eae,460871,view,103,Keyboard,Accessories,Nigeria,desktop,google,3,70,0.09,2026-05-24 18:01:10
c053ea61-885a-40a1-aea8-10fd2a8a9e39,3373befd-742c-4885-89d1-62fc77d423e7,669,purchase,103,Keyboard,Accessories,Rwanda,desktop,facebook,3,70,0.0,2026-05-24 18:01:11
5c1cb6d8-77d8-4a9c-8d6b-ac44d113a9d4,6e1200a3-9a62-4f69-9e65-f77a07a39c6e,54985,purchase,103,Keyboard,Accessories,Kenya,desktop,organic,2,70,0.19,2026-05-24 18:01:12
2ce8bff9-84c5-4495-8660-8dc8094d2af8,b7970a87-9d54-46dd-9051-979f65fb8f67,354,view,103,Keyboard,Accessories,Nigeria,desktop,facebook,1,70,0.1,2026-05-24 18:01:13
fc30af52-93b8-41e1-99fd-7cf756d71911,b67b2a54-a674-4d86-a36f-7ced7519130d,858095,view,101,Laptop,Electronics,Nigeria,desktop,google,2,1200,0.13,2026-05-24 18:01:14
1a52a11a-937f-4742-ba7d-22c6245d19ca,7ef2f1a4-b2e7-49be-a8c2-208667b01f68,204072,purchase,103,Keyboard,Accessories,Ghana,mobile,organic,2,70,0.19,2026-05-24 18:01:15
6a74bf99-895f-4bf5-a32c-40f59fba0099,5beaf37c-9ae5-4217-9a62-a9d70a58dca6,967938,purchase,101,Laptop,Electronics,Kenya,mobile,facebook,3,1200,0.05,2026-05-24 18:01:16
c5253911-1539-429c-a251-53e2d86402ab,42303823-fe9d-4bd6-8a1b-76cbfe5d31ca,780107,view,102,Phone,Electronics,Kenya,mobile,organic,3,800,0.04,2026-05-24 18:01:17
38d3fc11-b56f-4704-b5bc-b48ebea91a4b,1cdff471-393d-4a50-bb74-a82487e935a0,719,view,101,Laptop,Electronics,Ghana,mobile,facebook,2,1200,0.01,2026-05-24 18:01:18
73ac7fcd-5ddb-40f6-8729-7fa0435ca21c,bbe2539a-4436-412a-ac05-7dc79a91802f,365992,view,102,Phone,Electronics,Rwanda,mobile,organic,4,800,0.02,2026-05-24 18:01:19
1c9e75ea-1e0b-41ad-a528-d749951f2265,ef2d94ff-b948-4d29-ade3-360c0028b56a,406212,view,101,Laptop,Electronics,Kenya,desktop,organic,1,1200,0.02,2026-05-24 18:01:20
98216717-5187-4764-a90a-f63a80c6a637,ca18b208-cf72-48b1-8fc1-3e6310bc1b25,114519,purchase,101,Laptop,Electronics,Rwanda,desktop,facebook,3,1200,0.03,2026-05-24 18:01:21
06be0ea3-7e1d-4512-875e-c7c263067034,08748f55-1c88-428d-a6fd-9a8e0eced87b,940906,purchase,103,Keyboard,Accessories,Rwanda,mobile,organic,4,70,0.13,2026-05-24 18:01:22
903c746b-1df9-4aea-9e2c-9911d0aec31b,2a38fefe-4c23-4448-a2af-a7d4e427dbee,197609,view,101,Laptop,Electronics,Nigeria,desktop,google,1,1200,0.05,2026-05-24 18:01:23
67ea0cd2-180e-486d-8a3f-fe6f4d71dd73,2a7f2881-279b-4244-b45d-dad4ce7dfaa6,603,view,103,Keyboard,Accessories,Kenya,mobile,organic,1,70,0.11,2026-05-24 18:01:24
2511e385-9705-4c6d-9ebb-a0eebd617413,7e2b81cd-53cf-451e-9c45-ccdc22f6dbaa,59498,purchase,103,Keyboard,Accessories,Ghana,mobile,facebook,3,70,0.12,2026-05-24 18:01:25
f385ec60-bee5-4728-b2a4-2f9227d36536,ec15d18c-fbdf-4f4e-98e9-b2c30300f31e,483750,purchase,101,Laptop,Electronics,Ghana,desktop,facebook,2,1200,0.12,2026-05-24 18:01:26
8d45fb3a-884e-48c8-8737-2a8376fbc1de,102c3dc4-9751-4bf1-a0a6-94547f5be982,626,view,104,Mouse,Accessories,Rwanda,desktop,facebook,5,40,0.17,2026-05-24 18:01:27
1ea9dfc1-bdde-4414-a20b-52ee2b13bbdf,d526fa43-60ab-497b-aaa1-4ecfe67e7f77,111,purchase,101,Laptop,Electronics,Rwanda,mobile,facebook,4,1200,0.06,2026-05-24 18:01:28
29314a59-508f-42e2-90b6-f833b939ad95,22b08827-eba5-453d-9945-3d181a7613c9,634301,view,103,Keyboard,Accessories,Ghana,desktop,google,5,70,0.17,2026-05-24 18:01:29
559c7cb2-23e5-4963-a832-941b37707867,d8638dd2-d66a-4380-a4c1-2a4658b2cca6,992493,view,103,Keyboard,Accessories,Nigeria,mobile,google,1,70,0.08,2026-05-24 18:01:30
564017fa-26fc-47db-9d33-bc9b428c6309,db2ba60c-0cb0-42b7-accb-f822fa605a3f,583,purchase,101,Laptop,Electronics,Kenya,mobile,facebook,5,1200,0.17,2026-05-24 18:01:31
e0927b80-ed7d-4da1-b047-9e6504fbf0de,6227ee8f-88a3-4421-88f7-c940371746b1,574,view,101,Laptop,Electronics,Nigeria,desktop,facebook,3,1200,0.18,2026-05-24 18:01:32
915f831e-1c85-4e8a-9fa0-afe8eed7289c,eafe708a-a0a8-425b-9a10-c90e02002fad,438487,purchase,103,Keyboard,Accessories,Ghana,desktop,google,3,70,0.03,2026-05-24 18:01:33
f37f6261-737c-4215-9182-f0b64cad1a89,6d03752f-218b-4c5f-a981-e8ddbc244d3d,405935,view,104,Mouse,Accessories,Nigeria,mobile,facebook,5,40,0.13,2026-05-24 18:01:34
198c74c3-3213-40ac-87a9-2885c9fe207b,127a1f7a-afde-4e73-a7e3-30d0932931b7,340027,purchase,104,Mouse,Accessories,Rwanda,desktop,google,2,40,0.1,2026-05-24 18:01:35
80bb17e8-7f22-405e-8fb2-01632b09b60e,0e53a8d6-1495-42db-8303-a6ed9b55c5b8,148227,view,102,Phone,Electronics,Nigeria,desktop,organic,5,800,0.03,2026-05-24 18:01:36
1639fc35-ea2b-447b-a203-bc3a337c5923,49c04225-8902-4f7d-8578-1ffb2ab28a78,622,view,104,Mouse,Accessories,Rwanda,mobile,organic,3,40,0.05,2026-05-24 18:01:37
26e6ab25-d11c-452d-b7e3-81bd21386fce,18ede1a1-93a8-426a-b0e9-ce6a844ab604,731253,view,104,Mouse,Accessories,Kenya,mobile,organic,5,40,0.03,2026-05-24 18:01:38
be86dcfa-d847-4fb6-8952-760d5a491c9f,759ae2e7-bee1-4c1b-9f06-f6452c932766,19061,purchase,103,Keyboard,Accessories,Rwanda,mobile,google,3,70,0.07,2026-05-24 18:01:39
559cd1e1-f813-45d7-979c-f64931913c56,f439e957-4553-42a2-a8ca-b478e0463dd6,787880,purchase,101,Laptop,Electronics,Ghana,mobile,facebook,4,1200,0.09,2026-05-24 18:01:40
3a2a1ee4-3ee1-48ed-8c24-ca2d6f36ec2f,78231a33-3354-4e67-b521-2818a4422917,754,purchase,102,Phone,Electronics,Ghana,desktop,organic,5,800,0.02,2026-05-24 18:01:41
9187d47f-5cbb-4354-a126-2aec7b669df3,778b91ec-b911-43ed-89bc-d4117da99681,18753,view,101,Laptop,Electronics,Rwanda,desktop,google,4,1200,0.18,2026-05-24 18:01:42
5aa73d98-9e3d-407d-9e31-bce298ca530c,46ad088c-ee9d-4043-be42-bb4f49361dba,81315,purchase,103,Keyboard,Accessories,Kenya,desktop,facebook,1,70,0.13,2026-05-24 18:01:43
3b9ece98-7972-483a-a2c2-3aab524e3d4d,ec5ba66a-c218-4e27-a9de-57965f858586,909015,view,103,Keyboard,Accessories,Ghana,desktop,facebook,1,70,0.13,2026-05-24 18:01:44
e4cf40eb-72d8-40b2-ab0b-047c5c4a484a,81eebaf9-55e9-4101-9793-3b0e92615a6a,870220,view,102,Phone,Electronics,Nigeria,desktop,facebook,2,800,0.04,2026-05-24 18:01:45
2a707ee9-22b6-465b-84fe-a87d615d977b,96269f10-5606-4a76-95fb-8241ead5bfd1,142412,view,101,Laptop,Electronics,Kenya,mobile,facebook,2,1200,0.18,2026-05-24 18:01:46
f5c5ddfb-659b-4e72-ad2d-f05d790d7e47,59622086-92a0-46c4-9bc3-348d07031f49,725,view,104,Mouse,Accessories,Nigeria,mobile,facebook,3,40,0.07,2026-05-24 18:01:47
419a30b8-83d2-4aa9-9188-91b6e97f2611,888d40c6-6912-4465-b418-360f12d16985,779,purchase,102,Phone,Electronics,Nigeria,desktop,organic,1,800,0.08,2026-05-24 18:01:48
f8d4fd69-46f3-4256-ae88-1d3cf9a18285,4353a091-ff4c-49ce-a10b-4683d9c7f266,953180,view,102,Phone,Electronics,Kenya,desktop,google,2,800,0.03,2026-05-24 18:01:49
73d3b7a5-dbec-4761-9cdd-4c730721cbe5,8f0fbe7d-967d-4867-81ff-5bc6a078275e,522543,view,102,Phone,Electronics,Nigeria,desktop,facebook,4,800,0.11,2026-05-24 18:01:50
d0433fda-4296-41f8-a521-2ecbc3c2e69b,63529767-e45c-482c-9c88-6a8f677a375a,358590,purchase,103,Keyboard,Accessories,Nigeria,mobile,google,5,70,0.08,2026-05-24 18:01:51
89239af3-935e-435f-ad46-0d3485287c08,eaf56b34-e053-4444-b3e3-f2dafab14271,999812,view,102,Phone,Electronics,Nigeria,mobile,facebook,5,800,0.04,2026-05-24 18:01:52
13b7fff4-eab1-4371-844d-8354783da4de,a207a1cf-6418-4af7-b801-42b699cc307d,807,view,101,Laptop,Electronics,Rwanda,desktop,facebook,4,1200,0.1,2026-05-24 18:01:53
5820e494-a2c6-49a6-b5a7-510dab375139,5322eb0c-b368-4c97-a769-18b8889dc981,898455,purchase,103,Keyboard,Accessories,Kenya,mobile,google,2,70,0.0,2026-05-24 18:01:54
1e63700d-17c3-4603-b525-d39478eb5370,c85d4abb-478d-48e3-b72b-61b00c1f0422,898611,view,101,Laptop,Electronics,Nigeria,mobile,google,3,1200,0.15,2026-05-24 18:01:55
5095ba19-472d-4eec-97a2-39e3d0b3b601,c9a08d24-dab0-4412-ab7e-ab74a42dc911,494756,purchase,102,Phone,Electronics,Nigeria,mobile,facebook,5,800,0.04,2026-05-24 18:01:56
77a86b75-861a-4b0f-9eae-f7f3cefaf6b2,d1ee52cc-c554-4a80-a2fb-3c0f73b19d99,983,view,101,Laptop,Electronics,Nigeria,mobile,facebook,4,1200,0.11,2026-05-24 18:01:57
aaec0bca-f1d6-4bc3-80d2-40bed8b897d5,4487ef2c-3467-4f80-a41f-444c26bf901b,374973,purchase,103,Keyboard,Accessories,Rwanda,mobile,facebook,4,70,0.05,2026-05-24 18:01:58
64135041-a246-43fe-969a-628f01d02626,6addce80-c173-435e-a326-bcfd3c662a38,788,view,103,Keyboard,Accessories,Kenya,desktop,organic,1,70,0.18,2026-05-24 18:01:59
b78e66fe-92e0-4ccb-9a30-0b93949f6f4c,91282074-64ae-4a2b-a881-aa5cf3955e4d,709,view,102,Phone,Electronics,Rwanda,mobile,facebook,5,800,0.01,2026-05-24 18:02:00
4d26c2c5-4b3e-4d3d-84d1-f4e9af841901,9caa331c-37ee-45b0-92d4-ffb7eae006df,254124,view,103,Keyboard,Accessories,Rwanda,mobile,google,4,70,0.1,2026-05-24 18:02:01
4e8c619d-c50a-4650-b458-05f942bafc44,2012c639-2370-4126-9227-e4209895c364,365518,view,102,Phone,Electronics,Nigeria,desktop,organic,3,800,0.1,2026-05-24 18:02:02
4caa901f-1594-40df-9642-b9f4a73ce13a,9e0fdb0c-1fd6-4eb1-a60b-4e55c77ac2e7,365740,view,102,Phone,Electronics,Kenya,desktop,organic,5,800,0.09,2026-05-24 18:02:03
fcd1480a-3521-433a-bdeb-05547e4edc58,66286b0e-9877-4797-a7ce-8cf58c694e10,755963,view,103,Keyboard,Accessories,Ghana,mobile,google,5,70,0.15,2026-05-24 18:02:04
6c2f1401-fa7e-42cf-936b-7d64eff8940d,72f0f241-df1b-43c1-ad7b-d9ec1df59657,331859,view,104,Mouse,Accessories,Nigeria,mobile,facebook,2,40,0.15,2026-05-24 18:02:05
c3b8a7c5-e73c-440f-b7d4-c487fa3cee93,0a4e9ee4-bdf1-4e39-965f-d01309932ca9,114036,view,101,Laptop,Electronics,Nigeria,desktop,google,1,1200,0.04,2026-05-24 18:02:06
0aeb626a-6152-4184-8b51-8a28a1096feb,06daf33b-2dd9-454d-8f0d-ddf68acc8bc1,595465,view,104,Mouse,Accessories,Kenya,desktop,organic,4,40,0.16,2026-05-24 18:02:07
d6d2e270-6056-4d7e-b411-b39b02b4dbb1,a315eac0-c26a-4f65-842e-e53ebe4d8a31,976498,view,102,Phone,Electronics,Nigeria,mobile,google,3,800,0.03,2026-05-24 18:02:08
ff662c0a-d7e7-406b-be6c-be5ee23be8ba,13c845eb-ff94-4761-9791-0a6c2475c2b6,804,purchase,103,Keyboard,Accessories,Rwanda,desktop,facebook,4,70,0.13,2026-05-24 18:02:09
14bbfb37-746b-488e-b782-85b0dc75a1ef,e4f48c9d-dabc-4873-8d38-73c11d90d590,366264,purchase,103,Keyboard,Accessories,Nigeria,desktop,facebook,2,70,0.1,2026-05-24 18:02:10
02f9995e-6bd1-4536-9805-8260421c3725,bb324e62-485c-48b7-89f5-c35544838c57,646282,view,104,Mouse,Accessories,Ghana,mobile,google,5,40,0.01,2026-05-24 18:02:11
8d5110cb-6e3e-42bb-9a61-2c361c96f8ba,ef72bffe-ed0b-4603-ac73-9b03854c0c1c,742634,view,101,Laptop,Electronics,Kenya,desktop,organic,5,1200,0.03,2026-05-24 18:02:12
f78e98e3-56f6-4df6-858a-08541f6ae3fd,baa0e285-6a9a-49e8-a10f-ce02b1f28c79,389039,purchase,104,Mouse,Accessories,Rwanda,desktop,facebook,1,40,0.2,2026-05-24 18:02:13
08524fef-13ac-4447-8141-1be2c1f49db6,24d05ac7-f3ea-4cf0-87c8-1351f6a09b56,700173,view,101,Laptop,Electronics,Rwanda,mobile,google,2,1200,0.1,2026-05-24 18:02:14
704bd01c-f076-496a-899b-8b15f778493e,7756cfd9-b105-4d12-be54-be3f06f9a9de,653,view,104,Mouse,Accessories,Rwanda,desktop,organic,5,40,0.11,2026-05-24 18:02:15
b6d30cc1-b1a0-4ada-9be3-b76843e2e84e,b8c8acd0-1cea-4d53-beec-5e82ba71537b,699805,purchase,104,Mouse,Accessories,Ghana,desktop,facebook,5,40,0.09,2026-05-24 18:02:16
caffa80f-427e-4e1d-a852-83b936872630,56f2043e-1783-48cc-affe-e25f39540a53,994424,view,103,Keyboard,Accessories,Ghana,desktop,facebook,1,70,0.09,2026-05-24 18:02:17
8522602c-10ad-43a1-a335-f484f30b7598,38ef0e0d-bc16-4ce4-a5bb-299207b8c2df,812754,purchase,101,Laptop,Electronics,Kenya,desktop,facebook,2,1200,0.1,2026-05-24 18:02:18
f3ab0d49-b1f1-4013-9ed3-11c87f1cd612,88efdd5c-d5f4-40c7-9cc4-03f020b07347,605016,view,104,Mouse,Accessories,Nigeria,mobile,google,3,40,0.01,2026-05-24 18:02:19
708bd706-018e-4045-9640-9122c2e78d85,e82bcb42-fa1f-467a-a19b-6797523da584,107,view,104,Mouse,Accessories,Nigeria,mobile,google,5,40,0.15,2026-05-24 18:02:20
43ab50c6-75ad-4429-9cff-b9d52dacbc54,d080d173-ac0c-49bf-8963-96c1a0144497,582260,view,102,Phone,Electronics,Kenya,desktop,google,5,800,0.06,2026-05-24 18:02:21
89afef10-42f9-494c-8b1e-5c9ec8ec83bd,2a0eba5b-575c-4133-b058-21280544ef89,770,view,104,Mouse,Accessories,Kenya,desktop,google,5,40,0.11,2026-05-24 18:02:22
1f669441-c6ad-455a-8eb0-caf2f703b84f,1d3dbe3b-d133-4d29-a7b2-baf40b4d6d17,699893,view,101,Laptop,Electronics,Nigeria,desktop,facebook,4,1200,0.02,2026-05-24 18:02:23
3445fc8f-cbbf-460f-9556-0b8907ae66e4,07c62542-17f5-43e8-93ab-fe4f9a9209f3,361,purchase,104,Mouse,Accessories,Rwanda,mobile,organic,2,40,0.18,2026-05-24 18:02:24
3f58db0e-38c9-4712-99a6-6c110dd9046b,de4b128b-08af-4548-b55a-b2754970e6b5,855979,purchase,101,Laptop,Electronics,Ghana,mobile,facebook,5,1200,0.11,2026-05-24 18:02:25
b855e015-b1f1-417b-9e5c-3a6c77013995,24bae1cc-ae9d-4b37-9d4a-d83e3e5a5ab9,15939,view,101,Laptop,Electronics,Kenya,desktop,facebook,2,1200,0.13,2026-05-24 18:02:26
3305aaf9-f2b6-497d-ae79-566b7bccaa58,77412f4a-5e8c-4ccd-a24c-e1420e80a53a,139557,purchase,101,Laptop,Electronics,Kenya,mobile,facebook,4,1200,0.12,2026-05-24 18:02:27
a93c6864-8c15-4cd7-b138-ebac7d4d774f,35142160-22d9-40e5-9038-5451e6a61684,822,view,101,Laptop,Electronics,Kenya,mobile,facebook,2,1200,0.14,2026-05-24 18:02:28
c8281b63-0439-4003-90f9-feec908acc35,b3ffba50-4c2f-43d7-bfee-fe07f711605d,736,view,104,Mouse,Accessories,Nigeria,desktop,organic,4,40,0.1,2026-05-24 18:02:29
76b05e05-06e1-40a1-9dc5-8946a486402c,95515c80-d85e-407a-bbad-494136ad38bc,400441,view,102,Phone,Electronics,Kenya,mobile,organic,5,800,0.08,2026-05-24 18:02:30
c6751624-0cb1-42f9-8e2b-81a2a431a38d,14358c2f-b4a1-452c-bd26-52370fbdd3c7,883935,purchase,104,Mouse,Accessories,Nigeria,desktop,organic,5,40,0.16,2026-05-24 18:02:31
8a985688-6d7a-4a7e-91d4-a33faf483c08,aaf50fd0-4814-465e-b067-54a65b1e5e3b,717868,purchase,102,Phone,Electronics,Ghana,mobile,organic,1,800,0.08,2026-05-24 18:02:32
f2866459-46d0-4177-8fda-e3bb9d71c57f,ce6a1982-d9e8-4a7c-9ad4-a9a69a62aab4,596039,view,104,Mouse,Accessories,Ghana,desktop,google,1,40,0.18,2026-05-24 18:02:33
ba269d8d-047c-4929-9bc9-13edd1250a2d,eadd22a3-9484-4149-bc2f-a91cd68917fe,950,view,102,Phone,Electronics,Nigeria,mobile,google,4,800,0.13,2026-05-24 18:02:34
fdaf1fe5-dd4d-4e41-bd8e-0c06a4203cb7,a7b8422c-cf07-4bcf-a597-4384294aec81,862,purchase,104,Mouse,Accessories,Kenya,desktop,google,2,40,0.1,2026-05-24 18:02:35
a09bb8de-561a-4759-8c3e-18927b46391d,e13c0101-03db-4a58-9e3a-9063b53801a4,15386,view,101,Laptop,Electronics,Rwanda,mobile,organic,1,1200,0.09,2026-05-24 18:02:36
f63b3e3f-a392-42f2-9c07-c33ea77faf16,0b3a0274-4345-4533-8892-ab2c7790db8b,353700,purchase,101,Laptop,Electronics,Nigeria,desktop,google,3,1200,0.06,2026-05-24 18:02:37
3e419bd2-1936-4f72-8dff-6c65fe6f67d2,368d489d-7395-4d2f-898b-d28b96fc7e55,666,view,103,Keyboard,Accessories,Nigeria,desktop,facebook,2,70,0.13,2026-05-24 18:02:38
5597a88b-a536-4ceb-a751-1a831d94e89f,0b2063cc-8e3b-4ee0-8444-176cbe8341c8,974670,purchase,102,Phone,Electronics,Ghana,desktop,facebook,4,800,0.01,2026-05-24 18:02:39
98ec1109-2579-4a3f-8bd2-7517c3f7879f,94af3ffc-7441-482b-8b2b-68e91e2bb0fc,323,purchase,101,Laptop,Electronics,Rwanda,mobile,google,3,1200,0.14,2026-05-24 18:02:40
6ea8173e-3c75-4a0d-b87f-c5dd7c33f4de,2fbeb074-b2a6-4f91-805f-5bfcfb2abd83,77354,view,104,Mouse,Accessories,Rwanda,mobile,organic,5,40,0.2,2026-05-24 18:02:41
ff7bcf80-844a-4ae2-91c1-dcc0009a3817,7cc5b1e3-3b37-42f0-af8b-9e1f3ea87270,518283,purchase,101,Laptop,Electronics,Rwanda,mobile,google,5,1200,0.16,2026-05-24 18:02:42
07e67952-8ddd-40ed-8773-2c002235b98e,3e65f451-06ad-4346-818f-a1ebf2aa017f,969,purchase,102,Phone,Electronics,Nigeria,mobile,organic,4,800,0.11,2026-05-24 18:02:43
ddb816fe-898c-486f-bc41-7e4bf9cd07cd,0ab6897a-335c-4def-8e64-14fe200caae6,738851,view,103,Keyboard,Accessories,Kenya,mobile,facebook,4,70,0.14,2026-05-24 18:02:44
f5002db2-4d9f-4039-8b13-71004423495f,fbb653ef-cd15-419b-bc42-3a89d1bec6bc,782843,purchase,102,Phone,Electronics,Rwanda,mobile,google,4,800,0.17,2026-05-24 18:02:45
1c94550b-83cc-4584-9b19-63d2daf79e62,62604e84-60d4-4b1d-a0e3-a6133cbbb5dd,367045,view,103,Keyboard,Accessories,Nigeria,desktop,facebook,4,70,0.16,2026-05-24 18:02:46
f13d7f79-40e5-400c-85d9-49b764888f18,feebe785-37bb-4cc8-aa2c-040e97f41b2c,323156,purchase,103,Keyboard,Accessories,Ghana,desktop,google,3,70,0.08,2026-05-24 18:02:47
6c7cebe6-fc89-44a6-ba62-3f6f092a5c40,278c3cf4-04ff-4237-85e8-e39828f28ffc,900328,purchase,103,Keyboard,Accessories,Nigeria,desktop,google,1,70,0.08,2026-05-24 18:02:48
347a54fb-a6d4-4401-ab72-5413a05a0a85,10e9e858-4c70-4f9a-9281-21ef56b9c385,407870,purchase,104,Mouse,Accessories,Kenya,desktop,organic,5,40,0.09,2026-05-24 18:02:49
d56fa92e-7cf7-47f5-86f7-d5fede72aa76,46bf1ea3-e345-4f29-a197-779ad85d25f9,39,purchase,104,Mouse,Accessories,Kenya,mobile,organic,4,40,0.02,2026-05-24 18:02:50
1c10fc5d-1019-473a-8edb-560e623dacf8,5d6194cd-5209-4a09-8dd7-defc67f2c7e7,664470,view,103,Keyboard,Accessories,Ghana,mobile,organic,4,70,0.11,2026-05-24 18:02:51
80a97b3f-8ff2-4d1e-9f48-141bbf293e70,117bf642-d007-4b68-a450-bfe30483c3e2,588378,view,102,Phone,Electronics,Rwanda,desktop,google,1,800,0.2,2026-05-24 18:02:52
17cf2059-fabf-4e05-acd1-ce7c782409db,ccef28b4-6349-4db1-9c87-5dc31cd5b1d9,907089,purchase,102,Phone,Electronics,Kenya,desktop,organic,2,800,0.19,2026-05-24 18:02:53
5c82bb83-d470-4f2f-8ce1-3610056a86fe,dfc93523-8e96-4884-a769-c7eb62f33a58,235773,purchase,102,Phone,Electronics,Ghana,mobile,organic,1,800,0.2,2026-05-24 18:02:54
4e9f072f-3967-43ef-bab9-904fad00f7b8,4aa332bb-9fe0-4caa-92a0-daa6c1ee439c,351,purchase,104,Mouse,Accessories,Rwanda,mobile,google,5,40,0.03,2026-05-24 18:02:55
7712ae9a-eaa7-4c7d-9862-6d43fc99ecdc,630e46e1-190e-4325-af4e-aa089fefe078,815985,view,104,Mouse,Accessories,Nigeria,desktop,facebook,3,40,0.2,2026-05-24 18:02:56
7d96a49a-e024-4c08-ac31-7e4c9d155976,e59df067-65e8-4ada-839e-4db2ce6c25c2,908152,view,102,Phone,Electronics,Ghana,mobile,facebook,5,800,0.19,2026-05-24 18:02:57
c7dbde91-64e7-491c-a947-1eed20f60cdf,5e61f4b7-2d17-43c9-8095-bd47b342c542,672242,purchase,104,Mouse,Accessories,Nigeria,mobile,google,3,40,0.11,2026-05-24 18:02:58
a2c983f0-438d-4880-a923-cacfb91ba137,fe7133e8-4127-4c64-9667-4195bebf7b2f,407219,view,102,Phone,Electronics,Rwanda,mobile,google,1,800,0.06,2026-05-24 18:02:59
57414b76-4003-44ad-9f30-f97514145869,0039eaa4-4921-44a8-b34f-ae2e2f77d228,632,purchase,103,Keyboard,Accessories,Kenya,desktop,organic,5,70,0.12,2026-05-24 18:03:00
bf9242b5-ab38-467b-90f1-b257e98323a1,ec2d0301-b783-404b-8785-e5d04da141c3,39,view,102,Phone,Electronics,Nigeria,desktop,facebook,3,800,0.02,2026-05-24 18:03:01
0909199c-b7df-4f59-8b27-d9359e698544,d23a6d7e-70ac-4c91-88ed-9854df947c4a,980248,purchase,104,Mouse,Accessories,Kenya,mobile,organic,4,40,0.1,2026-05-24 18:03:02
44e95235-9583-40d1-b2eb-9fd03755011d,6cc77374-831d-48c1-b2d5-135a04b58dbd,115173,purchase,103,Keyboard,Accessories,Ghana,mobile,google,3,70,0.12,2026-05-24 18:03:03
0f9a6ad1-748d-419b-86a3-a35d5d0a7982,12a79941-0c91-4f99-b941-cbfd7d368a8f,884,view,102,Phone,Electronics,Kenya,desktop,facebook,3,800,0.08,2026-05-24 18:03:04
ccc3efb4-c396-496e-99bb-1a4aa64cfb3c,9ee47e71-1f7f-4a81-afcb-81d26073505d,663331,view,102,Phone,Electronics,Rwanda,mobile,organic,2,800,0.18,2026-05-24 18:03:05
249e5eff-849d-413b-a6ac-896eeedc701c,00b049b9-bb36-42bd-aa2d-5ce45de90da4,228306,view,102,Phone,Electronics,Nigeria,desktop,google,1,800,0.05,2026-05-24 18:03:06
b2920495-1e45-4348-bf1c-57781d2d2424,eb3098f2-a687-4d2d-9495-aecde8f95300,636862,purchase,103,Keyboard,Accessories,Ghana,mobile,facebook,3,70,0.03,2026-05-24 18:03:07
68c9faf0-bfe0-4a5d-95a1-744b8631db53,f622d90b-eeb4-4fc0-bde6-fbad7e9ba9d9,144064,view,103,Keyboard,Accessories,Ghana,desktop,google,4,70,0.1,2026-05-24 18:03:08
baa22671-aaeb-4041-9b10-bb58a9db9354,fa7316bd-bac7-493c-ac37-b2408e9f4aba,582,purchase,102,Phone,Electronics,Ghana,desktop,organic,1,800,0.18,2026-05-24 18:03:09
0762478e-0b76-4c92-9fb1-bf10e76d5042,ae2f4a30-82ae-4d38-a1e5-e9a181c20f51,367449,view,103,Keyboard,Accessories,Kenya,mobile,google,5,70,0.12,2026-05-24 18:03:10
c0055ecc-48b8-4530-98ef-56e1b2d459ab,019efd48-4599-49a3-93c5-62d3f014a202,328,purchase,103,Keyboard,Accessories,Rwanda,desktop,organic,2,70,0.11,2026-05-24 18:03:11
11c8a19f-21e7-4ab6-be23-102ed758de25,76ab496a-93aa-4b98-8929-312041226c6b,161716,view,101,Laptop,Electronics,Kenya,desktop,facebook,2,1200,0.08,2026-05-24 18:03:12
592a7186-83ad-40ff-a0c6-3979a37610dd,00c1cffc-f49a-4dcb-a8f4-f0aad2c71081,241523,view,104,Mouse,Accessories,Ghana,desktop,organic,5,40,0.06,2026-05-24 18:03:13
d4956977-644c-4b46-94e0-81b59741268c,c2e87c86-a0f0-41fd-8776-353c90f98c76,648994,purchase,101,Laptop,Electronics,Ghana,mobile,google,5,1200,0.18,2026-05-24 18:03:14
8ff2dd75-92c9-4c21-87e4-429c1f08ddc5,cce401d5-bca8-47ce-8868-3285e2971335,409,view,103,Keyboard,Accessories,Kenya,desktop,google,4,70,0.09,2026-05-24 18:03:15
aee2d468-1c81-43e7-a4a5-2e5495a52329,44c14610-d19c-4ad8-90a1-67e95ba7f17b,104,view,101,Laptop,Electronics,Nigeria,desktop,organic,1,1200,0.06,2026-05-24 18:03:16
c1f1683f-680e-4af6-9e90-15924dba7f11,81346b93-8079-4e20-9e02-667c5b4c0706,553184,view,103,Keyboard,Accessories,Ghana,mobile,organic,2,70,0.09,2026-05-24 18:03:17
930ff534-faa9-4206-b8f1-f70ad7c67bf1,e430dedb-deb6-4447-ab28-1b82799a3f1b,110474,view,104,Mouse,Accessories,Ghana,desktop,facebook,1,40,0.14,2026-05-24 18:03:18
788958ef-fc3a-4c8d-b224-5808247d2c07,8265b077-9288-4860-a8a3-d0b84bc34249,502,purchase,102,Phone,Electronics,Ghana,desktop,google,4,800,0.14,2026-05-24 18:03:19
bcdc6924-667a-4e94-8450-28965b98f6d8,a79d4756-4407-404a-96b3-5e7a54c3eeed,821032,view,102,Phone,Electronics,Nigeria,mobile,google,3,800,0.18,2026-05-24 18:03:20
323d0e81-af0c-404c-8836-c670f2d2fd71,e7b56b6d-eb8c-4587-81d7-b57d7521262b,142362,view,102,Phone,Electronics,Nigeria,desktop,google,1,800,0.06,2026-05-24 18:03:21
e9044be0-2745-4108-8408-32915eb9d1db,7649344f-dd20-46e0-ba9b-acd0d678d6fc,717,view,104,Mouse,Accessories,Nigeria,mobile,google,4,40,0.07,2026-05-24 18:03:22
6d0592e5-7083-4cbd-b137-6d4468acd00c,eec52558-a7f0-474a-a6ac-c2975ac06588,381,purchase,103,Keyboard,Accessories,Ghana,mobile,google,3,70,0.12,2026-05-24 18:03:23
966ca50e-b690-4bab-984c-e3a1c334cefa,6a5b3681-9055-41f9-8e4e-bca56eccfb2a,481519,view,102,Phone,Electronics,Ghana,desktop,organic,4,800,0.13,2026-05-24 18:03:24
2a157c8f-36d7-47ff-bc86-6fe6d06eb9f7,449efab9-59f5-40cd-8411-9391b7988afc,21207,view,103,Keyboard,Accessories,Nigeria,desktop,google,5,70,0.04,2026-05-24 18:03:25
5288aa11-b07d-4ffd-a33b-e11bfb466c42,12e20830-7def-4517-b32d-76d14a6a8c35,679430,view,101,Laptop,Electronics,Kenya,desktop,google,5,1200,0.08,2026-05-24 18:03:26
dc731578-b6a1-46e7-a510-9781c8354384,1fd1a48d-4a29-4d04-be64-6ab856d132f7,797825,view,103,Keyboard,Accessories,Ghana,desktop,facebook,3,70,0.09,2026-05-24 18:03:27
2a4ed6cc-ee82-4c98-9f8f-dc045e9feeca,8d965488-8823-4e7e-ae72-555f3adde189,261745,view,104,Mouse,Accessories,Kenya,desktop,organic,4,40,0.06,2026-05-24 18:03:28
6435b3b7-50c0-4f23-b51c-018f42ea8d7e,10aab9c7-977d-4410-adab-1fc604a4ea9f,820,purchase,102,Phone,Electronics,Ghana,mobile,google,3,800,0.05,2026-05-24 18:03:29
110314b0-f977-4f11-889c-335fd459a0b9,9cc8374e-52cf-40b5-a6e8-2df4cceb3509,970,view,103,Keyboard,Accessories,Ghana,mobile,google,4,70,0.04,2026-05-24 18:03:30
731d614d-0255-4be5-a0a2-993e3d783163,8505abf4-8b92-4ebd-890f-4fd5a95ba715,361658,purchase,102,Phone,Electronics,Nigeria,desktop,facebook,1,800,0.07,2026-05-24 18:03:31
4d90c612-5010-467c-b675-4184af9c0018,14aa9298-9d11-4e03-aa07-dbf5d7b86bc3,578,purchase,104,Mouse,Accessories,Ghana,desktop,facebook,4,40,0.19,2026-05-24 18:03:32
301a1299-a871-4073-994f-3595747248c8,24d2c5e7-cf46-421a-9ee7-af1240c10441,876676,purchase,103,Keyboard,Accessories,Kenya,desktop,facebook,5,70,0.13,2026-05-24 18:03:33
0297ac3d-3518-4974-a744-c61fe8a634c1,c69b2fb9-34aa-4303-a0e5-3018bbd6f2ec,192293,purchase,101,Laptop,Electronics,Rwanda,mobile,facebook,5,1200,0.04,2026-05-24 18:03:34
ee51ce31-9fce-4a77-be74-c1651c8f4cda,13354897-bf13-4fb4-83b0-d6eaa6feb899,30283,view,103,Keyboard,Accessories,Kenya,desktop,google,5,70,0.13,2026-05-24 18:03:35
cd5e1119-d730-4e40-a81e-108734257085,d39d667b-9dec-4f6b-926b-188fee562281,843561,view,101,Laptop,Electronics,Kenya,desktop,google,3,1200,0.03,2026-05-24 18:03:36
89c1de27-b11f-48d5-96a8-ab79139d9344,944bdf91-a2a1-434b-ba55-323308cd60c6,444300,purchase,102,Phone,Electronics,Ghana,desktop,facebook,5,800,0.01,2026-05-24 18:03:37
dc9433b0-0d1a-42bc-b1c1-3a6e2143d7c4,05fecd48-c6c7-4f43-8d51-c96cb05db21a,573,view,102,Phone,Electronics,Ghana,mobile,google,3,800,0.13,2026-05-24 18:03:38
2cb86cf9-5a6b-4e37-bab5-fa5634d7e651,3933a908-e4be-44c2-be14-c18c014d73cc,55244,view,104,Mouse,Accessories,Kenya,mobile,organic,2,40,0.12,2026-05-24 18:03:39
b86353ce-3ea7-48fb-a514-3cb049c45f3f,4b62edfc-eccc-47fb-8370-7961dc4843ab,12,view,104,Mouse,Accessories,Ghana,mobile,organic,3,40,0.09,2026-05-24 18:03:40
ee641032-5d84-4e6d-a3f8-c9b46891f528,5146b76f-0d0c-407c-8a87-374792bb386a,115,purchase,104,Mouse,Accessories,Ghana,desktop,organic,4,40,0.07,2026-05-24 18:03:41
b9d74f42-e2ae-4a28-be42-40441b7f1b6f,e7007746-a40d-4e81-a093-8c3b4a31af5a,372,view,103,Keyboard,Accessories,Nigeria,desktop,organic,3,70,0.08,2026-05-24 18:03:42
103f6975-8640-43c0-8b96-6fb446a4d13d,a59d70d4-194b-4e17-81d1-46df722495f4,829942,purchase,101,Laptop,Electronics,Rwanda,desktop,google,2,1200,0.05,2026-05-24 18:03:43
e9417f47-14f4-40d1-adbc-c981aa20782a,d69e55e9-3d7d-4c7e-ba5c-a35108b323e7,5363,view,101,Laptop,Electronics,Nigeria,desktop,organic,5,1200,0.02,2026-05-24 18:03:44
ef31f537-1567-4d65-a1c4-e56f10a2ac53,ecf59be6-3725-4847-8c84-7aaa99a00cf6,482550,view,101,Laptop,Electronics,Rwanda,mobile,facebook,3,1200,0.11,2026-05-24 18:03:45
8f061317-3f7d-489d-b80d-73549849b9d6,6c386bb8-c396-4e40-9234-85817f37365d,149203,purchase,103,Keyboard,Accessories,Ghana,desktop,facebook,2,70,0.16,2026-05-24 18:03:46
c1542a88-e036-432e-8524-862c46852c49,64031c7f-9d28-4659-b00f-bfa7f75e74a8,343,purchase,104,Mouse,Accessories,Ghana,mobile,google,5,40,0.08,2026-05-24 18:03:47
110cce7f-5e0d-4ef9-a0ec-183566a9c4a8,ed46d0c5-b9cc-44c3-94c4-b04d8b790540,591542,purchase,103,Keyboard,Accessories,Kenya,mobile,google,5,70,0.13,2026-05-24 18:03:48
6734381c-1214-40e1-ae62-d779940697c3,09f14672-e0d2-4362-9ad8-4d72b1ed7670,130,view,103,Keyboard,Accessories,Kenya,desktop,google,4,70,0.17,2026-05-24 18:03:49
f899e12d-7da0-4e7f-9f0e-e57e43ca6396,d2a00e1b-0e6f-49cc-b3a4-97944bcc90ff,186,view,101,Laptop,Electronics,Rwanda,desktop,facebook,4,1200,0.1,2026-05-24 18:03:50
773698fc-40ac-498a-98af-a26bf6d7dea5,88ce0270-12be-4c07-9124-3b57b4b4ba24,590247,view,103,Keyboard,Accessories,Kenya,desktop,google,1,70,0.15,2026-05-24 18:03:51
a97d5046-1c77-4176-bf89-68cf361d11f4,0fb1a46a-b105-45de-b6fa-8185d331cafc,588702,view,104,Mouse,Accessories,Nigeria,mobile,google,4,40,0.08,2026-05-24 18:03:52
6a8025ac-b0e2-44a1-9c85-9ac4cf8f316e,ee8afe5e-daa3-45c3-a628-c30e34600da6,962507,purchase,101,Laptop,Electronics,Nigeria,mobile,facebook,4,1200,0.07,2026-05-24 18:03:53
31a8700c-37d0-475f-a71d-2bd865362e1f,2dc293b2-7dca-49af-87d4-db8939afed08,753,purchase,101,Laptop,Electronics,Kenya,desktop,google,1,1200,0.12,2026-05-24 18:03:54
9603dbb7-1b53-47c4-9f56-707b1b5c665b,dafb58d0-308d-47d3-a663-80a6d5645251,470114,view,104,Mouse,Accessories,Kenya,mobile,organic,1,40,0.11,2026-05-24 18:03:55
501c6d56-e406-4590-bf75-a90c154d937f,9159c015-c75d-4297-9f8f-8df772d21f67,967117,purchase,104,Mouse,Accessories,Kenya,mobile,facebook,1,40,0.02,2026-05-24 18:03:56
75a6fad0-5286-443b-9bf6-b491c58fb3cb,2a28b744-59bc-4d57-8d81-a20dcb2b307c,400737,view,102,Phone,Electronics,Nigeria,mobile,google,4,800,0.08,2026-05-24 18:03:57
bfa13c7c-1b0f-497e-a7e1-19c72e2db95f,513c9315-ff24-42db-ba03-c191b2c3b819,242278,purchase,104,Mouse,Accessories,Ghana,mobile,google,3,40,0.0,2026-05-24 18:03:58
91c2fee0-7aab-4d9c-8b4e-cd14dc827b46,6488a439-e19b-49a8-afb2-7d007977527e,21356,view,101,Laptop,Electronics,Kenya,mobile,organic,5,1200,0.04,2026-05-24 18:03:59
d6ae5439-c7d2-43a7-8e8e-bb4bac76639a,d74506f4-4f3b-4018-881c-bb217e35cc2a,318287,purchase,101,Laptop,Electronics,Ghana,desktop,organic,3,1200,0.19,2026-05-24 18:04:00
8417ea32-0aa3-418f-a79b-35ec3d9ec8b4,6fcf2b94-66bd-4f9d-b906-c418b38752aa,802642,purchase,102,Phone,Electronics,Ghana,mobile,google,2,800,0.03,2026-05-24 18:04:01
6da95db0-cca5-4e7b-b814-968147837d26,800065f2-039c-491d-a02d-35ec9d279af4,336977,view,103,Keyboard,Accessories,Ghana,mobile,google,1,70,0.03,2026-05-24 18:04:02
b78c0bb3-58f0-4993-be88-a5a49752285e,0c425399-d5c7-439c-9da6-2b4b11667964,370378,purchase,104,Mouse,Accessories,Nigeria,mobile,organic,2,40,0.04,2026-05-24 18:04:03
05296836-cd26-4f84-9190-4b6f10291d86,5d7e49d6-c7e4-48f0-a5e5-06287a02069c,25748,purchase,101,Laptop,Electronics,Nigeria,mobile,organic,4,1200,0.04,2026-05-24 18:04:04
58498a99-185e-4890-be93-32ee03bdb8da,e615a1bc-8cc4-4bf0-941b-d087490277d8,58,purchase,102,Phone,Electronics,Ghana,desktop,organic,4,800,0.1,2026-05-24 18:04:05
19a2eb1c-48fe-49c9-bfc6-80d05916a291,d2036a4d-de90-4933-8d52-1e63e3756732,696,view,102,Phone,Electronics,Rwanda,mobile,facebook,4,800,0.08,2026-05-24 18:04:06
b67cd067-2070-4199-8505-69204613e51b,38399ead-a1b6-410b-9fa7-2dce4e3bc95b,824218,purchase,101,Laptop,Electronics,Kenya,mobile,organic,1,1200,0.02,2026-05-24 18:04:07
cf938edd-35ac-4c1c-b3f0-c83cba8f3a4b,d6bc73a4-0628-4f93-a939-9ae006bf1b2c,47454,purchase,101,Laptop,Electronics,Ghana,mobile,organic,3,1200,0.16,2026-05-24 18:04:08
651968ce-3544-4b99-81c5-c8271fb9908f,82c40d61-dc46-4d79-8865-39d99a81796e,421201,view,104,Mouse,Accessories,Ghana,desktop,google,2,40,0.02,2026-05-24 18:04:09
2b6113c0-a215-4371-a3a8-b16dd69cbcac,71c00b86-0048-4862-bb2f-abbc1cb8eb08,402658,view,101,Laptop,Electronics,Rwanda,mobile,organic,5,1200,0.13,2026-05-24 18:04:10
4cd731d7-401f-44d4-ab0d-80dda15cfba5,900887ad-53a3-4595-95a4-f5480937daed,778187,purchase,104,Mouse,Accessories,Kenya,desktop,google,5,40,0.1,2026-05-24 18:04:11
19e8fcaa-6e89-49c9-9eba-db7b0036417b,903557ba-b41e-4871-a53d-8173c3b1fc13,580483,view,102,Phone,Electronics,Rwanda,mobile,organic,2,800,0.06,2026-05-24 18:04:12
fd33224d-dff6-48be-bf86-d2d2ca959d1a,303766a7-3a23-41f3-aff1-aae9e278564e,360763,view,103,Keyboard,Accessories,Nigeria,mobile,facebook,2,70,0.15,2026-05-24 18:04:13
9ef1ce30-3299-4052-b34c-8a7ebae4eb16,ebfb80b7-96c4-47bf-8803-8671d7f981cd,761815,purchase,104,Mouse,Accessories,Kenya,desktop,google,2,40,0.01,2026-05-24 18:04:14
7ba71c6d-dfa3-4228-963b-5422323c5723,a8d559bb-7b37-45d9-a2ca-aa419a64da16,815,purchase,102,Phone,Electronics,Ghana,mobile,organic,1,800,0.16,2026-05-24 18:04:15
be593794-989a-4863-bcc2-c771e6113d7e,b842b276-555d-473c-8d2d-6f777a5b5de0,328,purchase,101,Laptop,Electronics,Ghana,mobile,facebook,4,1200,0.13,2026-05-24 18:04:16
f46ed0d0-0b40-4c65-8c40-c551c48c55dc,3863f6ec-8103-4aab-a704-daf335578ffb,677,purchase,104,Mouse,Accessories,Rwanda,desktop,facebook,4,40,0.04,2026-05-24 18:04:17
aae6e867-4dad-44ff-8d6a-fb1a4fc1d661,7a38956b-f0c7-4eef-a18f-374dbabbf564,53516,purchase,101,Laptop,Electronics,Kenya,desktop,facebook,5,1200,0.1,2026-05-24 18:04:18
d57777d8-3ee7-47e2-a073-2418c0a450a1,fadd4d51-f6fd-4142-9930-6cb17cde9066,508300,purchase,101,Laptop,Electronics,Kenya,desktop,facebook,3,1200,0.02,2026-05-24 18:04:19
c0339521-763d-45a3-8588-511d913883ae,7f3e82d2-adc6-4190-84ca-decd12135217,946291,view,101,Laptop,Electronics,Kenya,desktop,facebook,3,1200,0.05,2026-05-24 18:04:20
5fc3f735-ca8c-4562-8b68-e5ddaaf0e2fb,594f118d-e6f7-469a-8b90-42b7288c61f1,62,purchase,101,Laptop,Electronics,Nigeria,mobile,organic,4,1200,0.05,2026-05-24 18:04:21
dae2eec2-1688-4905-afcb-b2c5dbfc3841,c647672c-c569-4bc8-9928-bab67a33624c,35860,view,102,Phone,Electronics,Rwanda,desktop,facebook,1,800,0.01,2026-05-24 18:04:22
1c7026b9-62bf-4a66-8b4c-f542fa1586a2,13700ec1-d8cc-41a9-a12b-0a757311be7a,860694,view,103,Keyboard,Accessories,Ghana,desktop,facebook,4,70,0.1,2026-05-24 18:04:23
0f59f85c-588f-42e8-a8fe-0cc1883cd213,2282364d-4de4-4eeb-8184-4b816cbde240,232546,view,104,Mouse,Accessories,Kenya,desktop,organic,2,40,0.02,2026-05-24 18:04:24
1ba47d5e-c186-4c7a-b0ec-3c1e59e140ba,76fb22ee-4d53-4872-bdf3-b1e9c0ae17b3,1199,view,103,Keyboard,Accessories,Ghana,desktop,google,4,70,0.08,2026-05-24 18:04:25
ee02bae2-0c04-4e2e-98f2-4bdf678e8596,59c416c9-0c68-420f-9ef3-8e3e60976770,422445,purchase,101,Laptop,Electronics,Rwanda,mobile,google,5,1200,0.02,2026-05-24 18:04:26
22429538-a85c-4828-aebf-f7008f94d73a,f3ff8050-4df6-40f4-b9fe-0a867ae67c98,760,view,101,Laptop,Electronics,Kenya,desktop,facebook,3,1200,0.0,2026-05-24 18:04:27
6d9af978-937b-4a27-8d44-193154759a8f,759d6486-ab4d-475c-9ccc-722082703498,52512,view,102,Phone,Electronics,Rwanda,mobile,organic,3,800,0.15,2026-05-24 18:04:28
03efa9eb-48eb-4270-8422-bcd1f08f01e8,6f754caf-7b33-42ac-83db-fbba71b676bf,437826,view,104,Mouse,Accessories,Kenya,mobile,organic,2,40,0.12,2026-05-24 18:04:29
7ad864a1-f8bd-40b7-9a20-1d54f9ec3a71,921e853a-60cb-41c1-9c29-d428b1c05dc1,932372,purchase,103,Keyboard,Accessories,Kenya,mobile,organic,2,70,0.2,2026-05-24 18:04:30
99226093-f1ab-4e37-8b67-ae297051bc1e,df544b0f-7178-49a1-a904-d4d894a5efa4,400,purchase,101,Laptop,Electronics,Nigeria,desktop,organic,1,1200,0.01,2026-05-24 18:04:31
4a7fcf37-00c9-4f5b-a2e4-5a3e4a4090fd,60ed4ce4-e642-4bf2-b054-447829148237,250499,view,103,Keyboard,Accessories,Ghana,mobile,organic,4,70,0.09,2026-05-24 18:04:32
48485bef-c01d-418a-97fe-6c7f27165666,ced8c50e-fe0a-437f-9311-f7316555f4d9,670,purchase,104,Mouse,Accessories,Kenya,mobile,facebook,4,40,0.01,2026-05-24 18:04:33
2596ffb1-ba75-4805-90cd-1751d4cbdb04,576f41cb-2145-43fc-85c0-b5501bae686a,772,purchase,101,Laptop,Electronics,Kenya,desktop,organic,2,1200,0.07,2026-05-24 18:04:34
fa0f42ff-4326-47ac-ad0a-f8ef62570939,e54ac487-1d81-4af7-b023-7712dd3ef799,276,purchase,104,Mouse,Accessories,Rwanda,mobile,google,5,40,0.11,2026-05-24 18:04:35
1f48ab8d-9c6b-4282-84f1-670c6ca0a014,521a0dc0-9fd6-4ce7-9cb8-52654364bcbd,524,purchase,102,Phone,Electronics,Ghana,desktop,organic,1,800,0.01,2026-05-24 18:04:36
d37bd2ea-e1c9-4c5f-9ced-60233713a76a,ec38195f-687a-4a61-b942-b679d812371a,715267,view,104,Mouse,Accessories,Rwanda,desktop,facebook,1,40,0.11,2026-05-24 18:04:37
8c6202bd-1dee-4d62-a804-9e251da0ada0,67df113a-8806-4548-9059-72ce8d1642a9,971,purchase,102,Phone,Electronics,Nigeria,mobile,google,1,800,0.15,2026-05-24 18:04:38
be961926-2e97-4cd4-9e32-feb2f70e3a83,02d1d327-42ba-4e45-a345-27f98dd9fea5,902,view,104,Mouse,Accessories,Nigeria,mobile,facebook,5,40,0.07,2026-05-24 18:04:39
71e5a177-89b2-4153-8527-1818cfccb6db,638498cd-42e3-4bc6-91a6-7b9f671a21a8,111103,purchase,103,Keyboard,Accessories,Kenya,desktop,facebook,4,70,0.01,2026-05-24 18:04:40
f67e32f5-10a4-4a4c-9dfa-af067fb1825d,19853a6a-837b-4aeb-a9fe-e2aeed781bba,205224,view,102,Phone,Electronics,Rwanda,desktop,google,5,800,0.16,2026-05-24 18:04:41
eb095e28-809b-4acf-8c9d-33d2329b8bea,ecca65be-4c94-4c2b-9682-5aa28c8c9795,559,view,101,Laptop,Electronics,Nigeria,desktop,google,4,1200,0.14,2026-05-24 18:04:42
04944d84-e0a1-49e4-8255-0f3ef1b1b1be,0cac0764-3027-4ec2-b065-0e814836afab,545,purchase,103,Keyboard,Accessories,Rwanda,mobile,facebook,5,70,0.12,2026-05-24 18:04:43
85e76314-2248-4dcc-9841-fc75ac5fdd07,7071a7ee-890d-494c-a1d6-9206a29db422,872,view,104,Mouse,Accessories,Ghana,mobile,facebook,4,40,0.09,2026-05-24 18:04:44
dbb4b173-3a6d-4f86-be46-999d9039cb59,adb32c34-4eba-4399-8017-c8f77c7a938f,295,purchase,102,Phone,Electronics,Nigeria,mobile,google,4,800,0.19,2026-05-24 18:04:45
b9d851f8-9c3c-415d-85fe-9c08b487bf69,08c23351-0c9c-434f-a6fc-60d989a9e58b,486951,purchase,103,Keyboard,Accessories,Nigeria,mobile,organic,3,70,0.04,2026-05-24 18:04:46
6eb9637d-5174-4665-914e-f28d8a3b33c4,cb2cebc4-953e-4535-a987-06541f805dfb,360,purchase,102,Phone,Electronics,Nigeria,mobile,google,4,800,0.02,2026-05-24 18:04:47
a591215d-927f-4648-8658-d184137a229f,ea2f8b0f-e9cd-4f29-b624-f36fb32a8a5b,44177,view,104,Mouse,Accessories,Ghana,mobile,google,2,40,0.16,2026-05-24 18:04:48
3b38a5a1-2fda-48ae-84f2-d265bc76dde9,b2b2da08-37d1-4062-81db-45db4d081f0e,483646,purchase,103,Keyboard,Accessories,Nigeria,mobile,facebook,3,70,0.07,2026-05-24 18:04:49
66231160-05fa-419b-81fb-5a65e9333d1a,f8af1d01-1af4-4cd7-a163-319caf752f50,569460,purchase,101,Laptop,Electronics,Rwanda,mobile,google,4,1200,0.1,2026-05-24 18:04:50
44611f47-b632-44f7-ab8d-a1cfde7e5b00,18f09bf6-55cf-467f-8f7b-147bcffd28fb,900035,purchase,104,Mouse,Accessories,Nigeria,desktop,organic,5,40,0.06,2026-05-24 18:04:51
eeee54a2-8dad-4b3a-8e2c-2288355dcc46,33dbd96c-6acb-4bf7-8e40-c80f740142e7,871470,purchase,101,Laptop,Electronics,Nigeria,desktop,google,3,1200,0.1,2026-05-24 18:04:52
43e89262-132c-4cfd-843f-6616532ff91e,b197d43b-b7ff-41ac-829b-40858d4571f7,336298,view,104,Mouse,Accessories,Ghana,mobile,organic,1,40,0.17,2026-05-24 18:04:53
a022fdf7-b802-44be-80c0-b7d0754eae86,5e19ebc2-7f76-47b8-9cd4-3212fcc70cd1,752389,purchase,102,Phone,Electronics,Nigeria,desktop,organic,5,800,0.02,2026-05-24 18:04:54
a650a438-e2dc-46ad-b584-37f4d87e317d,615f25f5-b5b5-4d44-aee1-49ffe7718fe9,518392,view,104,Mouse,Accessories,Rwanda,desktop,google,1,40,0.09,2026-05-24 18:04:55
e3ff8c62-ce90-4801-9c00-25bd4ecc6c8c,baa8961c-131d-484b-9e49-77db0bd2e188,953,view,104,Mouse,Accessories,Kenya,desktop,google,3,40,0.12,2026-05-24 18:04:56
f4c329bd-07b4-4e27-92eb-7423a1c283de,380f13f6-bfdf-4445-b3a8-8e5f2c02f99d,568423,view,104,Mouse,Accessories,Rwanda,mobile,facebook,5,40,0.14,2026-05-24 18:04:57
b06bcb45-3834-475d-93b4-1fa4267cb569,072c13b5-36da-4133-b97e-3beacfaf61a9,826598,purchase,103,Keyboard,Accessories,Rwanda,desktop,facebook,1,70,0.02,2026-05-24 18:04:58
20bf1747-0a46-4e39-8b85-a3dd94322342,8733dcd0-37f3-4271-a1ef-5b30ef42a91a,591897,view,102,Phone,Electronics,Rwanda,desktop,organic,5,800,0.07,2026-05-24 18:04:59
da0f1f85-ee72-4a1d-85d7-5d0bff1566ff,f3dc2486-bc94-444e-9900-472125c77170,820,purchase,103,Keyboard,Accessories,Kenya,desktop,facebook,3,70,0.18,2026-05-24 18:05:00
373b6b93-e1bb-43c5-87f9-bbfd0f192943,4eba2aba-c46f-4db6-adb4-4acb7ef108e0,825616,view,102,Phone,Electronics,Ghana,mobile,facebook,2,800,0.1,2026-05-24 18:05:01
217a264d-dc35-46fe-8871-8d17d111620f,d70133bc-dc00-4073-9bf3-d1b4b727f481,59159,purchase,103,Keyboard,Accessories,Kenya,desktop,organic,5,70,0.05,2026-05-24 18:05:02
f4f81c5d-d236-4e69-ba59-1c2594558a3a,469ebada-34a6-40b1-8e6a-52f132a57648,233568,view,101,Laptop,Electronics,Nigeria,mobile,organic,1,1200,0.16,2026-05-24 18:05:03
2d8d4097-c9ab-471d-81c0-c38f7c6aa76b,551c5fd7-1bae-4a26-89a4-9caa03ca6f44,95842,view,101,Laptop,Electronics,Ghana,desktop,google,3,1200,0.02,2026-05-24 18:05:04
5dec31e3-bf9f-4e8f-8d37-b50e438c8a13,24a3737e-f630-418e-a38e-65ce27e4237a,850101,view,102,Phone,Electronics,Nigeria,mobile,organic,2,800,0.17,2026-05-24 18:05:05
b16170df-cd1e-4c41-8c95-f62e07e2651f,aa5af7d2-3ed9-4b90-afb1-c5e404dc7fe4,534788,purchase,104,Mouse,Accessories,Ghana,mobile,google,5,40,0.14,2026-05-24 18:05:06
14255ac5-a769-45bf-921d-58fc34fa25d6,b03a4426-01a0-4025-b321-f39278ea5eaf,142563,purchase,103,Keyboard,Accessories,Rwanda,desktop,facebook,1,70,0.04,2026-05-24 18:05:07
469c01c0-caf7-4e6b-bcb8-e1c7ee5f68a1,c95a6af9-394c-478d-aeed-c526b3c2355f,491452,view,101,Laptop,Electronics,Kenya,mobile,google,4,1200,0.2,2026-05-24 18:05:08
394c6d6f-033c-4b72-a600-8327d259b940,be28bd97-25c9-46f9-8e69-a9ab64b81610,441,purchase,102,Phone,Electronics,Ghana,mobile,facebook,3,800,0.19,2026-05-24 18:05:09
baaa8fb7-fcaa-4f24-9798-0426b1acfb25,79ea2aca-ea1f-4967-91e1-dad77b899183,90,purchase,104,Mouse,Accessories,Nigeria,mobile,facebook,2,40,0.09,2026-05-24 18:05:10
6afcbab2-8d16-4606-825b-8f949654286c,1b61f457-e6cb-4fa4-96bf-205fb44a5efb,39,purchase,104,Mouse,Accessories,Kenya,mobile,organic,2,40,0.17,2026-05-24 18:05:11
bbf784d5-fdb4-49d8-b995-413bff2944d4,b51aa085-e643-4255-a397-3edc1c949d7e,819009,view,104,Mouse,Accessories,Ghana,desktop,facebook,3,40,0.16,2026-05-24 18:05:12
ac04629b-649f-400e-9c8f-9ded9294cc81,9a62bd56-b61a-44af-8e2d-436e95902a77,874160,view,103,Keyboard,Accessories,Ghana,mobile,google,1,70,0.09,2026-05-24 18:05:13
599d044f-b7b3-425c-9ca8-f05c443ef39c,c169cba6-7714-40aa-b00d-46b83c019734,723883,view,102,Phone,Electronics,Nigeria,mobile,google,5,800,0.15,2026-05-24 18:05:14
c3c45829-5e8d-495e-9b8c-1f0f2b31eed5,e51c5a7f-cffe-444b-b60b-ab6f24289b6b,578992,view,103,Keyboard,Accessories,Ghana,mobile,organic,3,70,0.14,2026-05-24 18:05:15
710c2d5f-1a5e-461b-9f89-904f8322b122,f8277262-256b-464e-a724-a45ea8ff79e5,489428,view,103,Keyboard,Accessories,Kenya,mobile,google,4,70,0.05,2026-05-24 18:05:16
3c90a648-8ddf-4ef2-b855-bf548d58db93,4fc83a3d-e70a-48e0-9451-1a628e1d2fe1,266034,view,103,Keyboard,Accessories,Kenya,mobile,facebook,3,70,0.1,2026-05-24 18:05:17
b7708a99-4e9e-4403-84c4-914e3f062618,d86e05bf-7098-441c-bc3d-7ec895099f03,214,purchase,104,Mouse,Accessories,Nigeria,desktop,facebook,5,40,0.07,2026-05-24 18:05:18
5477f667-8a4b-49e3-8fcb-448288f37034,add7b792-a45f-46bb-9238-126c02a8d2ea,581633,view,104,Mouse,Accessories,Nigeria,desktop,organic,5,40,0.18,2026-05-24 18:05:19
7ad69973-1ddf-4819-bf54-7bb92b6a483d,61cdf498-fc1d-4b2e-af05-bbedf0ce074a,654868,purchase,104,Mouse,Accessories,Nigeria,desktop,organic,3,40,0.2,2026-05-24 18:05:20
4a8479e3-2d19-49f4-bae8-79e8c2f062e9,316ab33a-2ce6-44ec-9fe1-28b110b990ef,648737,purchase,101,Laptop,Electronics,Nigeria,desktop,google,4,1200,0.0,2026-05-24 18:05:21
72577307-bf83-4b49-ae40-d5ac18112962,f126fef3-9b27-4c32-824d-13a030bb956f,829258,purchase,101,Laptop,Electronics,Ghana,desktop,facebook,3,1200,0.19,2026-05-24 18:05:22
6dcc9f94-f27f-4e5e-bf9a-b9001bc838b9,a0f82428-1664-4869-b0ac-4611bd198753,221187,purchase,101,Laptop,Electronics,Nigeria,desktop,google,3,1200,0.2,2026-05-24 18:05:23
c205b989-66a6-4af8-91ba-e9759b27b617,210614b2-3eda-4044-8400-0d6753e99055,635799,purchase,102,Phone,Electronics,Nigeria,desktop,organic,2,800,0.13,2026-05-24 18:05:24
f7d7bb38-2a0f-4580-a82e-5b05c2c9ec8b,516281f8-ba97-4ab9-871b-e676dbebeab0,913,purchase,102,Phone,Electronics,Rwanda,desktop,facebook,2,800,0.02,2026-05-24 18:05:25
8f5ec7e9-f178-4377-b4eb-feba3e50df41,54dc21cc-33ea-4d29-a32e-42d7ccee34ec,390786,view,102,Phone,Electronics,Kenya,desktop,organic,2,800,0.02,2026-05-24 18:05:26
7311c4ed-a21f-4774-ba78-397f51ebe864,277ebf50-bd74-4794-a1ff-e1e3bd1aaed3,266,view,101,Laptop,Electronics,Rwanda,mobile,facebook,3,1200,0.16,2026-05-24 18:05:27
16adf64b-6285-4d31-82d6-57c211efb77a,482d7f73-c892-4d59-a548-b0ebab220484,930,view,102,Phone,Electronics,Ghana,mobile,facebook,4,800,0.01,2026-05-24 18:05:28
8f00cd15-1647-4411-8f57-2617d57e69f8,07376baa-867e-4fd5-9340-27cc629407bf,975645,purchase,104,Mouse,Accessories,Kenya,mobile,organic,1,40,0.08,2026-05-24 18:05:29
c209483f-afd7-4ec0-96d4-5da4dbe9c93f,91b5b273-8215-4a8d-a9ff-64b785579a09,760492,view,103,Keyboard,Accessories,Kenya,mobile,facebook,3,70,0.11,2026-05-24 18:05:30
4ad06bba-8a0a-4a3e-b7be-50b410d6f924,23198c79-6309-4474-afd1-da6d5f94a09c,29948,view,104,Mouse,Accessories,Nigeria,mobile,organic,1,40,0.08,2026-05-24 18:05:31
4bea5c52-cb72-492e-baf5-b85f6552c760,79ff351f-f65d-4e4e-bc2f-afb27feac734,657627,view,103,Keyboard,Accessories,Nigeria,desktop,facebook,2,70,0.06,2026-05-24 18:05:32
91edc10c-43e1-4f63-ba70-15f871879e3d,b70f6cf4-f7e7-4326-860c-1528e80904b1,540671,purchase,103,Keyboard,Accessories,Nigeria,desktop,facebook,1,70,0.04,2026-05-24 18:05:33
2a8d4736-eacd-4c64-a3fe-ca9f60d2ec30,64ef4857-70a3-471c-a9f0-348f8d83b03c,272237,purchase,104,Mouse,Accessories,Kenya,desktop,facebook,1,40,0.09,2026-05-24 18:05:34
6c88db1d-e7bf-428e-a646-e7ad47b9b486,978116b4-e10c-43bc-8db5-6ff4dce3565a,330,view,104,Mouse,Accessories,Ghana,desktop,organic,4,40,0.19,2026-05-24 18:05:35
9bc0e8a3-3f8c-4324-aad4-517bd62ebef1,6127c4eb-fc1c-469b-b861-d621792be3fd,968646,purchase,102,Phone,Electronics,Ghana,mobile,facebook,1,800,0.02,2026-05-24 18:05:36
2a1761f2-4cc7-4ed5-9d6e-1321675f7048,22a3f92f-3743-4e9f-a755-a956b638625e,176,purchase,103,Keyboard,Accessories,Rwanda,mobile,facebook,1,70,0.19,2026-05-24 18:05:37
7c5967d1-8f1f-4f45-b37b-230a457773da,dd0d3888-a28a-4271-ace3-6606072a1a35,436,purchase,104,Mouse,Accessories,Ghana,desktop,google,2,40,0.05,2026-05-24 18:05:38
a674650d-7805-4eda-ac61-5b587634f161,a45ca568-eeae-4dc9-ae31-c5d5814046f2,349960,purchase,102,Phone,Electronics,Rwanda,mobile,facebook,1,800,0.16,2026-05-24 18:05:39
019af518-7cee-4d09-8053-34d8603241ee,2de564f1-34fe-4440-b4d9-ef03ed1e3767,401349,view,103,Keyboard,Accessories,Kenya,desktop,facebook,3,70,0.04,2026-05-24 18:05:40
4cded285-ab9c-4bff-8d9c-0986c9b2e694,4fbb61f3-4d34-4fd0-b69d-1bc3b150cf0c,77184,view,104,Mouse,Accessories,Kenya,mobile,google,5,40,0.01,2026-05-24 18:05:41
c10357a4-9f1b-4404-9885-fdaddcaf4931,8a912171-e2e0-49ef-9d90-bfd4dc48b594,95,view,102,Phone,Electronics,Nigeria,mobile,google,1,800,0.11,2026-05-24 18:05:42
8d4d65cf-5c53-49ba-8631-f62e556246b1,5b58f7cd-4b37-41bd-81c7-9a9f22faf358,260,purchase,102,Phone,Electronics,Kenya,mobile,facebook,4,800,0.1,2026-05-24 18:05:43
43e64bf9-b8f5-4534-b4b7-2dcec580c9bc,6f6827af-19da-4b36-b06f-995dadb5c5c8,628934,view,103,Keyboard,Accessories,Rwanda,desktop,organic,5,70,0.1,2026-05-24 18:05:44
fbabdf7f-f303-4336-b308-3f09cd37ac04,fcee455d-0aa4-4c52-bf3b-ce86d8995c12,267811,purchase,101,Laptop,Electronics,Rwanda,mobile,google,5,1200,0.01,2026-05-24 18:05:45
52a8e338-24f0-447c-b609-2f9cacf1097a,263ba8a3-1513-43f8-be73-c73f8feef5cd,671739,purchase,102,Phone,Electronics,Kenya,mobile,facebook,3,800,0.18,2026-05-24 18:05:46
72c64f50-a53f-4a63-a5a2-94bef035822f,1681002c-b20e-4d89-94f7-bd35ae9dc071,347,view,103,Keyboard,Accessories,Nigeria,desktop,google,2,70,0.08,2026-05-24 18:05:47
f321dffe-216b-493f-910f-78a3eb1f74cb,2f193573-c95c-480f-8654-26c20b30d7b1,740,purchase,103,Keyboard,Accessories,Kenya,mobile,google,1,70,0.1,2026-05-24 18:05:48
f7265ed3-66a8-42ec-a5f2-e47272bf9bb2,2aa8e61d-8ad7-4653-9c4f-5fd733ebdded,557324,purchase,102,Phone,Electronics,Rwanda,desktop,google,3,800,0.09,2026-05-24 18:05:49
fa629c0e-1d40-4bad-a40f-446ba375ea5e,7d5d344e-a2cb-4dc6-b8ed-366ae9fe047c,730035,view,102,Phone,Electronics,Ghana,desktop,google,5,800,0.07,2026-05-24 18:05:50
eefe477b-2b35-41c9-8508-3a3f0987b0db,5c8b45ac-13a4-4752-a762-bd6ed807045d,719,view,101,Laptop,Electronics,Ghana,mobile,facebook,4,1200,0.19,2026-05-24 18:05:51
e6d54b22-8921-457d-997a-ece213156287,c67354e5-d0b9-4667-8317-47021fe575bb,393317,purchase,101,Laptop,Electronics,Rwanda,mobile,organic,5,1200,0.07,2026-05-24 18:05:52
1b045a5a-b709-4746-8847-5a5897143134,bd0336dd-32e5-41de-a117-1104f27e71d5,109556,view,103,Keyboard,Accessories,Kenya,mobile,google,4,70,0.08,2026-05-24 18:05:53
89c9bd95-7426-4e0f-9916-1495d5e8809b,0db4f86d-f107-4015-8a7d-84bf93607074,260,purchase,104,Mouse,Accessories,Nigeria,mobile,google,1,40,0.01,2026-05-24 18:05:54
5a2faf9a-cd4b-4cfa-882f-e08e33db642f,a3d0cc05-bb86-46e9-89d7-4079c0fc96c3,335190,view,101,Laptop,Electronics,Ghana,desktop,organic,3,1200,0.19,2026-05-24 18:05:55
8b520d6a-b171-4608-9082-78ecf8d4b4bb,3b257325-aae9-4c7c-aa99-919bb7d6fdee,990330,view,104,Mouse,Accessories,Kenya,desktop,google,4,40,0.03,2026-05-24 18:05:56
68c4fcbf-8c8e-45da-8efa-1e72e6395461,8fc5e336-80ab-46bf-8b7f-41a3c3fff2a9,702389,view,104,Mouse,Accessories,Kenya,mobile,facebook,5,40,0.02,2026-05-24 18:05:57
d0381b35-04ae-444b-8fdd-bcab134df727,331ee04a-f5ea-4cd1-bc61-6a1270e03652,4,purchase,103,Keyboard,Accessories,Nigeria,desktop,google,1,70,0.04,2026-05-24 18:05:58
e253ecf7-1340-4dfb-926c-b8e1bdac199f,2d782e81-8d48-4499-a69f-ec0859d71306,699348,purchase,103,Keyboard,Accessories,Ghana,mobile,facebook,3,70,0.13,2026-05-24 18:05:59
c4d64d93-a96a-4159-9b49-9a19fcb26b8f,b86c44bc-13bb-4149-b2cc-340fbcf11396,146989,purchase,104,Mouse,Accessories,Ghana,mobile,google,4,40,0.12,2026-05-24 18:06:00
e9478f5e-4718-41ff-81ab-771c706f7bb7,0f051733-237d-4b06-851a-87786076a635,655444,view,103,Keyboard,Accessories,Nigeria,desktop,google,4,70,0.19,2026-05-24 18:06:01
5b00f88f-bf75-469c-bb29-3a73f59808f6,f4f02c0b-cf74-4a78-9128-66da5f74710d,447013,purchase,103,Keyboard,Accessories,Rwanda,mobile,organic,4,70,0.08,2026-05-24 18:06:02
7c0af862-05f7-4317-89b8-9c941eed9607,4808aa44-15dd-42e4-acb8-18dd40830ee5,728,purchase,101,Laptop,Electronics,Nigeria,desktop,google,1,1200,0.05,2026-05-24 18:06:03
3eea3f70-4d91-4b3e-b846-6a47892298e3,55f630ef-2f31-456f-b9e2-6a8b99f93083,634328,view,102,Phone,Electronics,Rwanda,mobile,organic,3,800,0.1,2026-05-24 18:06:04
bcd14f66-6f9a-4aa4-a42d-30c22603af56,6d1d77f7-7ee2-4988-8abc-5bf6013a9f6e,649056,view,103,Keyboard,Accessories,Rwanda,desktop,facebook,2,70,0.12,2026-05-24 18:06:05
80661596-347d-44c4-8f06-e96c9c921e67,0e9c5c22-0a48-46de-a532-f6aa422251af,745356,purchase,103,Keyboard,Accessories,Ghana,desktop,facebook,5,70,0.18,2026-05-24 18:06:06
e02c1688-a4ea-4a86-a66c-33adc73e511d,5f1ca74e-093b-49c5-a03d-56d6c5aa67f5,650015,view,104,Mouse,Accessories,Nigeria,desktop,organic,4,40,0.19,2026-05-24 18:06:07
493e1de2-8df7-4376-946d-97025e9d857a,dfd6085a-950d-4928-a6de-a63023ce3c94,825,purchase,102,Phone,Electronics,Nigeria,mobile,facebook,2,800,0.07,2026-05-24 18:06:08
de4f2fe9-af1d-43e9-8719-f0c4d8ab85c0,cada5526-506b-4e84-9b75-3a0a1e173abf,496546,purchase,102,Phone,Electronics,Ghana,desktop,facebook,4,800,0.17,2026-05-24 18:06:09
354b5032-6fd5-4f6d-9dc4-7384e444aa7d,2fdfff92-6b2a-4363-86f7-1b9d8bfac17d,199,view,103,Keyboard,Accessories,Nigeria,mobile,google,5,70,0.13,2026-05-24 18:06:10
82a9f390-2a71-4c05-81b6-35e8119c8e52,814f0256-3ee6-45c3-a7e5-38f7e5238372,220,purchase,103,Keyboard,Accessories,Nigeria,desktop,organic,3,70,0.01,2026-05-24 18:06:11
5a530fb8-e094-4e01-9ff1-fc53a1b79173,46d57168-074e-40b8-b57a-d66ca18c53d3,827569,view,104,Mouse,Accessories,Kenya,mobile,facebook,3,40,0.03,2026-05-24 18:06:12
24ba603d-24c4-4fdb-bbf2-1831a2154880,e82fd729-1b69-4457-8d4e-e1b8a039bb26,232304,view,103,Keyboard,Accessories,Ghana,desktop,organic,3,70,0.11,2026-05-24 18:06:13
b63af63f-390b-4e63-aa78-85be0e16f6d3,4b4b2dfa-16ab-43e3-a05d-fa11d22d86f1,44065,purchase,104,Mouse,Accessories,Kenya,desktop,facebook,5,40,0.11,2026-05-24 18:06:14
eba1f8c4-216c-4739-adbb-e2b71625946f,876b7cbe-2cf1-4e2e-aab9-95924873cbd0,142790,view,101,Laptop,Electronics,Ghana,mobile,organic,1,1200,0.17,2026-05-24 18:06:15
d518c2eb-eb51-4937-ae9d-6f4c3e37ea61,cce0f4e2-f8fa-49b7-a9b5-7c0a308aea11,759578,purchase,101,Laptop,Electronics,Kenya,mobile,google,2,1200,0.03,2026-05-24 18:06:16
0ac6fc49-ee53-47dc-af62-229debb3a025,45a0f52b-3297-4178-9dd2-4ab4d1c5101a,667937,view,103,Keyboard,Accessories,Ghana,desktop,organic,3,70,0.17,2026-05-24 18:06:17
8183abea-13f3-4801-abf1-6bd3777bcea5,4bce6dbb-a10d-4fe4-ba60-e710a818ead7,385,purchase,103,Keyboard,Accessories,Kenya,mobile,facebook,3,70,0.06,2026-05-24 18:06:18
716da506-89da-4a48-8473-0c3476f40564,d55849a6-9cbb-4729-96b9-39bc4e2ca4ec,886513,purchase,101,Laptop,Electronics,Ghana,desktop,google,1,1200,0.17,2026-05-24 18:06:19
c9ab3dc5-af77-4fd3-8eda-143461bfded5,d02b2d56-0458-4dbf-a3da-7df30da49738,703298,view,104,Mouse,Accessories,Nigeria,desktop,facebook,1,40,0.07,2026-05-24 18:06:20
f0e358b0-cc5f-4e1f-bd09-e979a4c81e25,e762c1a3-dff4-4398-86f4-09f5a4ba0112,70449,purchase,102,Phone,Electronics,Nigeria,mobile,facebook,1,800,0.11,2026-05-24 18:06:21
15753fae-01ea-411d-827a-87cbee35ebba,2eb02e78-e769-4775-80d5-f15c9b1186fc,979213,view,103,Keyboard,Accessories,Ghana,mobile,organic,5,70,0.15,2026-05-24 18:06:22
a8435748-ab7e-4693-8248-9472318994ea,2f6b53dc-a33e-4c3c-99b6-ba0d206bb549,982329,view,101,Laptop,Electronics,Ghana,desktop,organic,4,1200,0.06,2026-05-24 18:06:23
6cccba14-ac1b-4074-837d-d39dcb621fd8,97860cc7-b3c4-4ced-9cf3-33b207ff677e,982,view,102,Phone,Electronics,Rwanda,desktop,organic,2,800,0.12,2026-05-24 18:06:24
706681b5-5e1c-448d-8ec1-1f4dfed10674,eb9ac9e2-12d4-4b66-afc0-99263f8b444a,8,view,104,Mouse,Accessories,Nigeria,desktop,facebook,5,40,0.05,2026-05-24 18:06:25
ea478c72-5945-422c-87a8-c9dd0daef26a,4a045ec9-e266-4235-95f0-7c3aa3b47dbf,531706,purchase,102,Phone,Electronics,Kenya,desktop,google,4,800,0.17,2026-05-24 18:06:26
1328ad68-3f32-4a96-a7dc-8d8bacbdcfff,3d78300a-40e5-4d5d-afc6-25dfd6f19dd7,967,purchase,104,Mouse,Accessories,Ghana,desktop,organic,2,40,0.09,2026-05-24 18:06:27
ec44d042-2707-4c99-aecc-d5ff83fc48f9,9ef541ab-f49f-47d9-9b4a-e1686de26924,640347,view,103,Keyboard,Accessories,Kenya,desktop,facebook,3,70,0.19,2026-05-24 18:06:28
6365cb88-d72b-4e2b-944f-6f9c8c038cbd,df22a4a6-0531-498d-9e07-f47ae5d75db2,825237,purchase,104,Mouse,Accessories,Kenya,mobile,google,1,40,0.04,2026-05-24 18:06:29
b2a460d4-495c-4bb1-96b2-606f761884de,f29af22d-c4d8-4c11-b9c7-6392bce14194,823,purchase,102,Phone,Electronics,Nigeria,mobile,organic,1,800,0.18,2026-05-24 18:06:30
f773cf29-c59c-401d-80b1-e55d46bc8fd8,eb40519c-257f-4711-b260-d226659726ad,194,purchase,104,Mouse,Accessories,Nigeria,mobile,google,1,40,0.14,2026-05-24 18:06:31
ea9a945e-62c6-41e3-aba2-f6a3f89123ec,6dd20e8c-10ce-414e-9768-baf795a12dea,60272,purchase,101,Laptop,Electronics,Nigeria,mobile,google,5,1200,0.18,2026-05-24 18:06:32
c0b832c1-5da5-47de-a1c7-f9a5471700c0,83ec5ae7-f043-41de-bdc0-e8e822a9eb55,178,view,101,Laptop,Electronics,Ghana,desktop,organic,2,1200,0.03,2026-05-24 18:06:33
7209f8ac-ff96-4edb-a944-0d273671f653,95950960-a3b7-4397-9147-a700584c3afc,59787,purchase,104,Mouse,Accessories,Kenya,desktop,google,1,40,0.01,2026-05-24 18:06:34
b2e40691-0868-4560-a60c-ea4dca20558e,1710c6be-a1ab-43ce-b587-0ecc5f03ffcd,669722,view,101,Laptop,Electronics,Nigeria,desktop,google,1,1200,0.11,2026-05-24 18:06:35
15237af5-b095-4e4e-bf4a-63c2f822052e,1ab04e86-4ab0-4dd3-9752-800b890a4178,958310,view,103,Keyboard,Accessories,Ghana,desktop,organic,5,70,0.04,2026-05-24 18:06:36
01cfcab9-eb8e-4d38-9901-569ab1388938,2dccdbb3-4467-4ed0-aa36-493cc0e22f82,708,view,102,Phone,Electronics,Kenya,mobile,facebook,5,800,0.15,2026-05-24 18:06:37
d72a1213-9e60-426b-b57f-b1f65c51d5bc,a68fd64a-d0f7-47e8-b76c-f65e066fa478,121,purchase,101,Laptop,Electronics,Kenya,desktop,facebook,1,1200,0.01,2026-05-24 18:06:38
81c07065-0450-4519-8775-d8e4e5488112,30f7ad7d-edb6-4fe7-8cbd-3f1ce2cb379a,909,view,103,Keyboard,Accessories,Rwanda,desktop,facebook,1,70,0.17,2026-05-24 18:06:39
145000ea-b815-4a00-a2bf-b8c1dcfa7c2e,42a591b5-5c9b-469e-944e-e7c3e7833716,1289,purchase,101,Laptop,Electronics,Nigeria,mobile,organic,1,1200,0.11,2026-05-24 18:06:40
75a68c26-83e5-4ede-8546-0c536cf94fb6,8fe09876-2581-43f8-a54f-6008e06dca02,31,purchase,102,Phone,Electronics,Nigeria,desktop,google,3,800,0.12,2026-05-24 18:06:41
183ced87-d698-4949-ad09-396e3975eefb,49f8b711-46c8-4df3-a537-af5c892bba99,778,view,101,Laptop,Electronics,Ghana,desktop,organic,4,1200,0.14,2026-05-24 18:06:42
f322538b-82be-48e8-b966-7f51ea9b89a7,b5d15cdb-e780-491c-a89a-1a4a102dbf43,239269,purchase,102,Phone,Electronics,Rwanda,mobile,google,4,800,0.17,2026-05-24 18:06:43
4f327542-34a6-4a9b-92e8-ab35e644376d,d280291c-858d-453a-aedf-1134720a852e,119616,view,101,Laptop,Electronics,Ghana,desktop,google,3,1200,0.07,2026-05-24 18:06:44
c5bbae2d-214a-4bdc-ab84-cb18c63ec911,208a9589-ef27-4aff-b5eb-551656855063,901,view,104,Mouse,Accessories,Ghana,mobile,google,3,40,0.07,2026-05-24 18:06:45
98fe262b-1361-4422-847e-1743557416e6,505cf355-a814-4e7a-893d-9c4c195b77e5,404916,purchase,104,Mouse,Accessories,Nigeria,desktop,organic,2,40,0.08,2026-05-24 18:06:46
9c67a184-31c6-445a-81b6-cf0ab63b2e67,d2c32d75-e43d-4ca1-8f37-54562649bd7d,785512,view,104,Mouse,Accessories,Ghana,desktop,facebook,2,40,0.13,2026-05-24 18:06:47
56b35bb8-06f4-491a-b6ed-6266eb4afbc1,93f67f2d-c114-4165-87d0-adb7b7186869,446334,purchase,101,Laptop,Electronics,Rwanda,desktop,facebook,1,1200,0.16,2026-05-24 18:06:48
17a1c04a-9f18-439d-8fd2-86034bcb0d9a,55ac5f4d-762a-469d-a48c-f7f0656296a6,348166,purchase,102,Phone,Electronics,Ghana,mobile,organic,2,800,0.12,2026-05-24 18:06:49
f794657c-acaa-494c-b51c-b512b0d6ef8c,ed7f4f49-9908-4101-b267-f51ba4e97a73,875767,view,102,Phone,Electronics,Kenya,desktop,facebook,2,800,0.1,2026-05-24 18:06:50
227cd6c7-0523-4be7-aaff-6f1de4e6bce2,20241b11-be9e-4aed-855a-07b5fd26913c,250238,purchase,101,Laptop,Electronics,Ghana,mobile,facebook,3,1200,0.06,2026-05-24 18:06:51
a40698af-248d-47e6-bf9a-c0f79d662f40,0503ed75-cab5-4775-8b52-44753eebe741,885443,view,101,Laptop,Electronics,Rwanda,desktop,facebook,1,1200,0.05,2026-05-24 18:06:52
88ef2683-8830-43bc-b2b9-a942a8675c89,85eda6a7-1fa3-46ee-bb72-10a097ba7656,454,view,102,Phone,Electronics,Ghana,desktop,google,5,800,0.1,2026-05-24 18:06:53
667b8ecd-1783-4044-a7e6-dcc03756262d,2decaf26-9a1e-46b5-844c-1ca0c921e76a,564474,purchase,103,Keyboard,Accessories,Ghana,mobile,facebook,2,70,0.17,2026-05-24 18:06:54
9e879099-efc8-4fc1-9c29-171d97149777,1324c968-a8a0-4a89-956a-c0674fa9925e,545695,purchase,101,Laptop,Electronics,Ghana,mobile,google,1,1200,0.17,2026-05-24 18:06:55
c219ddf6-d22f-467c-8fa0-904d07533059,d5fb0854-833f-49f0-9113-65fc726a11c9,380915,view,103,Keyboard,Accessories,Nigeria,mobile,organic,5,70,0.0,2026-05-24 18:06:56
52cba0de-217e-4948-96f1-fbef97fda72c,7c242fbf-d4a3-48cf-bba4-36b9ff79be3d,921,purchase,104,Mouse,Accessories,Kenya,mobile,google,2,40,0.08,2026-05-24 18:06:57
fa827ca1-6e1a-4fd7-9235-149c51976cf8,292be7d3-a7e3-4708-845b-3cc6c2f39925,813,purchase,103,Keyboard,Accessories,Kenya,desktop,facebook,4,70,0.07,2026-05-24 18:06:58
c3bf5e7d-6739-4b1c-b51a-64edf7b49077,aa817bac-f1bc-479d-849e-de1a98fe417c,529,purchase,103,Keyboard,Accessories,Nigeria,desktop,google,2,70,0.08,2026-05-24 18:06:59
50ec6930-97f7-410a-b8ad-6c4dff2165b0,f83f9270-95f7-4f2f-b9d3-324df674818e,10803,view,101,Laptop,Electronics,Rwanda,mobile,google,1,1200,0.02,2026-05-24 18:07:00
5f36d7f2-3f59-4c60-9493-33c742a7c99c,c0669a88-4070-46be-999a-6b699260e4f2,178686,view,102,Phone,Electronics,Kenya,mobile,organic,2,800,0.08,2026-05-24 18:07:01
d027e49d-c08d-47bf-b9a4-1b2ab87b5137,116d9750-2e35-4990-8af9-5d20ba05479d,354,view,102,Phone,Electronics,Nigeria,desktop,google,4,800,0.18,2026-05-24 18:07:02
83ec2aae-44d5-48ba-a9e1-237931a3c61c,67a5a40e-ce40-4d0b-b0db-4db8ca2951e0,229900,view,102,Phone,Electronics,Ghana,desktop,organic,5,800,0.04,2026-05-24 18:07:03
44b799d9-ee97-42df-9cc9-0236e3c68fd3,c3ed5119-5510-4666-931e-95bb9da99feb,94905,purchase,102,Phone,Electronics,Ghana,desktop,facebook,3,800,0.07,2026-05-24 18:07:04
c6391493-e0f4-44ee-b08e-fbcabc5481a1,58697aef-0529-4d0f-8471-46c2e6d0ad6a,322267,view,102,Phone,Electronics,Ghana,mobile,google,2,800,0.02,2026-05-24 18:07:05
5c731703-6c29-47d1-be5b-01ade013ddc5,a112fe20-a716-494f-a1e8-34a50908e880,129374,purchase,104,Mouse,Accessories,Kenya,mobile,organic,1,40,0.14,2026-05-24 18:07:06
1e58329d-a7c0-4314-a04f-42ac8966eedb,98be1dcf-e154-4692-84e2-b6c6056ea849,640451,view,102,Phone,Electronics,Nigeria,mobile,facebook,5,800,0.08,2026-05-24 18:07:07
0e48a20a-871b-444d-b709-82765dbf30a1,87030fa2-a97f-4b24-ad6a-35ac3448e85d,850775,purchase,101,Laptop,Electronics,Ghana,desktop,google,3,1200,0.17,2026-05-24 18:07:08
4077c8bb-9fee-4ccc-99b5-ee1e94ddaf19,bcb77e95-e495-45e4-a86b-d120ba2a6c53,376,purchase,104,Mouse,Accessories,Rwanda,mobile,organic,4,40,0.04,2026-05-24 18:07:09
0f409f9e-5f68-4596-bdbb-36654de2c734,d98db888-9e89-42d6-9573-b59ec973d253,759376,purchase,103,Keyboard,Accessories,Nigeria,mobile,organic,3,70,0.0,2026-05-24 18:07:10
3c7eca3b-fb9b-444d-9667-9d9a5801f93c,264e6522-679b-4a62-9320-66b56977afb5,264652,view,101,Laptop,Electronics,Rwanda,mobile,facebook,3,1200,0.06,2026-05-24 18:07:11
3ad5031f-9e76-4001-b052-8ceb693afa03,3f513654-c94d-4c14-a02d-99dab4699ccc,903989,purchase,101,Laptop,Electronics,Rwanda,mobile,facebook,2,1200,0.15,2026-05-24 18:07:12
e455aff5-d121-413c-bf05-19052559e3d7,1123f004-7ad0-4a86-8f9c-f1241d6993ec,214686,purchase,102,Phone,Electronics,Rwanda,mobile,facebook,2,800,0.17,2026-05-24 18:07:13
0e7b4ce8-b74b-4f6f-a690-e0b855097a48,70ab57e7-644f-4ef1-947c-0706db05a843,906,purchase,104,Mouse,Accessories,Rwanda,desktop,facebook,5,40,0.11,2026-05-24 18:07:14
a0a60a22-387f-4b9a-aaef-a9f8106c00b7,5ae226ad-784b-4c65-a316-2ee4d003e290,778595,purchase,103,Keyboard,Accessories,Ghana,mobile,organic,3,70,0.2,2026-05-24 18:07:15
c178fcf8-1089-46ba-95da-2268d9f6e348,066cb707-fa30-42d7-ad7e-96a4ff125755,271145,purchase,102,Phone,Electronics,Rwanda,mobile,facebook,4,800,0.16,2026-05-24 18:07:16
5af4f7ac-2e3f-42ae-9041-2c2cb588fb9c,5fcbba9d-9aef-417f-9873-b42bde442171,893664,purchase,103,Keyboard,Accessories,Ghana,mobile,facebook,1,70,0.05,2026-05-24 18:07:17
d84b9637-11b3-4cd0-bdea-7c65436a38ac,247f8080-73d1-48fe-97be-849a9bda6ab4,974698,purchase,104,Mouse,Accessories,Nigeria,mobile,facebook,1,40,0.1,2026-05-24 18:07:18
8d7ff190-6325-4798-953f-5319ce673c20,83412524-c015-4ded-822e-bac1239713d8,911106,purchase,101,Laptop,Electronics,Ghana,mobile,google,4,1200,0.0,2026-05-24 18:07:19
e5f8360f-ddcf-428c-b591-1187ebe29207,55885847-6c23-4ffd-ab14-319201b53f7d,839515,view,103,Keyboard,Accessories,Rwanda,mobile,google,4,70,0.03,2026-05-24 18:07:20
ad1216bf-0fbe-446a-a031-a128f1d8112a,b57efe3b-9317-4897-9b25-8d39f289e477,119144,view,101,Laptop,Electronics,Rwanda,mobile,google,4,1200,0.06,2026-05-24 18:07:21
c8185a89-9f68-48e3-8792-6d061a1bfa18,766afb1a-2374-49c7-a5ce-560fb7740b14,333270,view,104,Mouse,Accessories,Nigeria,mobile,organic,5,40,0.01,2026-05-24 18:07:22
4ab472c6-8f4f-466e-8b33-42df5def2325,e23ad55b-6627-44e9-a6ba-57cc6a796265,547036,view,104,Mouse,Accessories,Nigeria,mobile,google,3,40,0.0,2026-05-24 18:07:23
2a1ca710-0769-4235-8de0-dbf4e3e5749b,aa86f652-dffb-4145-b09d-60bf16f2a86a,874,view,101,Laptop,Electronics,Kenya,mobile,organic,2,1200,0.17,2026-05-24 18:07:24
32d5a0e9-8110-4fa6-bef7-ba5cf862673b,ca326f41-e145-4439-b9a6-cf32d5468d67,842306,view,104,Mouse,Accessories,Kenya,mobile,google,1,40,0.2,2026-05-24 18:07:25
53a14f86-138f-4f8a-8880-c70245aedc77,a3e1f55d-b882-4a36-a5ce-33d727910ff6,78133,purchase,101,Laptop,Electronics,Kenya,mobile,facebook,3,1200,0.0,2026-05-24 18:07:26
adee81b5-5fc2-4ad4-8bb9-14c01dafbaba,a86a88a6-5a76-4fc7-bd6c-880ffcc7dd31,404074,purchase,102,Phone,Electronics,Ghana,desktop,facebook,4,800,0.17,2026-05-24 18:07:27
7a9ba096-dbbe-4153-9e5a-4228a7de04b9,7c85cb68-00aa-4e53-b467-9033c95cfd21,698793,view,104,Mouse,Accessories,Kenya,desktop,organic,3,40,0.11,2026-05-24 18:07:28
004fddf2-0817-4b67-a16c-004c82a15713,11cb885e-0408-417f-a3fc-aaf4c3bf0a42,619522,purchase,101,Laptop,Electronics,Nigeria,mobile,organic,1,1200,0.02,2026-05-24 18:07:29
c4931fd5-59cc-4974-a103-6cf06e31d294,08992f31-5fe7-470a-a7e2-6611caef16e1,368028,purchase,104,Mouse,Accessories,Nigeria,desktop,facebook,2,40,0.1,2026-05-24 18:07:30
069f4a47-fafe-4dfd-a61f-606f663eb97e,b8d76274-319e-4d6a-a0ef-84fba709943f,669537,view,103,Keyboard,Accessories,Kenya,mobile,organic,2,70,0.11,2026-05-24 18:07:31
4ebc6130-e7b9-40d8-b6d2-7636facd58ad,157dd9e4-db90-4984-94ed-1a6c1509258c,48,view,103,Keyboard,Accessories,Ghana,mobile,organic,2,70,0.01,2026-05-24 18:07:32
5c79f105-a504-40b5-a7d4-1de6dfc2e369,21d5c214-ea1f-4828-a84f-fd801d62bf66,67664,purchase,104,Mouse,Accessories,Rwanda,desktop,google,2,40,0.03,2026-05-24 18:07:33
182d695a-5dfc-491c-a45e-a92a9747e8ba,9cccc59c-854f-4621-9353-a6c2c15f79d6,160214,view,103,Keyboard,Accessories,Rwanda,desktop,google,5,70,0.11,2026-05-24 18:07:34
73d47a82-8960-4209-86bd-ff01d75591a1,173f39a0-1277-463e-bfb3-83efcf9be2f0,476597,purchase,104,Mouse,Accessories,Ghana,mobile,organic,4,40,0.03,2026-05-24 18:07:35
01a7538f-6ca5-458c-b83a-2bf7185b70bf,c21ccde4-ca35-4cb1-b6e4-0221caac4492,941698,purchase,102,Phone,Electronics,Ghana,desktop,google,5,800,0.09,2026-05-24 18:07:36
ae2d569f-b615-4f40-a545-29b515d1f516,32a654e4-0162-4fcf-b7cd-5a4e0d389cfd,744,purchase,103,Keyboard,Accessories,Ghana,desktop,organic,4,70,0.14,2026-05-24 18:07:37
389b714b-d61e-4f61-9358-d6d9cff69386,e542a714-b345-4c78-815e-9c0fc8df60fe,919,purchase,102,Phone,Electronics,Kenya,mobile,google,1,800,0.08,2026-05-24 18:07:38
fa441dfa-f854-42ba-8b24-c139080ca055,b79f889d-b7b6-4d7d-9168-5d83a617ada2,229214,view,102,Phone,Electronics,Kenya,mobile,google,4,800,0.17,2026-05-24 18:07:39
e99e0636-2a9a-47ae-8b8f-6814eaa84e3d,b8b773bf-2127-4740-af89-3ae9d810160f,570197,purchase,102,Phone,Electronics,Nigeria,desktop,facebook,5,800,0.2,2026-05-24 18:07:40
fc0daaa2-4fe6-40d5-9349-ddb36319fb67,855ae360-763b-46ed-8b62-c915ebe3b745,155085,view,102,Phone,Electronics,Nigeria,mobile,facebook,3,800,0.04,2026-05-24 18:07:41
37d104b7-9e34-4a92-ad9c-132595c59bda,f9c0995b-11ec-4357-8433-fbf6ab18781d,172964,purchase,103,Keyboard,Accessories,Ghana,mobile,organic,3,70,0.09,2026-05-24 18:07:42
6b0bd3ba-5794-4cb7-a129-fead333bb5e9,d5e32e61-6dd2-41fd-9f7b-e172fd52c0fc,131,purchase,102,Phone,Electronics,Kenya,desktop,google,5,800,0.11,2026-05-24 18:07:43
f1789742-1096-42c8-84fc-0c3695a56293,d6d74e05-03ff-4f34-989e-8da05e7965a3,788627,view,104,Mouse,Accessories,Nigeria,mobile,organic,1,40,0.06,2026-05-24 18:07:44
f215d3c7-b6aa-4767-9e7d-8de97c220084,95e1061b-734f-4768-ac5e-6d84f6692331,236267,purchase,104,Mouse,Accessories,Ghana,mobile,google,2,40,0.2,2026-05-24 18:07:45
8a91f3b5-f118-4509-b3d8-ed9e0e2eef9a,9bcb2567-a6f3-4a5b-a41b-1945a98b4e20,335,view,104,Mouse,Accessories,Ghana,mobile,google,5,40,0.19,2026-05-24 18:07:46
93e25dab-bce9-4b4d-9971-42afac6a26e8,0822d4d0-0b07-4039-8428-f732d2e0efd3,778618,purchase,101,Laptop,Electronics,Ghana,mobile,organic,5,1200,0.09,2026-05-24 18:07:47
552ef6ab-0714-4f4f-a267-4d4bcf87f38a,ea94774e-a4f8-4483-b867-e1fcb980e4b2,766,view,104,Mouse,Accessories,Rwanda,desktop,organic,1,40,0.17,2026-05-24 18:07:48
b0a9ee92-463b-4dd8-b6b1-ad6425ff6999,34f32b0d-fca1-4675-82ca-619091d12ac6,908225,purchase,102,Phone,Electronics,Nigeria,mobile,google,4,800,0.15,2026-05-24 18:07:49
01b95831-56ad-4db3-92ba-e0d5101ef112,89f9383c-d145-4a22-b182-eca7808a9f5f,889,view,103,Keyboard,Accessories,Ghana,mobile,facebook,1,70,0.07,2026-05-24 18:07:50
6be68298-8b57-4ce2-86f3-253de6a0c33e,0712d518-405d-4872-a30a-d7512ad76d6a,26,view,101,Laptop,Electronics,Kenya,desktop,google,4,1200,0.1,2026-05-24 18:07:51
cea0707d-0647-47d3-b721-45b75fcaeae2,8fb3fc39-2cc5-41e4-8dcb-2ce95cf74259,927645,purchase,104,Mouse,Accessories,Nigeria,desktop,facebook,2,40,0.01,2026-05-24 18:07:52
0f488fb7-68f6-4bda-9a3c-aa40774d8465,3a0b37ee-8429-406b-bc6e-1c2bda9d7bd0,761994,view,104,Mouse,Accessories,Ghana,mobile,google,3,40,0.2,2026-05-24 18:07:53
baff9ebe-908b-4e38-8be8-ca2ea39dcbb4,1d680e73-363c-4f3d-8490-d832f0733358,560835,view,103,Keyboard,Accessories,Rwanda,mobile,facebook,1,70,0.01,2026-05-24 18:07:54
e1b733a8-8653-4c9d-a5b1-6a575ab545ad,c1e71b2d-e208-4a2c-8463-db98731e7771,355564,view,102,Phone,Electronics,Ghana,mobile,google,4,800,0.15,2026-05-24 18:07:55
bfb65ddb-765b-4886-91ad-be41e0515954,ead2b9e2-34d9-41fb-acdf-f568b9ff7743,334562,purchase,103,Keyboard,Accessories,Nigeria,mobile,facebook,3,70,0.2,2026-05-24 18:07:56
034eb8fc-bc60-461b-8383-addf226cd024,485c4932-5303-4cc8-8693-a74a81649297,174667,purchase,103,Keyboard,Accessories,Nigeria,desktop,google,3,70,0.18,2026-05-24 18:07:57
440f62e0-7696-4ef6-ab84-3c97f84a5dae,29bba470-87e4-4a86-be82-0932faa80f72,580531,view,104,Mouse,Accessories,Ghana,desktop,google,4,40,0.17,2026-05-24 18:07:58
5c246ab4-a62c-48b2-aee9-a0d3bf8b2e0a,60f27c12-91ab-4684-a618-7b88c5e175b4,419214,view,102,Phone,Electronics,Nigeria,mobile,organic,2,800,0.03,2026-05-24 18:07:59
9f014c3e-9bcb-4f77-b606-fe72136a200c,b66b61dd-5f39-4e26-a358-aac973627d5b,113810,purchase,103,Keyboard,Accessories,Ghana,desktop,google,4,70,0.03,2026-05-24 18:08:00
48699e6e-d92e-4d91-9a14-74069051b68e,59e84173-0177-4218-a956-0b96bc180a23,338662,purchase,103,Keyboard,Accessories,Nigeria,desktop,facebook,4,70,0.19,2026-05-24 18:08:01
18d1ee89-f132-41a3-a117-18fa6d78d2ca,6d870b2f-c352-4c5b-a1b1-252a37db304a,887,purchase,102,Phone,Electronics,Nigeria,desktop,organic,4,800,0.0,2026-05-24 18:08:02
2be0a9a4-d3eb-4934-b61b-5ab34485b78b,7bda57b4-ebc4-4fda-812e-b5015ad35d2c,714895,purchase,104,Mouse,Accessories,Nigeria,desktop,organic,4,40,0.1,2026-05-24 18:08:03
569d425e-f05a-403a-9c9b-717873964381,e819958b-706e-4995-8045-0c0270d6f60d,714643,view,104,Mouse,Accessories,Nigeria,desktop,organic,1,40,0.03,2026-05-24 18:08:04
7b23f854-f435-4329-afab-6c4a66dc205c,1c719ce6-28e7-4a8f-80ed-74e0022aff63,315,view,104,Mouse,Accessories,Rwanda,desktop,google,1,40,0.11,2026-05-24 18:08:05
7503d62c-f0f7-4333-8273-0a9891848172,13b88193-f751-4e18-81a4-521ff35d5d70,790280,purchase,104,Mouse,Accessories,Kenya,desktop,organic,4,40,0.15,2026-05-24 18:08:06
68fd575f-7645-4ccd-9312-57c93eed7191,b47f51ed-fa56-4424-aabe-264be1a36578,3963,view,102,Phone,Electronics,Rwanda,desktop,google,3,800,0.06,2026-05-24 18:08:07
95d48806-f3f4-44c2-a52a-7169efd10347,7a38fde1-aa6b-4c09-ace9-281ad2e91745,814184,purchase,104,Mouse,Accessories,Kenya,mobile,google,4,40,0.07,2026-05-24 18:08:08
9935af96-e2bf-4e11-83ea-862d8b1ec99d,c8514aac-c813-4a29-a271-89952f932c7d,313,view,103,Keyboard,Accessories,Nigeria,mobile,organic,2,70,0.09,2026-05-24 18:08:09
9866700f-1517-436d-9cd9-7f3e8b09e2c7,e687f432-e8ff-4826-bbe5-b043261af79d,671,view,103,Keyboard,Accessories,Kenya,mobile,facebook,4,70,0.17,2026-05-24 18:08:10
a7dd0045-fb03-47b7-957f-03e278e1927d,7dd05c69-05e0-4eee-aa94-7af48017ecdc,842037,view,102,Phone,Electronics,Rwanda,desktop,google,4,800,0.12,2026-05-24 18:08:11
0545e4ba-1822-4278-b42d-2119ee24dbf9,3030dea1-f7b3-419e-844d-0367c8b4653d,325328,view,102,Phone,Electronics,Kenya,desktop,google,4,800,0.06,2026-05-24 18:08:12
d77c52c0-3738-41e2-a667-588b2240fb95,a4f63b59-6302-4c5b-b2d2-a669bf6daa73,411426,view,104,Mouse,Accessories,Nigeria,desktop,google,2,40,0.02,2026-05-24 18:08:13
74525625-794c-42c1-8395-5fe5178773e0,95a641cb-9aae-41af-8b60-e2c8646ae1e7,488,view,101,Laptop,Electronics,Ghana,desktop,google,2,1200,0.03,2026-05-24 18:08:14
c10170ca-5b90-430e-8db1-cdc09c9a39c5,090bb56e-c812-4bc5-89dc-147a983a979c,265738,purchase,103,Keyboard,Accessories,Rwanda,mobile,organic,4,70,0.03,2026-05-24 18:08:15
c47061fb-9b74-440c-8021-79d1d4b98217,fd0cc7dc-97b2-41c9-b7d4-4d4e176b57a9,528232,purchase,102,Phone,Electronics,Kenya,mobile,facebook,4,800,0.19,2026-05-24 18:08:16
4a483115-43a5-4ecb-a5bf-947230875a98,cac85875-96f8-4e80-8abb-5f81c1599240,885205,purchase,101,Laptop,Electronics,Nigeria,mobile,google,1,1200,0.03,2026-05-24 18:08:17
c9c568e4-0f50-4ee9-9a38-3d2103cde962,53762a7a-be51-4c34-9c88-26930c5ab878,484,view,103,Keyboard,Accessories,Rwanda,desktop,facebook,2,70,0.15,2026-05-24 18:08:18
de7760f7-c818-40d2-aeb4-81852f2368be,e2ff5dfd-815b-493f-af1f-c62112f54f7b,101007,view,101,Laptop,Electronics,Kenya,mobile,google,3,1200,0.13,2026-05-24 18:08:19
c348e905-9013-48db-a8b1-49ceee176b3e,a70651d6-f666-4709-abd7-45b090ad5b52,63444,view,103,Keyboard,Accessories,Ghana,mobile,google,4,70,0.09,2026-05-24 18:08:20
a3095841-68c5-40c7-a9e4-bdab16be2bbd,ec09b02d-324e-428c-8db0-d106dfb07264,702264,purchase,103,Keyboard,Accessories,Ghana,mobile,organic,1,70,0.07,2026-05-24 18:08:21
4ad4f8af-04c7-4127-a43b-951b5c9c2adc,5cd1b763-6a69-42ea-9e43-1c9bc0c2f55a,407,purchase,101,Laptop,Electronics,Kenya,desktop,organic,5,1200,0.08,2026-05-24 18:08:22
a48005cf-69fe-41d1-9010-e41f9c47e5b3,2787c0f7-deb4-4752-91e4-261254e4b06d,525893,purchase,104,Mouse,Accessories,Ghana,desktop,google,1,40,0.03,2026-05-24 18:08:23
a3970c44-fc0b-4199-aaf5-aff7110fb857,1319ce72-738e-4ce7-93af-1477ad36a2c8,348,view,103,Keyboard,Accessories,Kenya,mobile,google,3,70,0.05,2026-05-24 18:08:24
9835eebb-dca6-4e3a-96bd-50590d075d81,e3d5bd15-bda3-42b7-9a99-8106c027a349,712754,purchase,104,Mouse,Accessories,Nigeria,desktop,organic,4,40,0.03,2026-05-24 18:08:25
c50f5198-e664-4670-b556-1f5840083436,61ade524-7adb-47ad-94f5-3a13a051c1d0,970942,view,103,Keyboard,Accessories,Kenya,mobile,organic,4,70,0.06,2026-05-24 18:08:26
eb2a0e0e-e3d4-4671-9243-1afd2a36c4e6,d636df2e-5e44-4bb9-a6eb-dbeabc2a2d7e,740197,purchase,103,Keyboard,Accessories,Nigeria,mobile,facebook,2,70,0.2,2026-05-24 18:08:27
7a32eb9d-b939-45c7-8db1-1ced1c1fb94c,d9c23824-d41a-4404-b282-9a9f9c67340b,124,view,104,Mouse,Accessories,Nigeria,desktop,facebook,1,40,0.08,2026-05-24 18:08:28
c47a0170-b77a-4f42-9e99-1e92e206ab16,25bbb864-85f0-4710-b8d5-a864b41e96b3,73234,view,104,Mouse,Accessories,Ghana,mobile,facebook,5,40,0.19,2026-05-24 18:08:29
d51151bb-d96f-4a4e-b0c9-c8b9e825bb3c,7a65d625-56dc-4483-b170-221928058e16,970867,view,103,Keyboard,Accessories,Nigeria,desktop,google,1,70,0.12,2026-05-24 18:08:30
4e6452e8-96b5-4693-8fef-a0ce5f9d558a,709275f0-f0c8-4448-8850-840a5a851035,261562,purchase,101,Laptop,Electronics,Nigeria,mobile,facebook,2,1200,0.07,2026-05-24 18:08:31
0c46b3b4-1330-47b5-8753-d5a8b4ce74be,78d9df58-bee4-49af-bbb5-59b0ecb9403c,190962,view,102,Phone,Electronics,Ghana,desktop,organic,1,800,0.15,2026-05-24 18:08:32
b4c60edb-ce05-4880-bf47-f49488cab740,8974da6e-cecf-4865-9eed-256487278870,738957,purchase,102,Phone,Electronics,Nigeria,desktop,organic,4,800,0.05,2026-05-24 18:08:33
1b24469b-d311-45a4-9310-d477635af74b,1a4be483-b820-4b2a-9b89-5b017d020779,653367,view,101,Laptop,Electronics,Ghana,mobile,facebook,3,1200,0.04,2026-05-24 18:08:34
1cff4a65-95ee-44ce-80f4-6f213b8bed8a,53d1405f-897c-4501-8293-0b1a2fd6a423,576104,view,102,Phone,Electronics,Kenya,mobile,organic,1,800,0.01,2026-05-24 18:08:35
6de6156b-c4e3-4498-a618-1a695b8e6648,5474fd7e-e224-44f5-bdd3-2087b3d78c65,716061,view,103,Keyboard,Accessories,Ghana,desktop,facebook,2,70,0.19,2026-05-24 18:08:36
794a15d6-9ec9-4933-a5d7-fc0e97abb061,9ead498d-74a0-4b09-b7af-8da15b8830d9,703895,purchase,101,Laptop,Electronics,Ghana,mobile,google,1,1200,0.07,2026-05-24 18:08:37
dd4af996-fb2c-48c2-a496-d37ef54cd7a2,2af1b709-c3a9-492e-ad93-fa76a90c0a20,594537,view,102,Phone,Electronics,Kenya,mobile,google,1,800,0.19,2026-05-24 18:08:38
b4258d2f-3c7f-45f8-88b9-d2b51049fa73,87d536e3-684c-465a-84f9-37a928fb857b,243270,purchase,102,Phone,Electronics,Rwanda,mobile,organic,2,800,0.02,2026-05-24 18:08:39
0f2935d7-6938-499d-8afd-b3bc66bf570f,ca193f70-e0f0-4e97-9d73-426803557e79,845219,purchase,103,Keyboard,Accessories,Ghana,desktop,google,1,70,0.19,2026-05-24 18:08:40
c70a627a-39bd-417e-be1e-a122c78f6a17,80cd1b2a-3d61-4ea4-983e-e1da7e77a477,529865,view,103,Keyboard,Accessories,Kenya,desktop,google,1,70,0.01,2026-05-24 18:08:41
85bea14c-f328-48ec-a758-1033b2be267d,030e6926-5558-4997-b9da-303078fdeb73,961,view,101,Laptop,Electronics,Rwanda,desktop,facebook,2,1200,0.04,2026-05-24 18:08:42
a8d6654d-1beb-4176-bf6c-1fae0304a728,b5cd6a26-703c-466a-a800-d1de95111acc,234451,purchase,104,Mouse,Accessories,Kenya,mobile,organic,2,40,0.12,2026-05-24 18:08:43
813d10ff-a21f-4ed5-a46f-1d2e3fe403e5,91ad29f9-649b-4e53-87f0-1ca6aae2a27a,292,purchase,101,Laptop,Electronics,Rwanda,mobile,facebook,1,1200,0.13,2026-05-24 18:08:44
7dc36d80-56b7-4c9c-91c0-d7c7f141ee7c,e17ddd6e-15e8-4aa3-9b58-80d974b373d2,168,purchase,104,Mouse,Accessories,Ghana,mobile,google,2,40,0.04,2026-05-24 18:08:45
4d1cc0ed-84bc-4db9-bb2d-ce623e730dec,227644ee-d738-4076-8bbb-ccaf35e9a0c0,56291,purchase,103,Keyboard,Accessories,Ghana,desktop,organic,2,70,0.17,2026-05-24 18:08:46
2fc029d9-2dc3-4367-aa0f-905bc4f6dc0e,2d443552-4639-49f2-a58e-7b804732d221,739396,purchase,103,Keyboard,Accessories,Ghana,desktop,google,5,70,0.14,2026-05-24 18:08:47
e1333b13-2f87-40d2-b961-443bafa5b51e,b0361f4c-ea53-4008-80b3-d50363fa0ca8,678225,purchase,101,Laptop,Electronics,Rwanda,desktop,organic,2,1200,0.12,2026-05-24 18:08:48
4baa6a0f-88eb-47dd-9e7e-1967957a96ef,9014024b-4977-41f7-b414-837c0196a49e,388064,view,102,Phone,Electronics,Kenya,desktop,organic,3,800,0.16,2026-05-24 18:08:49
7ffe56aa-c12a-47ea-8c5a-d15bbda47d0b,84285f25-d134-4cca-ae82-594fc48d9a14,904492,purchase,102,Phone,Electronics,Rwanda,mobile,google,5,800,0.17,2026-05-24 18:08:50
8811b139-ff89-4878-80f4-71b7d0fd31fd,0a3aece6-44df-45e1-9e28-ecb34d7ca904,466035,view,101,Laptop,Electronics,Kenya,desktop,google,2,1200,0.05,2026-05-24 18:08:51
c3126850-db9f-4c19-809f-4260ff7658e8,e92ea9bd-8f3f-4ab0-b9f7-92968f2eb743,383216,purchase,103,Keyboard,Accessories,Rwanda,mobile,organic,1,70,0.17,2026-05-24 18:08:52
983fd5c4-abb6-4ea2-b932-1a2039b2f027,692def56-9079-4b5f-a4c2-fcfb48969112,235592,view,102,Phone,Electronics,Nigeria,mobile,facebook,3,800,0.18,2026-05-24 18:08:53
c3cdd6d2-3070-4cc6-a56d-c7df9f28c6d6,545ec92b-d663-4332-a8de-6a89198d8aeb,496020,purchase,104,Mouse,Accessories,Kenya,desktop,facebook,4,40,0.17,2026-05-24 18:08:54
237310e7-763b-4e02-aae0-9b816b66b485,8b254c40-69fa-43dc-8082-ecaf83072d7b,621799,view,102,Phone,Electronics,Nigeria,mobile,google,1,800,0.04,2026-05-24 18:08:55
1e57d5b3-3cf0-4369-bda0-5fb38c26819e,5d0440f8-9330-4fff-9a0c-185778b85383,858434,view,103,Keyboard,Accessories,Rwanda,desktop,organic,1,70,0.17,2026-05-24 18:08:56
486bbf17-52b8-438f-a95b-4cc3688354ae,0b3786f2-7d51-4107-9392-6f79e8136b9c,835564,view,103,Keyboard,Accessories,Rwanda,desktop,organic,5,70,0.08,2026-05-24 18:08:57
73e27841-53ea-4f98-9490-7085c172dbff,b59110e3-ada4-45df-a246-fb4016caf435,885208,view,101,Laptop,Electronics,Rwanda,desktop,organic,1,1200,0.17,2026-05-24 18:08:58
0ae3cb4b-b363-46f4-af01-2f2b616967a6,d925e748-f4ab-4589-8e7a-35d154c5aaa2,675294,purchase,104,Mouse,Accessories,Rwanda,mobile,google,2,40,0.05,2026-05-24 18:08:59
2e3e6faf-6cbf-43d3-88bd-491a8e437466,5ed7d9f4-cfde-4807-8160-6cfe218435e0,315536,purchase,102,Phone,Electronics,Nigeria,mobile,google,5,800,0.13,2026-05-24 18:09:00
30765bf2-8d7d-4fc4-8bd7-8983e178bdb0,db0e954e-d036-4b62-ba4e-4896297b3b4d,823,purchase,104,Mouse,Accessories,Ghana,desktop,organic,2,40,0.14,2026-05-24 18:09:01
05637a9b-4def-4bc6-9425-c4e9d1168517,f5a84b95-b076-48de-b50c-db06710b25bb,134378,view,102,Phone,Electronics,Kenya,mobile,organic,3,800,0.18,2026-05-24 18:09:02
06dd654a-a9a4-4a10-8369-1497e8d0876c,b467d087-6057-4c3e-8387-384975b8a0b2,71,view,104,Mouse,Accessories,Nigeria,desktop,organic,5,40,0.19,2026-05-24 18:09:03
1d93d56e-1c22-4a22-81bb-6a5740d0f677,74831280-3a39-415f-93d4-dc2f82527ed3,885,view,104,Mouse,Accessories,Nigeria,mobile,organic,1,40,0.1,2026-05-24 18:09:04
a8267fbe-c2dc-45f4-a005-a3865f8853e1,dc3c1c88-8a48-4333-a959-cce250f7be5a,125759,purchase,101,Laptop,Electronics,Ghana,desktop,google,4,1200,0.12,2026-05-24 18:09:05
a2ca93aa-eb2d-4854-a050-51f0f37872fd,aa128314-3ded-4ac3-855f-f4c0283656e4,399366,view,104,Mouse,Accessories,Nigeria,desktop,google,4,40,0.07,2026-05-24 18:09:06
