event_id,session_id,user_id,event_type,product_id,product_name,category,country,device_type,traffic_source,quantity,price,discount,event_timestamp
4292e7d8-999e-493e-abad-ccc0ab902743,7f17b69c-bd6f-4049-82dd-282cb5550111,615568,purchase,101,Laptop,Electronics,Ghana,desktop,facebook,2,1200,0.03,2026-05-04 22:02:27
8633ab0b-af2d-481b-a39f-02b3a27a0481,64a2de30-bccd-4e1d-90c9-c37960731160,810323,view,101,Laptop,Electronics,Rwanda,desktop,facebook,5,1200,0.12,2026-05-04 22:02:28
1d634fc4-f1e6-48f7-bddd-e73c12d07556,5df260ab-071f-44f0-b638-283ca5caa03f,949,view,103,Keyboard,Accessories,Ghana,desktop,google,4,70,0.06,2026-05-04 22:02:29
d88c2e5b-1185-4864-ace7-2256cf7e3bbb,08744865-4000-4217-82df-251ddf55949e,950,view,103,Keyboard,Accessories,Rwanda,desktop,facebook,5,70,0.13,2026-05-04 22:02:30
c4dff9ed-ceef-414b-968a-fa29e5df759c,49db54f7-49a1-4711-8acf-d4ce92c7d508,469676,view,102,Phone,Electronics,Nigeria,mobile,google,2,800,0.03,2026-05-04 22:02:31
ad7ca9c9-e97a-446f-bc29-ece01c8be155,9cb1ec86-d8ca-4897-b6e4-64dc6364826c,635429,view,102,Phone,Electronics,Ghana,mobile,google,5,800,0.14,2026-05-04 22:02:32
bff43da4-a6e8-4d48-99e1-16eb5654814e,7d2a8a0e-6238-45b6-9185-64d6d7d08e8a,697441,view,104,Mouse,Accessories,Ghana,desktop,google,2,40,0.09,2026-05-04 22:02:33
9173a667-1068-447b-8cf8-68cf31a217f0,8cbfb720-d00f-4202-b698-075032d18eab,852,purchase,103,Keyboard,Accessories,Rwanda,mobile,google,3,70,0.04,2026-05-04 22:02:34
5fcfe5d5-95cb-48d3-80bd-4a853e60c06b,427eff36-d88d-4261-9afe-fc0c05e6ae9b,181,purchase,103,Keyboard,Accessories,Nigeria,mobile,google,5,70,0.08,2026-05-04 22:02:35
92142b5c-21a9-46c9-b5e0-97680ad55569,475bcff4-0030-4627-9934-9197cf55a350,330,purchase,103,Keyboard,Accessories,Rwanda,mobile,google,1,70,0.11,2026-05-04 22:02:36
865235e9-f217-4945-96d9-434a65cf3f06,a060b094-6688-4d89-8cc5-d0c6ab8e69d7,785977,view,104,Mouse,Accessories,Nigeria,desktop,facebook,4,40,0.11,2026-05-04 22:02:37
a1902a2f-361f-4ede-981e-59f788aeafb3,6640a5c2-ca79-460e-b7f8-032382256b10,956,view,103,Keyboard,Accessories,Nigeria,mobile,facebook,2,70,0.08,2026-05-04 22:02:38
6161ebf7-e6b4-4a8e-9660-d512f13f2137,778f5912-a53d-4445-a10a-9772ac6dbf4e,455684,view,103,Keyboard,Accessories,Kenya,desktop,google,1,70,0.14,2026-05-04 22:02:39
53e15fc3-378a-47f1-a415-d3d2a8419bcf,ea155732-7161-4d6a-b607-35bfaf83e233,920660,purchase,101,Laptop,Electronics,Nigeria,desktop,google,3,1200,0.08,2026-05-04 22:02:40
7165abbe-48b0-4a1d-a963-11ea2fd14145,850ac534-d8f0-4757-a84b-e27efebde2a8,800553,view,101,Laptop,Electronics,Kenya,desktop,organic,4,1200,0.06,2026-05-04 22:02:41
1531d103-9954-4850-9ceb-ec0e0e26e222,197fa8c1-f5e3-4241-9f88-58452ca935cf,330995,purchase,101,Laptop,Electronics,Rwanda,mobile,google,2,1200,0.04,2026-05-04 22:02:42
a8667f2d-8c8f-4de5-b992-ffccf111a5f8,1e8cc208-3a63-4103-9242-859556232376,177361,view,103,Keyboard,Accessories,Ghana,desktop,google,1,70,0.03,2026-05-04 22:02:43
a415725a-9c3a-4ec5-b75a-b1d7fbe826a5,49ffe1d0-8fa4-42d4-8a6c-bb8eb695c7f8,436576,purchase,102,Phone,Electronics,Ghana,mobile,facebook,5,800,0.2,2026-05-04 22:02:44
d93950a0-65ef-4372-a8ef-4ccc0727653d,6ece0697-1f0a-415a-bd06-7072bdb9d696,394883,view,101,Laptop,Electronics,Kenya,mobile,organic,2,1200,0.14,2026-05-04 22:02:45
ef43409a-dcd7-4b23-b9db-ed0bc25b00ac,5fad7c51-10aa-4a85-b707-026e4b7bc96a,900161,view,101,Laptop,Electronics,Kenya,mobile,facebook,3,1200,0.16,2026-05-04 22:02:46
75bb51f0-f0d3-40d4-87b3-c86f4f75ac6a,b646a3f4-2007-4a92-99cc-6911d7748890,617943,purchase,104,Mouse,Accessories,Ghana,desktop,facebook,1,40,0.1,2026-05-04 22:02:47
2b6458b8-e565-4780-ac8a-190c9818bf52,fca4e22a-c9e1-479c-93f4-a98c071901ea,597319,view,103,Keyboard,Accessories,Ghana,mobile,organic,2,70,0.01,2026-05-04 22:02:48
77d423fb-3513-4e4c-beb8-03c7fea9938b,72a60e81-f4e8-4234-99ed-7b8dfdfb5d41,730040,view,104,Mouse,Accessories,Kenya,mobile,organic,2,40,0.15,2026-05-04 22:02:49
5b58e0da-ed53-4d62-9c86-531a63f1cfc9,8794e1e7-c41c-4102-a585-d82ffc0b721c,524623,view,102,Phone,Electronics,Ghana,desktop,facebook,1,800,0.16,2026-05-04 22:02:50
e43906f0-864e-47e6-bdc4-bc526e64e639,08a16372-df44-47b0-95fc-88409b281f3c,729590,purchase,102,Phone,Electronics,Kenya,desktop,organic,5,800,0.14,2026-05-04 22:02:51
d3c44ed2-17f7-4312-9178-ef241b23803e,f77280fd-a993-4b5e-a26e-62990e015e5b,323399,view,102,Phone,Electronics,Ghana,desktop,organic,1,800,0.05,2026-05-04 22:02:52
d526bb08-80e2-49ae-aadf-9805920c2754,fee7513b-1620-459b-b0a6-b63e7741df7e,815318,purchase,102,Phone,Electronics,Ghana,desktop,facebook,3,800,0.08,2026-05-04 22:02:53
e83d9de9-58d2-4920-a154-c3eb30610d7a,868433f7-471e-404a-bcd0-b01d5d16e0f8,717,view,102,Phone,Electronics,Ghana,mobile,organic,2,800,0.09,2026-05-04 22:02:54
67454b40-3a59-4130-b404-efb92760ac47,909c9499-477a-49f2-bf7c-64f668bfe559,641772,purchase,101,Laptop,Electronics,Nigeria,mobile,facebook,3,1200,0.16,2026-05-04 22:02:55
863ab341-f518-42d6-b601-62cc1b3ad616,f0e0f342-590f-45d6-a9b3-7f2f1f77eeaa,944803,purchase,102,Phone,Electronics,Rwanda,desktop,google,5,800,0.18,2026-05-04 22:02:56
6f86e627-7ced-4eb3-b59c-c6f4155d3c49,30e7dcf2-419e-405a-9299-c6e2c16d785d,409067,purchase,104,Mouse,Accessories,Nigeria,mobile,organic,5,40,0.03,2026-05-04 22:02:57
09e62530-faaa-42ee-a20d-360e5cd4d6c6,0c6abd2d-37b2-4d15-9a4a-3cd084b9a296,949,view,104,Mouse,Accessories,Rwanda,desktop,google,3,40,0.09,2026-05-04 22:02:58
ed5dfb99-4f58-45c2-9cb9-a96363356cc4,381d61a4-f888-4b69-9a1e-4c127ae0e836,655223,purchase,101,Laptop,Electronics,Rwanda,desktop,google,5,1200,0.04,2026-05-04 22:02:59
da89e8cc-08db-45a0-815a-a671a18bea8f,3f2c5ec0-dc85-4ffd-9df2-6484c37f105a,81043,view,101,Laptop,Electronics,Ghana,mobile,facebook,4,1200,0.01,2026-05-04 22:03:00
6ad65a4d-72fc-4b85-8c02-59abc1319572,19be312f-a73a-46ee-a558-ab28cdbc826d,756,view,101,Laptop,Electronics,Nigeria,desktop,google,1,1200,0.06,2026-05-04 22:03:01
cd38e9e1-ee54-4536-9f55-322c44098bdc,6a60ea93-2d01-453a-a6e5-1656de119587,862815,purchase,101,Laptop,Electronics,Kenya,mobile,facebook,1,1200,0.17,2026-05-04 22:03:02
0ec22d31-7e1e-4833-9122-9fbbd33711a9,bc0e28c3-4c11-4c1d-b5a9-3208eb07eb60,89412,view,102,Phone,Electronics,Ghana,desktop,google,3,800,0.05,2026-05-04 22:03:03
a2648956-c7e4-42ef-a27e-9fc8319cb69e,05dc5c61-c2dd-476c-885d-1155febb0117,370868,purchase,104,Mouse,Accessories,Ghana,desktop,facebook,1,40,0.11,2026-05-04 22:03:04
3f6eaba3-f1e7-42b0-9a20-178b2a4ee3b1,393b0bec-35bf-4a7e-84f8-d229b2d82ddd,853093,purchase,101,Laptop,Electronics,Ghana,mobile,facebook,3,1200,0.19,2026-05-04 22:03:05
3b62d9ee-8047-45e2-b0e3-730507ae1249,7158b362-1e4d-4c2d-918b-a7af7e8cd56b,395488,view,102,Phone,Electronics,Nigeria,desktop,facebook,5,800,0.09,2026-05-04 22:03:06
a1d04985-1aae-48f3-8b75-35d259a76415,db106bf0-152b-448a-a2cf-2335892501b2,346,purchase,101,Laptop,Electronics,Nigeria,desktop,organic,2,1200,0.14,2026-05-04 22:03:07
599c0cdf-0b54-4826-ab1f-ca8070cf7293,2f4cd7bd-5fed-493e-af41-25ce70ece87a,376,purchase,104,Mouse,Accessories,Nigeria,mobile,organic,3,40,0.2,2026-05-04 22:03:08
5e9be7e8-9b06-4d36-a7da-351199127ac4,1644a53e-7087-4f1a-9145-52e64df9f12e,730,purchase,103,Keyboard,Accessories,Ghana,desktop,organic,5,70,0.1,2026-05-04 22:03:09
49193418-d58c-4be9-b4c0-eb07006dc76c,3367b8c2-c838-40fd-8179-80c4dd302348,968,purchase,101,Laptop,Electronics,Kenya,desktop,google,5,1200,0.02,2026-05-04 22:03:10
e94fe8e0-6d20-40a9-88c6-1067e6574851,877da77b-f796-4f1b-a0d9-3fb1cfc268b5,721,view,103,Keyboard,Accessories,Kenya,desktop,organic,4,70,0.02,2026-05-04 22:03:11
fd9f226a-35a1-4d11-9fd0-95685a3cbe91,099e044a-25fa-46be-a4ae-49935d6f5949,793183,purchase,103,Keyboard,Accessories,Rwanda,desktop,facebook,4,70,0.14,2026-05-04 22:03:12
827ca877-677b-4ecb-b9c5-7726054fecde,195541db-1402-4724-b8f9-64f03b8afda7,165,view,103,Keyboard,Accessories,Kenya,desktop,google,5,70,0.16,2026-05-04 22:03:13
5486ef92-c9c2-4e8e-a682-2e064cf19613,643ffcb2-28d7-4144-83ef-82334ab71cdd,771,view,103,Keyboard,Accessories,Kenya,desktop,facebook,3,70,0.1,2026-05-04 22:03:14
0cf67335-dc3f-4491-9d44-3b8325e6aee7,5daa505a-0e1b-481b-9f1d-3f8d124e1b9d,915494,purchase,102,Phone,Electronics,Ghana,desktop,google,1,800,0.08,2026-05-04 22:03:15
cc5a7245-ecfa-40c6-adc1-cd385e4e3d52,13cbf013-2c70-49b7-802f-c7f6ba4737ef,334895,view,101,Laptop,Electronics,Ghana,desktop,organic,2,1200,0.2,2026-05-04 22:03:16
b72cb03c-2c10-4430-b7c7-b3920d1db5c1,61e91ced-31a4-48f1-b67d-7174d16ad0cb,791,view,102,Phone,Electronics,Ghana,mobile,facebook,2,800,0.09,2026-05-04 22:03:17
87fbd9bb-79b7-4b11-86ff-ee4798f720a7,debf7b8e-fb97-4ca3-8c77-445199bcdebb,48472,view,101,Laptop,Electronics,Kenya,mobile,google,5,1200,0.2,2026-05-04 22:03:18
8d40856b-93b9-49cd-ae50-a8ab4ba6b343,a917e113-8cc4-4ca9-af12-fb2f6593505c,430,view,102,Phone,Electronics,Kenya,mobile,organic,1,800,0.07,2026-05-04 22:03:19
7698a247-27fb-4c94-982d-4441d7e5aaec,61ed81dc-0fdc-46cd-98cc-ee2ffdd8c1d1,659,purchase,103,Keyboard,Accessories,Kenya,mobile,facebook,1,70,0.18,2026-05-04 22:03:20
a7fc576d-6db5-42f3-a85c-b94ebbdf9d63,e5bf5069-5f82-4245-8d33-5f6f01567549,710092,purchase,103,Keyboard,Accessories,Nigeria,mobile,facebook,2,70,0.05,2026-05-04 22:03:21
5be251af-9ca4-43ae-afed-e3ffd9d533bc,469dd572-d8ea-47ea-9c3c-9444df4a4523,663264,view,101,Laptop,Electronics,Rwanda,desktop,organic,1,1200,0.0,2026-05-04 22:03:22
2c1c30a1-fd3c-4588-942e-a5195e850598,80cd9972-3192-4cf1-a88d-0a731cf764a4,423255,view,102,Phone,Electronics,Ghana,desktop,organic,4,800,0.06,2026-05-04 22:03:23
c6f64581-9fe0-40f7-b57d-52034071f51e,9caff5a9-b672-4840-81d4-064181b6edd2,584,view,104,Mouse,Accessories,Rwanda,mobile,organic,3,40,0.16,2026-05-04 22:03:24
c65d0e82-fb2b-4f64-9bad-ee6d368df0d6,8aa9cb01-cd54-4f56-be0b-efadc77ce55d,640053,view,103,Keyboard,Accessories,Kenya,desktop,google,2,70,0.09,2026-05-04 22:03:25
8455cb0d-dbda-41ad-ab1a-ab03ca648b60,f49b3253-ebe0-4d84-970c-a590f7d6d5e0,577476,purchase,104,Mouse,Accessories,Nigeria,desktop,organic,4,40,0.12,2026-05-04 22:03:26
dbc2327d-5afb-417e-bb50-301e04fba024,e7fc1145-aed3-4872-8054-9d2cf5193bc0,715555,view,103,Keyboard,Accessories,Rwanda,mobile,facebook,1,70,0.19,2026-05-04 22:03:27
29a9b76c-d35d-4971-b368-7b879b528792,a7d348ea-0fa4-418a-b7db-9e5d4e807da5,334584,view,104,Mouse,Accessories,Nigeria,desktop,google,4,40,0.2,2026-05-04 22:03:28
97fa13b4-127e-4c65-9210-3c8fc8de18eb,1e855762-8707-4612-9356-3fb2404824c7,473972,purchase,101,Laptop,Electronics,Ghana,desktop,google,5,1200,0.17,2026-05-04 22:03:29
7f1fe81a-a1c4-406a-9e30-0e5137a0e80e,cd179a7b-fbc2-4088-a518-17ae9c054876,802885,view,102,Phone,Electronics,Kenya,desktop,facebook,2,800,0.11,2026-05-04 22:03:30
0b068c0d-9d18-4dc9-809a-14d19cbf0dc3,12c068cb-c8a2-4cda-b353-55ec9211f591,426,view,104,Mouse,Accessories,Rwanda,mobile,google,3,40,0.2,2026-05-04 22:03:31
0421638a-9865-4bbe-9225-d3c2f45008a1,76b723aa-3d49-4af2-b894-acb987d25045,785930,view,102,Phone,Electronics,Nigeria,desktop,google,1,800,0.1,2026-05-04 22:03:32
d86f6691-425a-48e0-b6dc-b9224c72eb47,d0fd7c36-5caf-4329-a02b-c42f877fd1f2,82475,view,103,Keyboard,Accessories,Nigeria,desktop,organic,4,70,0.09,2026-05-04 22:03:33
6b194c92-1a30-453d-a55a-2f83a6dff7e5,cd835159-f6d8-44ac-8743-6544deb2537d,565763,view,102,Phone,Electronics,Kenya,mobile,google,5,800,0.17,2026-05-04 22:03:34
2de8fca5-86c5-4d26-a85b-dde7c9c13f38,8c27faee-bfb0-4de2-a874-92a293403530,749,purchase,101,Laptop,Electronics,Rwanda,desktop,facebook,4,1200,0.07,2026-05-04 22:03:35
903db7d8-e99c-4c83-abbb-6a5f2d5e4e25,db0fdee0-ab3a-4524-bf64-7a2b78dfd59e,510841,view,101,Laptop,Electronics,Kenya,desktop,facebook,3,1200,0.11,2026-05-04 22:03:36
0157c47f-4214-4971-8600-dbaf053a8a6d,93ad5c09-8e6d-4f11-9b51-0abd6ce0875c,934553,purchase,104,Mouse,Accessories,Rwanda,mobile,organic,5,40,0.1,2026-05-04 22:03:37
36de21ac-e0e2-403b-a33c-11b5196fe302,ab16b4b3-7854-4ef9-b206-f257b209f03e,128,view,103,Keyboard,Accessories,Rwanda,mobile,google,4,70,0.13,2026-05-04 22:03:38
e2203974-a161-4b4d-ba0f-806020baa4e1,7002ddf4-502f-46dd-a75e-6ed360cd27fa,674006,purchase,104,Mouse,Accessories,Nigeria,desktop,organic,4,40,0.11,2026-05-04 22:03:39
3c085613-8c57-4470-a534-3ac3b494fba6,d0142940-01e7-46b9-b0b4-a82e50efb7a8,218,purchase,102,Phone,Electronics,Nigeria,desktop,google,5,800,0.17,2026-05-04 22:03:40
10ffcbf5-a46c-4890-9657-7135f8fe31bd,c363a678-04ca-415b-bb8f-b432cc960191,709,view,103,Keyboard,Accessories,Rwanda,mobile,facebook,4,70,0.08,2026-05-04 22:03:41
952956a8-17b8-461b-8edb-87e466022d42,b2329025-253e-4a34-a8a3-e9e913fa062e,604558,view,103,Keyboard,Accessories,Rwanda,mobile,facebook,1,70,0.03,2026-05-04 22:03:42
a7f49f4c-f16f-4b63-918f-930177cbc410,ae2bf38f-3828-44e8-97fa-837c6921d949,70500,view,104,Mouse,Accessories,Rwanda,mobile,organic,1,40,0.16,2026-05-04 22:03:43
08cdcec5-40d6-433e-818a-82800df0af14,a67baaba-6319-46d8-9764-a6c5b870e4ee,486566,view,101,Laptop,Electronics,Ghana,desktop,google,4,1200,0.09,2026-05-04 22:03:44
03b43149-0137-4212-8529-000dff0ee6a2,661f1b90-ab19-47dd-9c51-632995cf039d,109392,view,102,Phone,Electronics,Kenya,mobile,facebook,3,800,0.03,2026-05-04 22:03:45
9449fa36-49ac-4736-bba9-c2d3ffa23e60,24bcb18a-c216-4f4c-ad27-226b6df347e1,741196,view,102,Phone,Electronics,Rwanda,mobile,organic,2,800,0.18,2026-05-04 22:03:46
9d67665c-7c3e-4729-8d95-1ae401646eb9,deaf63a1-edd3-462d-9964-f16875a73546,640342,purchase,102,Phone,Electronics,Nigeria,mobile,google,2,800,0.09,2026-05-04 22:03:47
4c3f2d7f-36c0-4393-9825-3ed31a25f65c,d6cd75a1-7bbc-4832-a909-96aa57ba85f1,431,purchase,102,Phone,Electronics,Kenya,desktop,facebook,2,800,0.06,2026-05-04 22:03:48
72b7ceec-60db-4435-a337-e08f49c40021,27696774-2f36-4316-90ee-5e1087966cc2,171531,purchase,103,Keyboard,Accessories,Ghana,mobile,google,1,70,0.06,2026-05-04 22:03:49
ea687f49-7254-4158-8a36-793948f82221,46bbe8bb-37f0-47fe-a972-b0c98e035b3f,729,purchase,104,Mouse,Accessories,Nigeria,mobile,organic,3,40,0.17,2026-05-04 22:03:50
070a13c4-8173-49e5-87ca-86dbc03ff284,f4903771-be20-4f8c-9a91-fbb6159928ef,203281,view,103,Keyboard,Accessories,Kenya,desktop,organic,1,70,0.07,2026-05-04 22:03:51
4a6c1356-5988-42fe-b1ae-148e99cf7f9b,a7d8df70-fecf-4501-9ad0-c7b2d74e7a74,220,view,103,Keyboard,Accessories,Ghana,desktop,facebook,1,70,0.13,2026-05-04 22:03:52
ac332c41-862e-46d3-9715-4689eee09859,3e3b05e2-5af8-463f-8835-21028204999e,342875,purchase,102,Phone,Electronics,Ghana,desktop,facebook,2,800,0.11,2026-05-04 22:03:53
5058b1a4-021a-4fc8-a865-84c253d5b5d2,16a443c6-2402-4489-be35-c64aa14353b1,66565,view,104,Mouse,Accessories,Nigeria,desktop,facebook,4,40,0.03,2026-05-04 22:03:54
e6a9f42a-a827-4202-9dc4-07a461451e7c,c0d8147c-b776-415f-9c78-47421ef04004,872537,view,102,Phone,Electronics,Kenya,desktop,google,3,800,0.04,2026-05-04 22:03:55
c7e1a47b-40f3-4c2a-b3ef-8f98acfdd5fe,e50e50b3-0be7-4556-b855-8dfbc2b35ddf,866570,view,104,Mouse,Accessories,Rwanda,mobile,facebook,5,40,0.16,2026-05-04 22:03:56
81d5f5c3-94ad-416b-b909-303901abe304,0bb26e5f-2389-4090-8b2d-717dd5a4dbb3,624712,purchase,102,Phone,Electronics,Nigeria,mobile,google,3,800,0.08,2026-05-04 22:03:57
f128bccc-6da4-47be-991c-b05d599c18e2,1edbc1d9-5cf5-4eb2-8b9f-b3ac9e635293,475629,purchase,101,Laptop,Electronics,Kenya,mobile,google,1,1200,0.0,2026-05-04 22:03:58
578ab04d-6e7b-45da-9c84-d90160c022c8,bfd2c6f4-db76-47aa-8c30-59f6b204fd40,483137,purchase,103,Keyboard,Accessories,Kenya,desktop,facebook,1,70,0.16,2026-05-04 22:03:59
0bb86420-b9a6-4cbc-a68c-145a9a91f706,0d45d33e-7fd6-4af1-b4a5-3e1b88057610,133333,view,104,Mouse,Accessories,Nigeria,mobile,organic,5,40,0.05,2026-05-04 22:04:00
8a01a96d-7b86-4235-b5c5-8e3255427a51,5a430a1b-b771-4743-b18d-8718ed4cb604,609,view,102,Phone,Electronics,Kenya,desktop,organic,3,800,0.07,2026-05-04 22:04:01
eeba2592-3bb0-4e8a-96c7-10df98a36104,22133666-8fa8-40e0-8760-eafea0ccf265,95441,view,103,Keyboard,Accessories,Kenya,mobile,google,4,70,0.08,2026-05-04 22:04:02
f313b170-5ee9-4a3d-a90a-2355f25603f3,153e557b-6804-4a4c-aa63-c40a6616852d,946,view,101,Laptop,Electronics,Nigeria,desktop,google,4,1200,0.18,2026-05-04 22:04:03
43f3001d-dd54-4397-930c-95465f34038c,f52264fa-1085-4eab-958d-0059974c563c,645977,view,104,Mouse,Accessories,Rwanda,mobile,facebook,2,40,0.14,2026-05-04 22:04:04
67246845-653d-42a3-b86e-52c805f02dc6,355c5dd0-be58-4087-91e3-980544b49c33,842448,purchase,104,Mouse,Accessories,Rwanda,desktop,facebook,3,40,0.15,2026-05-04 22:04:05
5bea7ab5-0b1f-4b55-b3d1-f3528edd0f49,846f03f7-bee6-4de3-b813-55f52c6fddd0,532905,purchase,103,Keyboard,Accessories,Kenya,mobile,organic,2,70,0.05,2026-05-04 22:04:06
15823570-0fbf-431e-8755-90bded48dbf0,b71094d7-9bfb-4616-b566-884b7409a5d3,687,view,103,Keyboard,Accessories,Rwanda,desktop,facebook,4,70,0.03,2026-05-04 22:04:07
c0d9d0f3-2e08-4539-90e4-4d3d67468541,a540495a-aeb2-423c-8bc7-519f858fabca,137310,view,102,Phone,Electronics,Ghana,desktop,organic,2,800,0.08,2026-05-04 22:04:08
c41d5ffe-9677-4aa7-896d-5ae17d2e8219,234511d7-63fb-4319-80e6-69c2dd41bde6,185961,purchase,104,Mouse,Accessories,Ghana,desktop,google,5,40,0.1,2026-05-04 22:04:09
b7e3365e-d85c-402f-bd47-58c6bf45943d,63994e1d-e9b5-4a16-baa5-71411d3eb69c,778359,purchase,103,Keyboard,Accessories,Ghana,desktop,google,2,70,0.16,2026-05-04 22:04:10
1b2a17ff-d41b-4ecf-b82f-59729a18089e,f5cef30a-befa-4b87-8eb4-9515492bfde3,99,view,103,Keyboard,Accessories,Kenya,desktop,google,2,70,0.16,2026-05-04 22:04:11
8de6b98f-55f3-4243-a7c6-51994c8058b4,ba122630-42ca-40ef-81e8-f2f71947762e,33878,purchase,101,Laptop,Electronics,Nigeria,mobile,facebook,3,1200,0.08,2026-05-04 22:04:12
85318f5f-fa7a-45fb-a9f1-4f78d5f50674,6d41b49b-2d38-4a7c-a839-8d47090a9b98,979044,purchase,101,Laptop,Electronics,Ghana,mobile,facebook,3,1200,0.03,2026-05-04 22:04:13
ea616722-b8cb-4482-aa8b-1c714dd554a7,981aa394-4447-4508-9086-d5f6ab27e9d8,857445,view,101,Laptop,Electronics,Nigeria,desktop,facebook,3,1200,0.12,2026-05-04 22:04:14
a789e281-71b4-4bab-9458-121ba120e52a,980ee75c-e55b-45bf-a0db-880774e0ec9b,629315,purchase,101,Laptop,Electronics,Nigeria,desktop,facebook,3,1200,0.01,2026-05-04 22:04:15
d1fabc3e-aac4-4d5f-bdaa-b05809d6b60b,86b7febf-2d6a-42b8-b4b5-0f328cc2364b,318143,view,103,Keyboard,Accessories,Rwanda,mobile,google,4,70,0.02,2026-05-04 22:04:16
effd7368-7e2a-4e7f-b48a-50bc0f667157,dac283a1-385c-460e-9948-0d7d76100885,407070,view,102,Phone,Electronics,Nigeria,mobile,facebook,3,800,0.13,2026-05-04 22:04:17
58716248-2ac9-47e2-959e-b3f7c0ba10d6,87fec65f-fb29-4615-8b21-8e6b5f631990,679139,purchase,103,Keyboard,Accessories,Nigeria,mobile,organic,2,70,0.0,2026-05-04 22:04:18
8b81f86a-2f74-4eb4-9a6d-16cd37165f8c,adcafe14-2e55-4233-81d3-0314f49413fa,888,view,103,Keyboard,Accessories,Nigeria,mobile,organic,3,70,0.17,2026-05-04 22:04:19
84205c68-aac8-4139-8f48-4c47ab88dc05,9d54a340-b03c-4507-bfd9-1d9eedbfedbd,206,view,103,Keyboard,Accessories,Rwanda,mobile,facebook,5,70,0.0,2026-05-04 22:04:20
bef32ccd-6d1b-4ac0-98d2-871531100132,355b203c-731b-4d22-8210-4410be1446b1,210091,view,103,Keyboard,Accessories,Kenya,mobile,google,2,70,0.08,2026-05-04 22:04:21
4eb1f4de-f1d7-4277-a2c0-817366f714d9,9c9660d5-34e9-4383-b18f-4149499ca8d4,485,view,104,Mouse,Accessories,Kenya,desktop,organic,2,40,0.18,2026-05-04 22:04:22
c1714e04-2520-4452-8763-f375a7ea6d35,9440d6b0-745b-4f8e-a1db-42fc57d5216b,733952,purchase,102,Phone,Electronics,Rwanda,mobile,facebook,2,800,0.18,2026-05-04 22:04:23
1cb1ac89-4103-4758-a426-aefbbe19404d,f8fdf772-8062-4f01-8a05-b38144a312ed,37623,purchase,102,Phone,Electronics,Kenya,desktop,google,5,800,0.13,2026-05-04 22:04:24
71553206-3f4d-4fd2-bba9-372061be59c6,0ffea73c-a5dd-4a12-880f-3bea30020371,637,view,102,Phone,Electronics,Nigeria,desktop,google,3,800,0.17,2026-05-04 22:04:25
e0c27cd5-324a-417d-b675-dc5673dc7beb,95405e1b-69fd-4d4e-8651-b36158f302a9,840,purchase,102,Phone,Electronics,Kenya,desktop,facebook,2,800,0.08,2026-05-04 22:04:26
b89724bc-a06f-47d3-9b0e-523e7d99a19e,9d5768ef-ec76-426c-8e5b-8dc657cc8001,475878,purchase,101,Laptop,Electronics,Ghana,desktop,google,5,1200,0.09,2026-05-04 22:04:27
b200f620-9e1b-4829-b6da-fb049e3513ac,0c8f9ed0-ceff-4bbc-85f6-06116f6ce2ef,739664,purchase,102,Phone,Electronics,Nigeria,desktop,google,2,800,0.05,2026-05-04 22:04:28
67b7ff47-16a9-4515-8efb-f643f19cceb7,77aa147b-0cae-4294-b417-00673f57a3dc,109312,purchase,101,Laptop,Electronics,Rwanda,desktop,facebook,4,1200,0.08,2026-05-04 22:04:29
b2cac817-8117-4308-9202-572aff70f8e9,59f07bac-d47b-443d-b068-1ed556abc1d1,790,view,102,Phone,Electronics,Nigeria,mobile,facebook,3,800,0.13,2026-05-04 22:04:30
e5a5dba4-10a8-43f5-94b8-80eea352f7d0,371f3a38-cbd0-4d07-9e49-7207f3826c59,762097,purchase,101,Laptop,Electronics,Ghana,mobile,facebook,5,1200,0.13,2026-05-04 22:04:31
4c76492d-4f34-4729-baad-00501f445e59,6b6a5f7a-df71-48a3-9d26-073a5c6367f9,244580,purchase,102,Phone,Electronics,Ghana,mobile,facebook,3,800,0.08,2026-05-04 22:04:32
7d147df8-c756-452a-bef8-4c32edcef1e9,2d318372-7b6d-40cf-a020-2623223505b2,953658,purchase,103,Keyboard,Accessories,Nigeria,mobile,facebook,2,70,0.09,2026-05-04 22:04:33
6c39e6cf-ffbd-4b01-9a24-ad2dd6acb7bb,c927cb08-3a00-45b6-bac0-b3fedd53764c,810641,view,104,Mouse,Accessories,Rwanda,desktop,facebook,5,40,0.01,2026-05-04 22:04:34
63f65b1e-d921-42d6-a34e-c55aab9d6bae,7e8e00bf-db84-4433-bde6-248dc7112619,366007,view,103,Keyboard,Accessories,Ghana,mobile,organic,4,70,0.06,2026-05-04 22:04:35
a997ff9f-8fd9-42ce-91bd-f3399508c6e5,241b6eb3-3f0c-4156-9602-cb9848d16cdf,660012,purchase,103,Keyboard,Accessories,Ghana,mobile,organic,5,70,0.18,2026-05-04 22:04:36
05e6a1fe-7e9c-4070-9a04-8140ed927455,fc1bca33-54f6-4ea6-9b8c-075c13343cc2,547067,purchase,102,Phone,Electronics,Kenya,mobile,organic,5,800,0.11,2026-05-04 22:04:37
dafafbc1-9194-4f9a-b151-20cf5ea8cff4,af4426c8-2156-46e0-9561-d0347c16099c,438227,view,102,Phone,Electronics,Nigeria,desktop,google,4,800,0.04,2026-05-04 22:04:38
8cb9a7f1-d49e-4d5c-b208-45b694bf472b,3376e499-edb9-4a11-835b-e88d8574c8f5,687301,purchase,104,Mouse,Accessories,Ghana,desktop,organic,1,40,0.1,2026-05-04 22:04:39
890e99a6-f2fa-44ac-a7e1-864293796764,0e8603cb-67bd-4433-870a-9a1519378a09,846699,view,103,Keyboard,Accessories,Ghana,desktop,facebook,4,70,0.16,2026-05-04 22:04:40
dbad2527-1267-487e-90a8-059d281b9402,3bd5f067-4ff2-4446-b61e-cbe85ab3cf80,754416,purchase,101,Laptop,Electronics,Ghana,mobile,facebook,3,1200,0.09,2026-05-04 22:04:41
5246ad15-ba38-4312-85a1-aa1d91986981,444e51f8-9f69-46e8-9677-70c3abfbef7e,322350,purchase,104,Mouse,Accessories,Rwanda,mobile,google,5,40,0.01,2026-05-04 22:04:42
93dea354-fbb4-44fc-b69c-85a07d130350,f2d4cdaa-b010-4e3b-afe3-37b6ec2b1099,450,purchase,103,Keyboard,Accessories,Rwanda,desktop,organic,1,70,0.04,2026-05-04 22:04:43
020d30fe-d512-4517-a97a-31da69dfa3e4,cdcc674c-0028-42b0-9ea6-83b023cf0e61,95088,view,103,Keyboard,Accessories,Ghana,desktop,google,4,70,0.07,2026-05-04 22:04:44
9d042245-1068-4d47-ac8f-1921b7f0cd4f,35c7cc1a-e9e2-4f7b-9382-3d763509b749,849360,purchase,101,Laptop,Electronics,Rwanda,desktop,facebook,4,1200,0.07,2026-05-04 22:04:45
3af93804-5de2-4823-8f1e-d1c4e7f96c3f,c02ccb64-5ada-42a4-82ec-d9531b24d405,479,purchase,103,Keyboard,Accessories,Kenya,mobile,organic,5,70,0.17,2026-05-04 22:04:46
ef80b3ca-a754-4099-976f-10b02a7392fa,f392cc01-0fb3-41c7-9933-5c0cdd82a60c,92,purchase,104,Mouse,Accessories,Nigeria,mobile,google,3,40,0.04,2026-05-04 22:04:47
95cd19ef-f4d0-46fc-8146-f4730273a71b,f65b4732-35db-4c40-999f-ced003f6581c,233349,purchase,104,Mouse,Accessories,Kenya,mobile,facebook,3,40,0.11,2026-05-04 22:04:48
b2a2795d-8144-4222-944c-a5d5eb792f0d,5486fec6-0942-4e95-888c-b85c6bed7b46,924,view,101,Laptop,Electronics,Kenya,desktop,organic,4,1200,0.2,2026-05-04 22:04:49
a13d84fa-c5bc-488d-8352-4623c3f53a45,15d42262-3f31-467d-935b-0004de082f46,559093,purchase,101,Laptop,Electronics,Nigeria,desktop,organic,1,1200,0.13,2026-05-04 22:04:50
2afc9f26-6449-4627-9413-da06bd7bc037,8e4ceca4-549a-4a73-8a97-053e8ed50e4a,227054,view,101,Laptop,Electronics,Kenya,mobile,facebook,2,1200,0.1,2026-05-04 22:04:51
13fc4d1c-3fd1-427e-9377-b3dd2f4c8a3a,d841e371-596b-45ea-8221-a79d132a3c72,358226,view,101,Laptop,Electronics,Kenya,mobile,google,5,1200,0.02,2026-05-04 22:04:52
80261150-63c3-4adb-8367-044b1c2be4fb,f7ee99fa-e502-4769-add4-dbf3cedc53e2,353241,view,104,Mouse,Accessories,Ghana,mobile,facebook,3,40,0.11,2026-05-04 22:04:53
be29e502-fca5-47c1-b69d-c1f9b56690a8,fb940721-91af-4c5f-9925-1cd392ab9318,688086,purchase,101,Laptop,Electronics,Ghana,desktop,google,3,1200,0.05,2026-05-04 22:04:54
16caec78-6d8c-4ff4-b4c0-83fb993af06c,7bd70deb-7323-42a0-96bc-59ebbe2b104a,914423,purchase,103,Keyboard,Accessories,Nigeria,desktop,facebook,3,70,0.15,2026-05-04 22:04:55
0336f7b2-e579-4160-ab7a-822700141b21,57657e03-17fb-48ac-b010-6add0116b41c,136,view,102,Phone,Electronics,Nigeria,desktop,organic,5,800,0.17,2026-05-04 22:04:56
20d03540-ba35-4bc9-aa72-3e55d0ac11bf,a64dee1b-8da4-4d70-85cc-806e045a7320,442776,purchase,101,Laptop,Electronics,Nigeria,mobile,organic,1,1200,0.14,2026-05-04 22:04:57
c454b660-1ea0-46f1-bd3c-e402446bb976,b2b94add-b0d3-4773-8a54-7ab85bbffacd,916261,purchase,103,Keyboard,Accessories,Ghana,desktop,google,5,70,0.1,2026-05-04 22:04:58
203b3619-94da-4aca-96ba-61c140e3a8a7,ecec942a-4084-41bc-8755-8e7e0b66a378,535950,view,104,Mouse,Accessories,Kenya,desktop,organic,5,40,0.06,2026-05-04 22:04:59
1a056a61-e17c-4b98-b209-7fcb195f6822,e2db096f-737a-45b3-99d0-3aa4c2649fc2,922,view,103,Keyboard,Accessories,Kenya,mobile,organic,2,70,0.04,2026-05-04 22:05:00
17e99be9-c90b-45b3-b9cd-83d9dc099c40,b6ef6eb0-ffaa-4015-8e38-ba8055d51d38,582389,purchase,101,Laptop,Electronics,Kenya,desktop,organic,3,1200,0.12,2026-05-04 22:05:01
294504f1-8987-44ed-a5f6-0e2c20a282bb,9c7672f5-713a-4c54-bee1-649051245e2a,624623,view,104,Mouse,Accessories,Nigeria,desktop,google,3,40,0.14,2026-05-04 22:05:02
6583f2de-4f5b-4e0c-9ce9-65aa8e9282c0,33efaeab-2bb3-488d-a2fb-366d026b4a4d,547072,purchase,103,Keyboard,Accessories,Rwanda,desktop,organic,4,70,0.02,2026-05-04 22:05:03
73465478-1399-4d68-abd0-c281721ced2f,64d6bde7-9b55-4374-bbd7-6520537bfad0,644729,view,101,Laptop,Electronics,Ghana,desktop,google,2,1200,0.19,2026-05-04 22:05:04
dc92c5c2-4f21-45bf-b947-801e1c7df0ce,1b33d3e9-fe69-4598-8e74-03ef399abe7f,81,purchase,101,Laptop,Electronics,Kenya,mobile,facebook,1,1200,0.18,2026-05-04 22:05:05
481772dd-201d-4b43-a25b-d995ece8aa68,bf67f121-8a57-4e2a-b047-91c09dcff59c,961411,view,102,Phone,Electronics,Nigeria,desktop,organic,4,800,0.05,2026-05-04 22:05:06
e5bf1438-3720-4cf8-ba56-9ba8ee9fcf23,3e5ddbf0-bdf1-403d-a674-5402612a89e2,430,purchase,102,Phone,Electronics,Ghana,desktop,organic,2,800,0.1,2026-05-04 22:05:07
e0181f6a-80a1-4b0c-b9b8-78b724ef91ba,bff0423d-55f4-4752-a870-e78fd8d7d985,610,purchase,104,Mouse,Accessories,Kenya,desktop,google,3,40,0.09,2026-05-04 22:05:08
266a9453-8dc2-4b99-999a-fb2639578e56,1369dc4b-6efa-4818-8176-7db8bc0149f7,122,view,101,Laptop,Electronics,Rwanda,mobile,facebook,4,1200,0.05,2026-05-04 22:05:09
cecc1047-ce5d-49ea-9a8c-3b1e28f53429,c414287c-d9e3-453f-a926-0b45562f7ab4,13208,purchase,103,Keyboard,Accessories,Rwanda,mobile,facebook,2,70,0.18,2026-05-04 22:05:10
11662102-0551-4610-aec2-752ee9ec8f83,beb0bd6c-bed7-4169-ae77-44c54240a599,429814,view,103,Keyboard,Accessories,Kenya,mobile,facebook,4,70,0.07,2026-05-04 22:05:11
88cc7e10-30ac-436d-bd51-1e05da9fd144,457cbd9b-2d81-44a3-8926-b1d7a8ac71c5,14202,purchase,103,Keyboard,Accessories,Nigeria,desktop,google,5,70,0.07,2026-05-04 22:05:12
89a48d06-d992-449b-9fe1-e987a9f64e07,b36d79f0-90b7-46c5-bb96-bc30fb31e4a9,131,purchase,104,Mouse,Accessories,Ghana,mobile,facebook,2,40,0.14,2026-05-04 22:05:13
736e8363-cae0-4c9b-8e64-4511d18d8c84,2e087179-eed0-45f6-9e57-af90d36556ad,461,purchase,101,Laptop,Electronics,Kenya,mobile,google,5,1200,0.18,2026-05-04 22:05:14
87e7fa72-b783-41d4-9f84-f1d39a365c98,19f0445b-9930-41b6-8761-1564c50b253b,892,purchase,103,Keyboard,Accessories,Kenya,desktop,organic,1,70,0.03,2026-05-04 22:05:15
a68a5460-a3c8-4c9d-8989-a6ab17d9203b,cf379f19-d741-43bb-adf1-cdb31ae6bfb7,741974,view,101,Laptop,Electronics,Nigeria,mobile,facebook,1,1200,0.03,2026-05-04 22:05:16
196b2b29-e45f-48a4-835d-cfc3317866b0,387a3abb-80f9-414b-8912-fd4cf232b5b7,321,view,101,Laptop,Electronics,Rwanda,desktop,organic,2,1200,0.03,2026-05-04 22:05:17
ac6c7aa2-6ca4-4760-9224-fc66ba7b0b14,63b482a0-2bfe-47bd-a159-d77f364c8e7d,730,view,104,Mouse,Accessories,Nigeria,mobile,google,4,40,0.13,2026-05-04 22:05:18
49351b06-d448-4bfa-9c6d-2dc01ec9aa01,711ddb2e-8137-4b51-a386-7f5befa37d97,446338,view,102,Phone,Electronics,Nigeria,desktop,google,3,800,0.03,2026-05-04 22:05:19
b155d517-4301-48a0-812b-7eac83a2310d,5ac2683b-970f-4bd1-9545-31deb3bc87fc,395908,purchase,101,Laptop,Electronics,Ghana,mobile,google,1,1200,0.08,2026-05-04 22:05:20
fab2bb09-9057-4aae-9f74-1b6e9573cb02,54c19a4c-df2c-4388-af67-85dd55071f53,644627,purchase,104,Mouse,Accessories,Kenya,mobile,google,5,40,0.04,2026-05-04 22:05:21
32260406-6028-4972-88d0-76fc335bcdd2,a2ba7088-2756-4304-b18d-814ed61f27c4,887901,view,101,Laptop,Electronics,Kenya,desktop,google,1,1200,0.15,2026-05-04 22:05:22
629818c2-1cb8-4265-8212-5446fde4374a,84a5605f-6382-4de0-a131-fa5a7619ad7a,982,view,104,Mouse,Accessories,Kenya,desktop,organic,1,40,0.09,2026-05-04 22:05:23
f06409d1-ea7e-4b2f-9a4a-58b308800d7e,6ff2f774-05b8-4e67-9259-7c4cea52a69c,239,view,104,Mouse,Accessories,Ghana,desktop,organic,3,40,0.06,2026-05-04 22:05:24
4339283b-9120-439a-8fa0-82821f0d3ce7,49f8df49-9226-41b4-be70-a2acb5badae7,226,purchase,102,Phone,Electronics,Rwanda,desktop,facebook,5,800,0.08,2026-05-04 22:05:25
2db9bb5f-eaaf-4948-aa49-ca5f69a5cef6,b1590f14-213b-4af7-b047-3580c499c715,496406,view,103,Keyboard,Accessories,Ghana,desktop,organic,4,70,0.15,2026-05-04 22:05:26
1583806d-ad16-4343-9416-3d5f4713047d,cf48e3cc-03da-43e2-80cc-e3fcc137341f,348892,purchase,103,Keyboard,Accessories,Nigeria,desktop,facebook,4,70,0.03,2026-05-04 22:05:27
a40c4b5f-ec79-4515-9629-f642b894b2cc,7df97660-26bd-42f2-a545-0b228671b521,632022,view,101,Laptop,Electronics,Kenya,desktop,facebook,3,1200,0.14,2026-05-04 22:05:28
2e99ca39-b144-4d1b-8d72-aadc8fdc0d92,d0b27cab-dc3f-4729-9bda-875b9e1c1838,38,purchase,103,Keyboard,Accessories,Nigeria,desktop,google,4,70,0.07,2026-05-04 22:05:29
2ec404dd-005c-46ae-a8ae-0b8bbe499aa8,45cea2d4-a5f3-4e86-a347-d333ca84a8bf,419642,view,102,Phone,Electronics,Ghana,mobile,organic,5,800,0.0,2026-05-04 22:05:30
30c19539-5590-4345-9133-65ed12977146,9fe5ba47-f369-4041-bda3-56abd1521069,473542,view,104,Mouse,Accessories,Ghana,desktop,organic,4,40,0.1,2026-05-04 22:05:31
eeb49a84-8e2e-46cf-98ef-704b0f5a8aac,020e05f5-b108-47eb-bb16-71074e4ee6cd,280000,purchase,103,Keyboard,Accessories,Rwanda,desktop,organic,1,70,0.01,2026-05-04 22:05:32
e4c22bb9-ce78-4a3d-ae41-a11baeea12a9,150b27ad-12ef-467b-ad3e-130c339e4ef0,950520,purchase,103,Keyboard,Accessories,Nigeria,mobile,facebook,2,70,0.13,2026-05-04 22:05:33
9155c37a-e86c-4b1e-8f72-6ba961d8e654,0095ca0d-452d-4fd3-a3e5-4a85a2cba037,198718,view,104,Mouse,Accessories,Rwanda,desktop,facebook,2,40,0.19,2026-05-04 22:05:34
09104949-d8ee-4948-89c7-ab7488e5f4a7,285c628a-7062-4f87-9abf-aa9a9a3e32ac,476,view,104,Mouse,Accessories,Kenya,mobile,facebook,2,40,0.02,2026-05-04 22:05:35
d3dc3b52-e8e7-443d-858b-0c8bc1b8d7f0,23432b4d-5e6f-4b27-8dfd-74bdd9fd5b7e,741266,purchase,101,Laptop,Electronics,Kenya,desktop,organic,4,1200,0.07,2026-05-04 22:05:36
eaed6d5e-3c7a-4f1a-a466-21c2aa9c87d6,2f9c0fa3-60e9-4389-9414-0df6f36cf562,346761,view,104,Mouse,Accessories,Nigeria,mobile,facebook,3,40,0.09,2026-05-04 22:05:37
eb790e6a-5efc-4cd7-93d4-0a56ffed2094,d97fd712-9353-406a-99c6-d5c1a4f760fd,654501,purchase,103,Keyboard,Accessories,Ghana,desktop,google,3,70,0.2,2026-05-04 22:05:38
346e1430-a7f9-4d7f-bf38-a883f5f70ca1,4fb87955-7b09-45ac-b2da-07493570b9c1,897,view,103,Keyboard,Accessories,Nigeria,mobile,google,5,70,0.13,2026-05-04 22:05:39
1c886411-a99c-479e-84ce-006e3c5d7c6e,1a37bb8d-51bc-42fd-bcce-1b69a6db13bb,30,view,101,Laptop,Electronics,Nigeria,desktop,facebook,1,1200,0.06,2026-05-04 22:05:40
4e69c82f-e1d2-4f9c-b1f0-0cfb6d919da5,7cd8f73f-fb84-405e-bc3b-00bdc571a7af,73672,view,103,Keyboard,Accessories,Nigeria,desktop,organic,1,70,0.09,2026-05-04 22:05:41
cf755b98-b8a1-42d8-8182-4d04c4c661d4,03020a20-1aa4-49be-82f8-6818ca46f499,742804,view,101,Laptop,Electronics,Kenya,desktop,google,5,1200,0.13,2026-05-04 22:05:42
eba93b07-3e63-43c3-b056-ba1711f9781e,ae679c27-b94f-4230-8064-b4dffcbef0e0,360934,view,102,Phone,Electronics,Nigeria,desktop,facebook,3,800,0.11,2026-05-04 22:05:43
45926eea-4dbf-4f33-bce6-37f4f69c7c77,b034767f-30f7-49d3-be12-cc335c3b9ab4,156311,purchase,102,Phone,Electronics,Nigeria,mobile,facebook,4,800,0.2,2026-05-04 22:05:44
33c25067-fe4d-4702-9e53-d3520ec3ea41,0aafec89-98b9-4549-9c65-eb1bddd63b49,84693,view,101,Laptop,Electronics,Nigeria,mobile,facebook,2,1200,0.05,2026-05-04 22:05:45
a1f23c6c-e070-49e9-9990-4c4facb38bfd,f711260b-6c72-4dd5-a5be-2cae7ec970a2,787,view,102,Phone,Electronics,Kenya,desktop,google,5,800,0.17,2026-05-04 22:05:46
2247862f-6030-4cdd-aff7-9b20c32e8515,743e55aa-bdd1-43fe-bce2-2ccfd23b152d,857,purchase,104,Mouse,Accessories,Rwanda,mobile,google,5,40,0.09,2026-05-04 22:05:47
cf8c21b2-8e7e-4aad-8d82-45d3d3f0df5a,c1a6b5f8-9014-4ae6-85d4-b14440e9bb32,560,view,103,Keyboard,Accessories,Rwanda,desktop,facebook,4,70,0.04,2026-05-04 22:05:48
eb06f083-ac01-45ad-a016-c8389396c7c3,5710865b-d5d0-46ee-8cc1-26b2f2f222cc,801833,view,104,Mouse,Accessories,Nigeria,desktop,organic,5,40,0.17,2026-05-04 22:05:49
3745b9ac-f46c-437f-8328-a2b2f5c8f582,8fa9a52d-f73b-4f91-8578-9f101b0093b8,68508,purchase,102,Phone,Electronics,Rwanda,desktop,google,1,800,0.13,2026-05-04 22:05:50
4da1f004-1405-4139-b8af-360cd1d0d99f,9863d3ec-4af8-4e0c-b701-128198504d03,451299,view,104,Mouse,Accessories,Kenya,desktop,google,5,40,0.19,2026-05-04 22:05:51
7f222153-a93c-40d0-bab2-7512de38d94a,ff03a665-265d-40bf-bebe-7b4d9f496ed4,599183,view,101,Laptop,Electronics,Kenya,mobile,google,5,1200,0.02,2026-05-04 22:05:52
85a0c4e2-9b66-4629-9cf2-7ab3d66463c7,576fda41-e16e-4f69-8511-9636ad731f85,206,view,101,Laptop,Electronics,Kenya,desktop,google,1,1200,0.14,2026-05-04 22:05:53
99b75547-8968-4c59-9079-68f6e7d312ef,c7d68c1e-9501-4beb-8381-2440416976d2,717947,purchase,103,Keyboard,Accessories,Kenya,desktop,organic,4,70,0.06,2026-05-04 22:05:54
01da2808-40fc-47b7-9a85-fb7a0c4d3922,0e8bab16-29b4-4df3-a083-412b63b56da8,609,purchase,104,Mouse,Accessories,Rwanda,desktop,google,1,40,0.17,2026-05-04 22:05:55
d233a769-364d-43bb-98d0-0856960254c2,d3bf1050-7e2f-4a52-be5d-d386a937b77a,614251,purchase,101,Laptop,Electronics,Rwanda,desktop,google,4,1200,0.18,2026-05-04 22:05:56
08f3e5c4-26e8-470b-850c-9ae3b5c193d0,24ccfbd1-b391-4859-9c52-9668d8ae820f,940351,purchase,103,Keyboard,Accessories,Rwanda,desktop,organic,4,70,0.11,2026-05-04 22:05:57
c0ee876a-1821-4f74-b6a4-6506f8e3c981,a5b5a838-6747-4e08-92ad-01fc227bc45c,520942,purchase,104,Mouse,Accessories,Kenya,mobile,organic,4,40,0.02,2026-05-04 22:05:58
75ea1846-aebe-45a7-b83b-ae47997eb0a6,4a7a9cd9-cbf2-4575-81a5-9115c64ad78d,821932,view,103,Keyboard,Accessories,Nigeria,mobile,organic,3,70,0.18,2026-05-04 22:05:59
e82731b3-e2ca-4d87-8a5a-2dc3b044c528,0bdfa9ea-eef4-4768-9d51-ab40c5967d73,699,view,102,Phone,Electronics,Rwanda,mobile,google,1,800,0.05,2026-05-04 22:06:00
9f861ab2-14be-4e01-86ec-db5a44231309,e9b7e073-b1cd-43b5-a192-b851497b3f72,122230,purchase,101,Laptop,Electronics,Ghana,mobile,organic,4,1200,0.03,2026-05-04 22:06:01
b1cb7599-ea8f-487b-8225-dbe9c8a79be1,9ff006a9-f3f6-4c0d-9f8b-4673560ad6f2,1000,view,102,Phone,Electronics,Nigeria,mobile,organic,1,800,0.16,2026-05-04 22:06:02
9a1b0ddd-6f16-426f-8f91-b9dbde6ae467,6f652013-bd13-4c3c-90ef-7909d7f9fdb0,113806,purchase,103,Keyboard,Accessories,Ghana,desktop,facebook,1,70,0.11,2026-05-04 22:06:03
3cb4659c-3c54-4055-80ea-fd8110471cac,5127acfb-04a1-4afa-bdc1-7ab4c160cc0c,848118,purchase,104,Mouse,Accessories,Kenya,desktop,organic,5,40,0.16,2026-05-04 22:06:04
a9fc96b8-287e-405e-bece-7ea9f89aab91,640b97f1-57bd-4338-9ef4-db2523fa504c,776374,purchase,101,Laptop,Electronics,Rwanda,desktop,google,5,1200,0.17,2026-05-04 22:06:05
e2a413f6-90d2-4e77-9234-d79389d8855d,45b853ce-f560-48f7-864b-5aa8675b1ba7,31,purchase,101,Laptop,Electronics,Kenya,desktop,google,5,1200,0.13,2026-05-04 22:06:06
00ab1921-ae9b-4d51-9095-25629cb9957d,6b23d240-8661-41c9-bcc3-9493d809f9b0,120197,view,103,Keyboard,Accessories,Ghana,desktop,facebook,4,70,0.02,2026-05-04 22:06:07
0a6a4c81-ffbe-4b07-bdbd-b870b311d4c9,625b7826-2937-4f35-abad-32c3419f87d3,133730,view,102,Phone,Electronics,Ghana,mobile,google,4,800,0.12,2026-05-04 22:06:08
8b9c6f19-97d2-4331-be20-b68915a2437a,c0406b1e-51bf-40c8-aa00-6f82a45fe69d,193,purchase,103,Keyboard,Accessories,Rwanda,desktop,google,1,70,0.09,2026-05-04 22:06:09
95e545c0-cd5c-476f-ae91-a6175ab74fd7,26c76201-0f75-4968-aa98-9b8edc3039eb,319,purchase,104,Mouse,Accessories,Ghana,desktop,google,2,40,0.1,2026-05-04 22:06:10
379a74ec-5d1a-4403-b295-626780bfee40,8083ed57-4fee-4056-9a60-059797fdd23e,364865,view,102,Phone,Electronics,Rwanda,desktop,google,4,800,0.02,2026-05-04 22:06:11
b98a0da2-7779-4f24-9227-dc9e78c28c10,025eeebc-0a63-40f4-bb50-86dbe90a9b42,984959,purchase,104,Mouse,Accessories,Rwanda,desktop,organic,4,40,0.08,2026-05-04 22:06:12
a4642f08-7304-479f-834c-d2b6e838be1c,c340ad37-0473-44cd-b3e1-de14558123cd,532,view,102,Phone,Electronics,Nigeria,mobile,google,1,800,0.13,2026-05-04 22:06:13
52130f70-c34e-4dc7-b062-e6e0cb5ea6e9,d53df8dc-c7b9-41da-805b-9bca86ac4cac,835809,purchase,103,Keyboard,Accessories,Kenya,desktop,facebook,3,70,0.03,2026-05-04 22:06:14
734948de-9076-4c68-9261-e9f3c9b0e8c0,e4a5d5bc-0361-4da2-adfc-8ce2b72c90d8,699305,purchase,102,Phone,Electronics,Rwanda,mobile,google,2,800,0.13,2026-05-04 22:06:15
9c42e76e-6f29-4d95-b712-20eb1d570044,68576892-3e0b-4763-977b-05c69534bbe1,902694,purchase,103,Keyboard,Accessories,Ghana,desktop,organic,3,70,0.05,2026-05-04 22:06:16
473a3f31-1a64-49c3-8251-e1c061df46f8,c24d71d0-dfd1-4b37-ba6e-d5b8aef64c95,864577,view,104,Mouse,Accessories,Nigeria,mobile,organic,4,40,0.13,2026-05-04 22:06:17
5d1b2992-1830-4be3-bc98-e9d6f0523d3b,e8f9ff2e-db13-4b5c-9de5-59a2f4614041,220242,purchase,101,Laptop,Electronics,Rwanda,desktop,facebook,3,1200,0.05,2026-05-04 22:06:18
9cbeaaeb-69bc-4228-b922-d3af6453f446,e550c683-701e-4e2e-a780-82ae254fc93a,87043,purchase,102,Phone,Electronics,Kenya,desktop,facebook,4,800,0.06,2026-05-04 22:06:19
ace0d80d-b06c-43f6-a03d-33b296667d30,3aa14e1c-4db9-4f01-9c45-7903c7d8a7dc,223614,purchase,104,Mouse,Accessories,Ghana,mobile,facebook,2,40,0.16,2026-05-04 22:06:20
4aaef45e-e10d-49b9-8581-a76c02eef911,c4e2c07c-336c-4930-b4b0-39e54669d7bc,417899,purchase,103,Keyboard,Accessories,Ghana,desktop,google,3,70,0.14,2026-05-04 22:06:21
809dfdbb-3d76-4cd3-94f1-3f4923492393,06d41ddc-e800-4fc3-8b6d-bb01332db089,367955,view,102,Phone,Electronics,Nigeria,mobile,google,1,800,0.15,2026-05-04 22:06:22
65ab8a5e-13c1-4ca1-887b-5707d24e1b9d,953a996b-c27d-4e7a-ac8a-192b106c3830,883154,view,104,Mouse,Accessories,Ghana,mobile,facebook,1,40,0.0,2026-05-04 22:06:23
38a35a94-52b3-4d3d-9a93-61985946d71b,6d6e8867-e899-4ff6-bca9-d29d28758ed7,310964,purchase,101,Laptop,Electronics,Kenya,desktop,facebook,2,1200,0.14,2026-05-04 22:06:24
885b692b-41bf-47bb-81bb-b92f3bc3ed3f,0a5b7ab2-d8bc-4224-abad-e6f36349d87d,355756,purchase,104,Mouse,Accessories,Nigeria,mobile,facebook,5,40,0.15,2026-05-04 22:06:25
1299bd8e-35c1-4524-ba45-b3f721b29e3c,eb2816c9-aa24-4b78-a88a-8b897bc27c56,275407,purchase,104,Mouse,Accessories,Rwanda,desktop,facebook,5,40,0.08,2026-05-04 22:06:26
870b1980-5e02-4871-af04-202c1945c8ef,8e375f98-eb40-47e4-b53a-fb152a33e577,262166,purchase,103,Keyboard,Accessories,Rwanda,desktop,google,1,70,0.18,2026-05-04 22:06:27
a0941b43-4e29-4137-9744-d76fe15b07fd,11746eb7-e133-430a-aada-cfe0184060c3,263,view,103,Keyboard,Accessories,Ghana,desktop,facebook,1,70,0.12,2026-05-04 22:06:28
5e3b2f4b-31b0-411c-b6da-76884a405902,81eca666-a051-496e-aacd-f6ba9049055f,737211,view,103,Keyboard,Accessories,Ghana,desktop,google,1,70,0.15,2026-05-04 22:06:29
3392f15b-910c-4dc5-ad7f-f7f3c72e5d16,bcb217a8-2bf1-413c-a58a-11d2e6f413db,423,purchase,103,Keyboard,Accessories,Rwanda,desktop,google,4,70,0.11,2026-05-04 22:06:30
bad92939-f851-4136-90ea-b075628b5685,93ebfc4e-e1e5-4177-955a-98c1e5dfc762,44868,purchase,102,Phone,Electronics,Nigeria,desktop,organic,1,800,0.14,2026-05-04 22:06:31
c27f5151-09db-4f29-b78e-6c03c3f57e8b,10fce021-5551-4b11-8866-f2f887edd44b,947846,purchase,101,Laptop,Electronics,Nigeria,mobile,google,5,1200,0.02,2026-05-04 22:06:32
2d14fdc7-6106-4df6-be68-521b837f1a82,75a85337-6345-4cc5-bb15-3eb0f243fad4,421891,view,102,Phone,Electronics,Rwanda,desktop,google,3,800,0.16,2026-05-04 22:06:33
3f40b5fc-92ac-4439-8b18-0fe641302ef0,551bce89-93a8-4cdf-bc1a-9eb0410adcb2,747482,view,101,Laptop,Electronics,Rwanda,mobile,facebook,2,1200,0.14,2026-05-04 22:06:34
c55eab59-8044-4d81-822c-6c7441dad1c6,2ac43746-28a0-4578-88ea-59375439fe84,898656,purchase,103,Keyboard,Accessories,Ghana,desktop,google,3,70,0.05,2026-05-04 22:06:35
c06ef061-b3be-45b2-b721-d3fd8e1d08da,61b515c0-348b-4f5f-8e93-096d71ace9e9,407,purchase,104,Mouse,Accessories,Kenya,desktop,google,3,40,0.17,2026-05-04 22:06:36
81212dec-2f93-4f31-a9ae-d52ee0fdb1ba,5d278971-b5ad-4e28-8c51-6816bb9025f1,608224,purchase,104,Mouse,Accessories,Ghana,mobile,google,1,40,0.14,2026-05-04 22:06:37
ab1742f6-be98-4889-87a2-4436e976d9ac,1476e955-6676-46a1-a4ba-8bd6dccdc44e,858801,view,101,Laptop,Electronics,Nigeria,desktop,google,2,1200,0.09,2026-05-04 22:06:38
d265ae36-2917-4a67-98a0-5f006b4c8962,d67eb695-65d5-4ac1-8143-6cbd718db4a3,279403,purchase,103,Keyboard,Accessories,Ghana,desktop,facebook,1,70,0.18,2026-05-04 22:06:39
e48ac7aa-f6e4-4000-88c6-4d20af202aa3,793142dc-8193-437e-aa5c-394585da7eb7,840330,view,101,Laptop,Electronics,Nigeria,mobile,organic,4,1200,0.06,2026-05-04 22:06:40
3cb6bb08-3b1b-49df-9fd8-eab68a26552e,c119818d-5f6b-4cf0-a44d-e8cda5a90f84,389067,purchase,102,Phone,Electronics,Nigeria,desktop,facebook,5,800,0.18,2026-05-04 22:06:41
28ddd00d-5d42-4053-86c8-48bbc7d11101,19b66ab1-03f7-4804-b598-7fb611bfb333,850,purchase,101,Laptop,Electronics,Nigeria,mobile,facebook,5,1200,0.09,2026-05-04 22:06:42
befdce97-1f19-4e26-91d2-ae60ece3a8d1,c7a36374-ca4d-488d-8367-e23bfc77e8ee,185,purchase,103,Keyboard,Accessories,Ghana,desktop,google,1,70,0.05,2026-05-04 22:06:43
19e803fb-40d2-4db0-91ee-b830595695a7,45114974-0831-461a-b008-e7414397d542,450357,purchase,101,Laptop,Electronics,Kenya,desktop,google,5,1200,0.19,2026-05-04 22:06:44
0a80ca86-7db0-4b64-90dc-b41c0029d5f6,9129c01f-9974-4064-8fa3-c5718ef90784,544,view,102,Phone,Electronics,Ghana,desktop,organic,2,800,0.16,2026-05-04 22:06:45
8af831c6-0056-4578-8300-268f6aed9d35,dd0bb120-cbb8-4d35-b049-8913f36e57d2,200904,purchase,102,Phone,Electronics,Nigeria,mobile,organic,2,800,0.12,2026-05-04 22:06:46
2cad612f-9ee0-47a7-8546-69a5ae51acc6,fd98bc5b-4f8b-4eec-846a-28ce8dd90a4e,902,purchase,103,Keyboard,Accessories,Nigeria,desktop,google,5,70,0.1,2026-05-04 22:06:47
48dcd758-0939-432f-90bb-9c529ef82969,2b6b7ec1-1b51-40bb-8361-5048b7c34675,857119,view,104,Mouse,Accessories,Kenya,desktop,organic,1,40,0.1,2026-05-04 22:06:48
f3d2fa00-aa6c-43a2-93d6-d6839c6cb999,7f22c1d3-1894-46c6-80c7-83464a3d8deb,986150,view,103,Keyboard,Accessories,Rwanda,desktop,google,1,70,0.01,2026-05-04 22:06:49
9c0cf624-e317-441c-95d2-eb3da5c467c9,e1112906-ea57-4832-a56f-0a080d985e72,211673,view,101,Laptop,Electronics,Rwanda,mobile,google,3,1200,0.01,2026-05-04 22:06:50
e0dbc6ba-0982-4244-a45e-58c5d407595e,ebf27146-7ac7-4532-9f06-96f034364cf5,256110,purchase,103,Keyboard,Accessories,Rwanda,desktop,facebook,4,70,0.12,2026-05-04 22:06:51
cfa837a2-f7f1-4b8e-8172-5f7b9423db32,7c425515-d544-49b0-a71b-7b1b39e32033,766497,purchase,101,Laptop,Electronics,Kenya,mobile,facebook,4,1200,0.0,2026-05-04 22:06:52
0b9316b3-99e5-4183-9abf-054ffe6692a5,d04737b8-454a-4b61-a2f4-762fca53408f,449620,purchase,102,Phone,Electronics,Rwanda,mobile,organic,5,800,0.19,2026-05-04 22:06:53
1dd992af-c39e-4651-b06c-ee12c155dfb0,08b24a72-5602-4d6f-a9de-e4342fd355f3,141,purchase,102,Phone,Electronics,Ghana,mobile,facebook,5,800,0.16,2026-05-04 22:06:54
97e5c3db-dff8-4c06-942f-50b17957bf53,1009c8c7-1bc4-4d91-9308-6a2a65ffd762,558,view,104,Mouse,Accessories,Kenya,desktop,google,5,40,0.01,2026-05-04 22:06:55
f11d0245-33be-47a0-a124-88c910baf5e4,02068bbc-ae82-4920-9265-79fb8e23ecee,926864,purchase,102,Phone,Electronics,Nigeria,desktop,google,1,800,0.14,2026-05-04 22:06:56
e36af90f-0206-4b77-9640-599fe8e838c3,ea6bde2b-090e-4652-82d0-84baa75802d7,143885,view,104,Mouse,Accessories,Rwanda,desktop,facebook,3,40,0.13,2026-05-04 22:06:57
b24f2941-4b7b-4cd3-bb2e-28449c3f9ee8,0c34fa4b-2ab4-4cdb-8401-a206f94b011a,602137,purchase,103,Keyboard,Accessories,Nigeria,mobile,organic,5,70,0.15,2026-05-04 22:06:58
34e841ed-ea99-42b8-b4a8-9d1ec78ccd99,2092124a-7008-4a80-a043-b0e4038e8afc,733,view,104,Mouse,Accessories,Nigeria,mobile,organic,4,40,0.02,2026-05-04 22:06:59
9cf9df05-0acd-4a2c-a283-53d67a9f21cb,0c035080-d844-4aaf-b0e6-fb2d950e8c39,407,view,103,Keyboard,Accessories,Ghana,mobile,google,5,70,0.16,2026-05-04 22:07:00
e864e32a-5809-4baa-ae21-e269f5324365,debe704a-50f2-44e1-8bfc-7cf0f90b3820,501700,purchase,102,Phone,Electronics,Kenya,desktop,organic,3,800,0.05,2026-05-04 22:07:01
19fb929f-fd8a-4f78-beaa-add92ec536e2,33f568b5-8393-4e38-bc1e-44e216cc0c88,84,purchase,101,Laptop,Electronics,Rwanda,desktop,google,1,1200,0.12,2026-05-04 22:07:02
bebee501-5905-4605-b298-3c9badfa512b,d0ec1b99-e66c-494d-94d6-6d9f2e6cb9e5,337324,view,101,Laptop,Electronics,Kenya,desktop,facebook,5,1200,0.06,2026-05-04 22:07:03
9c6fffce-d026-42bf-9032-7baf56684342,d87939ba-7b1a-47d2-b4b8-ba1e5a568a00,673118,purchase,101,Laptop,Electronics,Kenya,mobile,google,1,1200,0.06,2026-05-04 22:07:04
b1007dd4-cbd6-40ce-9c97-4b700d7a09f0,53b4d6e2-0512-44bb-89b6-ad34c3a57ede,162,purchase,103,Keyboard,Accessories,Nigeria,mobile,organic,3,70,0.15,2026-05-04 22:07:05
f7204bbd-0b6a-44c3-9844-4d4b4a6c4600,2affc1d1-bc48-41a9-8e7f-3e48307c2599,822,purchase,101,Laptop,Electronics,Kenya,mobile,google,4,1200,0.17,2026-05-04 22:07:06
c9bbb2e7-c790-4d44-9eea-6bd9748b2fcd,eef01e4d-88a8-448a-b493-284bfab895c7,988900,purchase,104,Mouse,Accessories,Rwanda,mobile,facebook,4,40,0.14,2026-05-04 22:07:07
cd8424b6-5be1-428c-8bc8-af744bfb132f,5f60662c-3d17-436e-ae23-779712190530,934023,view,102,Phone,Electronics,Ghana,mobile,organic,3,800,0.05,2026-05-04 22:07:08
d7dec752-ecd0-4f12-9385-79e730d88a37,0db663e1-c60a-425d-a586-39e8234a0a72,158740,purchase,101,Laptop,Electronics,Rwanda,mobile,facebook,1,1200,0.12,2026-05-04 22:07:09
ef2efe3d-9cf9-4831-aa05-2c6d57fb847f,0c4f5fa9-5c48-4df3-b146-5fc664e08789,217,view,103,Keyboard,Accessories,Ghana,mobile,facebook,5,70,0.07,2026-05-04 22:07:10
4561d9d4-08b1-49fc-93e0-9079c9122f93,4fdfe000-9a1b-41aa-aed5-6805173610e0,649347,view,102,Phone,Electronics,Kenya,desktop,organic,2,800,0.18,2026-05-04 22:07:11
e2ca2804-77a0-4e61-a714-11536de6b2a6,a330897a-9bc1-4544-b6bf-baf79a89fdf0,973947,view,104,Mouse,Accessories,Ghana,desktop,google,3,40,0.02,2026-05-04 22:07:12
7c6dd44c-1333-4543-8257-d747048bbd05,f32870d1-925a-45ea-b1b0-fb62165759fb,902002,purchase,102,Phone,Electronics,Rwanda,mobile,organic,2,800,0.17,2026-05-04 22:07:13
d88112f5-40b9-44c9-9158-357bfa81ff88,9e0b6e92-f9c2-4297-91dd-ffb6209f0169,637036,view,103,Keyboard,Accessories,Rwanda,mobile,facebook,4,70,0.19,2026-05-04 22:07:14
4dafc72b-ecfe-42a1-95c2-b9b32addb266,74ab56c7-2d8b-4097-9e2d-b88a82559896,534,purchase,103,Keyboard,Accessories,Kenya,desktop,organic,2,70,0.08,2026-05-04 22:07:15
ee9836d9-ea5b-4643-932b-2d3384dce83d,496ffbab-4fa4-4625-a8a1-b1ac422faad5,380,purchase,101,Laptop,Electronics,Nigeria,desktop,google,1,1200,0.14,2026-05-04 22:07:16
f2acf4e6-188c-48ef-b33b-a0ecee537e29,c1a66298-3783-48be-9282-d35497296a02,989298,purchase,102,Phone,Electronics,Ghana,desktop,facebook,5,800,0.09,2026-05-04 22:07:17
eb4f82a9-facf-49f5-857c-d6664ae2166c,518e3d7e-9ac3-4210-8e5a-3c65085d3f54,854,purchase,104,Mouse,Accessories,Rwanda,mobile,facebook,2,40,0.03,2026-05-04 22:07:18
4839a1c7-0e0c-48a8-a96c-69a25a0b48e1,e5f7dc61-3f68-4c90-8188-c36c8cb5d2ec,597897,view,103,Keyboard,Accessories,Kenya,desktop,google,4,70,0.06,2026-05-04 22:07:19
8192e3e6-0de5-4cf6-bbb3-6d4a3ab9e766,11dccbcb-b24d-4d31-9b86-4ceb6a0ba12d,416,view,101,Laptop,Electronics,Rwanda,desktop,google,4,1200,0.15,2026-05-04 22:07:20
9fe97f61-1191-4f0c-951d-75f3eeac99a9,c5d7c270-61cc-4408-b8d8-6c705016fdfc,506341,purchase,101,Laptop,Electronics,Ghana,desktop,facebook,5,1200,0.04,2026-05-04 22:07:21
a0daacf9-7cb4-40d5-b55a-78c5f05f4898,e75b60ca-ef9c-4ee7-bab8-e97110a53dc2,583237,view,104,Mouse,Accessories,Kenya,mobile,facebook,5,40,0.15,2026-05-04 22:07:22
c7d34562-180f-41fe-a818-1ac062f26fbb,9c6bd252-00b9-48fc-a343-9d83dac4e40e,880205,view,103,Keyboard,Accessories,Kenya,desktop,organic,2,70,0.18,2026-05-04 22:07:23
398b42d0-4204-4c2b-acf0-f0f4406f4afc,389cf9e1-6d7e-4944-8ee8-5eab6cdf62aa,499,view,104,Mouse,Accessories,Rwanda,desktop,facebook,5,40,0.01,2026-05-04 22:07:24
27a28048-a689-4eda-a50a-4d790de94a32,a0f3de7b-9271-410d-8712-3e5aade3f266,244894,purchase,102,Phone,Electronics,Rwanda,desktop,google,5,800,0.12,2026-05-04 22:07:25
b3fae68a-d507-4774-88e6-19156ae4cdb1,e5462190-99c6-4ffb-b164-c4e8f56d6289,651,purchase,104,Mouse,Accessories,Rwanda,mobile,facebook,3,40,0.2,2026-05-04 22:07:26
1cfea949-e69d-4b9e-8f73-62c11a23b14e,eb9c958c-b293-4c74-97a7-166419f0e449,154612,view,102,Phone,Electronics,Nigeria,desktop,google,5,800,0.14,2026-05-04 22:07:27
f573c9ca-8cc3-400b-b81d-0bd070dadb92,08b275a1-09ab-46c0-9368-6c5ff6e76e5b,146546,purchase,103,Keyboard,Accessories,Nigeria,desktop,facebook,2,70,0.16,2026-05-04 22:07:28
71431c90-d183-4eac-a8e7-ab2cedce7b86,af5db9ec-15c2-4738-bfd0-978352408d36,812743,purchase,101,Laptop,Electronics,Rwanda,mobile,google,1,1200,0.1,2026-05-04 22:07:29
b4e000eb-ca5c-41db-ba2a-ebaa780091c4,a6bc661d-6ba9-4497-9fa5-728ca7ee2306,817561,view,102,Phone,Electronics,Rwanda,mobile,google,2,800,0.07,2026-05-04 22:07:30
da13dec7-f6db-4eb6-afe1-9042509907b1,a5b909c6-3655-4008-9b17-f5607a69eed1,753331,view,101,Laptop,Electronics,Ghana,desktop,facebook,3,1200,0.14,2026-05-04 22:07:31
ef753a46-0652-4ecc-bd44-d40de6feed20,be85f762-ac38-449b-b5ff-46d3e61f3383,707751,view,102,Phone,Electronics,Ghana,mobile,facebook,2,800,0.15,2026-05-04 22:07:32
789a2ec1-9e5b-467d-8739-2ce98f7dd7d3,fa92975b-33d2-4b23-b620-c58e5cf3b8ae,224719,purchase,103,Keyboard,Accessories,Rwanda,desktop,google,4,70,0.14,2026-05-04 22:07:33
11ed36b6-aaff-4046-9f5c-a98e16eccdb5,d568b25b-6665-4226-a342-27b078e23427,734400,view,103,Keyboard,Accessories,Rwanda,mobile,facebook,2,70,0.12,2026-05-04 22:07:34
37f791cf-a512-4ddc-8034-159b39f56b49,f148fe6c-47d5-411d-ad1a-e1471fa09b93,917067,purchase,102,Phone,Electronics,Rwanda,desktop,organic,5,800,0.09,2026-05-04 22:07:35
2b5a14a2-53c2-4b6b-824c-044d3c44a84f,43ceb36c-e75b-4dc0-8cf6-f585f64433ba,209836,purchase,103,Keyboard,Accessories,Kenya,mobile,facebook,4,70,0.19,2026-05-04 22:07:36
aedf75c2-efa4-4dff-89b2-63a4e9fe941a,3dcb29c6-d429-4d84-a6d0-318ff8b18a44,974963,view,101,Laptop,Electronics,Nigeria,mobile,facebook,1,1200,0.15,2026-05-04 22:07:37
dde03025-f5eb-492c-b33f-01a6d0283954,a0c2779d-0cc4-4ed4-aa66-ca61ca71b7f9,958,purchase,101,Laptop,Electronics,Kenya,desktop,google,2,1200,0.15,2026-05-04 22:07:38
90c0063d-6e85-4921-a825-99dcdca78eb8,4b1f3743-fb3e-4aa8-9dc0-6bdc9e98a903,581672,purchase,101,Laptop,Electronics,Rwanda,mobile,google,1,1200,0.07,2026-05-04 22:07:39
8e859196-289e-421e-bc69-8871812516ca,8865af4c-462d-4200-bdc8-c6dabf6b6a68,21,view,102,Phone,Electronics,Nigeria,mobile,facebook,1,800,0.05,2026-05-04 22:07:40
297855e5-f148-497e-bba0-487d5d067ed5,6c93a226-f94b-4257-a03e-dfb28515229a,177,purchase,103,Keyboard,Accessories,Nigeria,mobile,google,4,70,0.17,2026-05-04 22:07:41
66eb2a77-d243-4a9c-a802-46bdcd640ac9,363871ae-2404-4c03-b076-035b72c473ce,379883,view,104,Mouse,Accessories,Nigeria,mobile,facebook,4,40,0.07,2026-05-04 22:07:42
f0bfb820-4236-440a-8a07-fdc53cba680f,da28d1a1-c719-4094-b267-ca8b41b5a3eb,693128,view,102,Phone,Electronics,Ghana,desktop,google,2,800,0.01,2026-05-04 22:07:43
63dcc92e-2d5a-4166-a644-cb4ebf6c07e9,e55d9c9f-945e-4ea9-9455-8d78faa61f45,643,view,101,Laptop,Electronics,Rwanda,desktop,google,2,1200,0.06,2026-05-04 22:07:44
e50b028b-f5b7-4d75-a1b4-6b50be970dde,cd66ab84-e930-494b-8013-e552a6dd1731,398359,view,103,Keyboard,Accessories,Nigeria,desktop,organic,5,70,0.1,2026-05-04 22:07:45
6a29ecbe-34a5-4feb-9f8a-9ea2ad658072,6484b062-0a08-4244-8312-0ee8ec7b0645,407739,view,103,Keyboard,Accessories,Rwanda,mobile,google,2,70,0.04,2026-05-04 22:07:46
e13687c8-11af-451d-81ba-7b3fb9e87196,500a13a4-58fa-43b9-9fd7-1daa87b74919,578,purchase,102,Phone,Electronics,Rwanda,mobile,facebook,5,800,0.14,2026-05-04 22:07:47
5f88f299-6c76-4857-8195-866c942bcc1b,4a8527dd-c470-4fdc-9780-fac616c86e4c,900287,purchase,103,Keyboard,Accessories,Rwanda,desktop,facebook,5,70,0.06,2026-05-04 22:07:48
e87b971f-554e-4da1-b927-a0fa0e0a126f,fdbb6c2c-b904-42c9-8c10-3d6b5a7f5520,451598,purchase,103,Keyboard,Accessories,Kenya,desktop,google,4,70,0.12,2026-05-04 22:07:49
8aadc0fc-1601-47e2-b351-7689bc28d0f5,781a5aca-5a46-4098-b7b0-e93fda66c673,704,purchase,103,Keyboard,Accessories,Rwanda,desktop,google,5,70,0.12,2026-05-04 22:07:50
e9fd6a13-c006-4795-a8fa-2825babe9ff0,a463c9f9-a500-4fb8-8e17-1e3bae185373,72159,purchase,101,Laptop,Electronics,Ghana,mobile,organic,4,1200,0.08,2026-05-04 22:07:51
2b640a46-dfe0-46a6-b234-65dff15a32dc,bebe5aea-c542-448c-9cf7-e2cdd6bf2675,341452,view,102,Phone,Electronics,Rwanda,desktop,facebook,2,800,0.03,2026-05-04 22:07:52
09b7de60-4bd0-49b5-afed-66619c1eace0,8ffa1a0e-d4af-4fb0-b578-a4c77b63e36c,203,view,102,Phone,Electronics,Kenya,mobile,facebook,1,800,0.17,2026-05-04 22:07:53
01e51879-f0a7-439a-b821-427769a5cfad,6710c394-0e9c-430c-b040-4f12a99a6127,107156,purchase,101,Laptop,Electronics,Kenya,desktop,facebook,2,1200,0.1,2026-05-04 22:07:54
24fcde33-92e5-43aa-968a-7302bb18e095,66400354-8b5c-4af4-a98c-9c72c2018c9c,929973,view,101,Laptop,Electronics,Ghana,mobile,facebook,4,1200,0.09,2026-05-04 22:07:55
ba916dfe-e6d1-4e06-ac21-ccc6c50ca0e8,dcdab405-bef2-4d0e-986f-27be2543acb2,452164,purchase,101,Laptop,Electronics,Kenya,mobile,organic,1,1200,0.16,2026-05-04 22:07:56
87128551-20cb-4b28-86f0-7d87b7bdecb7,501f209d-9203-400c-9a6c-708dd0fd221c,970405,purchase,101,Laptop,Electronics,Rwanda,desktop,organic,3,1200,0.14,2026-05-04 22:07:57
0757f1b1-d592-481b-8d9e-03b3c5a2379e,8f045b2f-0d56-44ce-bb61-40992a70aad5,920,purchase,103,Keyboard,Accessories,Ghana,desktop,facebook,1,70,0.14,2026-05-04 22:07:58
edab5743-cbc9-4b5b-b717-593db77b5e1b,a73381f4-8fdf-4391-b39c-caf285822fb5,453879,purchase,101,Laptop,Electronics,Rwanda,mobile,organic,5,1200,0.17,2026-05-04 22:07:59
08845810-b0a9-4d1f-b614-cb59c4e67311,87716f25-2001-4af5-8c27-1c6d5f3b24b3,589618,purchase,102,Phone,Electronics,Ghana,desktop,facebook,2,800,0.06,2026-05-04 22:08:00
30059a7d-b354-49cb-98ae-1d4e88b90188,d984a48a-6479-40fe-aa1a-8be2d142f086,228333,view,104,Mouse,Accessories,Ghana,mobile,google,2,40,0.06,2026-05-04 22:08:01
14fe6622-aed9-4580-9caf-b27737b25646,eb645271-9ae4-4125-be92-bad63c3ab436,871855,view,101,Laptop,Electronics,Nigeria,desktop,organic,2,1200,0.1,2026-05-04 22:08:02
db5a1836-79cc-41a8-99bd-3fd4f95441e0,cc8f0d1f-d5d1-4b65-bb94-7d212671c306,866484,view,101,Laptop,Electronics,Rwanda,desktop,facebook,1,1200,0.1,2026-05-04 22:08:03
d0ee13e8-b7a7-4f22-a177-2343bd540afa,259f452c-093f-478a-a0df-51c8ac509d0a,228158,purchase,102,Phone,Electronics,Nigeria,desktop,organic,2,800,0.03,2026-05-04 22:08:04
d11c42be-751c-4f93-a76e-5802246d0390,7aa2b86b-c9b1-458e-8e2d-7fd332a7f1c2,631,purchase,102,Phone,Electronics,Kenya,mobile,organic,5,800,0.02,2026-05-04 22:08:05
767ae442-31cc-41b0-8e12-a6b37ebd0be3,fe8a004f-0791-4874-a912-cce54cabaa0b,568,purchase,103,Keyboard,Accessories,Ghana,mobile,google,2,70,0.05,2026-05-04 22:08:06
a90dd029-c5ae-40bc-9e73-2fecb0ef7531,a7cb7942-3bbf-472f-bb87-6cd0ffbb3840,288568,purchase,104,Mouse,Accessories,Rwanda,desktop,organic,4,40,0.12,2026-05-04 22:08:07
4a699ada-0cef-42a5-a98c-51614b14d444,02afc6f6-944d-4f05-a4e3-7cdb5b0a54c0,342118,view,102,Phone,Electronics,Nigeria,mobile,facebook,4,800,0.14,2026-05-04 22:08:08
552ef56a-de14-41df-945d-9f8e720bb143,2f6d2ed0-92f8-4711-aac1-c29d4b089dc6,655748,view,104,Mouse,Accessories,Kenya,desktop,organic,3,40,0.15,2026-05-04 22:08:09
7fd854ca-4047-4b37-a868-fceffbd35a53,305878f7-a3d6-4a33-aedb-2b8ab03acc9d,702,purchase,103,Keyboard,Accessories,Kenya,mobile,organic,4,70,0.01,2026-05-04 22:08:10
505feefb-85b3-47ee-92ba-46d1be0e1c7c,130c19f7-84a3-49fa-97c2-95e7358c1ca7,615845,view,102,Phone,Electronics,Ghana,desktop,organic,5,800,0.14,2026-05-04 22:08:11
11d977ce-855f-4d99-85bc-93afe0798f48,417375fa-83c5-45ce-ac07-81cf20d66042,869,view,101,Laptop,Electronics,Nigeria,desktop,google,2,1200,0.07,2026-05-04 22:08:12
b75018a8-1b48-4dc2-af0b-acc9c431ba75,f5d7dedf-588b-4f80-8e5f-ee3f6812764d,792116,view,102,Phone,Electronics,Rwanda,desktop,google,2,800,0.1,2026-05-04 22:08:13
2f18cb97-c335-42d8-8f04-44a17f067f9e,6db4ee43-8e9d-4d4d-87eb-9f3110e27349,500000,view,103,Keyboard,Accessories,Ghana,mobile,facebook,3,70,0.01,2026-05-04 22:08:14
ebc1c595-573b-4c6e-a5cc-49ce70eec899,45fc29f1-f000-48d4-b81b-d4718124f5d6,696659,view,103,Keyboard,Accessories,Rwanda,desktop,facebook,4,70,0.16,2026-05-04 22:08:15
980400b4-e0d9-49f9-9143-82d894a91df2,9aeffab1-1176-494c-be41-7a6105fc2f75,599656,view,102,Phone,Electronics,Nigeria,mobile,organic,3,800,0.01,2026-05-04 22:08:16
ca3243ae-0986-44b6-8dcc-e175cdf99942,ba247ec9-4a66-4e66-8585-6f1bba06ac01,399030,purchase,104,Mouse,Accessories,Nigeria,desktop,google,3,40,0.16,2026-05-04 22:08:17
ebde187c-413e-4699-bd25-b24e9c111c19,b87dc9a1-9493-4bfa-93d3-d00052088d1c,786974,purchase,101,Laptop,Electronics,Nigeria,mobile,facebook,5,1200,0.08,2026-05-04 22:08:18
8afb0850-d4d9-44ea-8878-e2c39f2592e3,33bb4b3b-eb13-401a-8d5d-34a416d8fc23,502884,view,103,Keyboard,Accessories,Rwanda,mobile,google,3,70,0.19,2026-05-04 22:08:19
f7f58e63-5889-41ba-9c09-6d77ed218e46,3952c0ad-8c11-44f6-9286-0f91ba17fe2c,926623,view,101,Laptop,Electronics,Nigeria,desktop,organic,5,1200,0.14,2026-05-04 22:08:20
61d20265-602a-4198-baf9-d240b631286b,4f7bf106-732c-4ade-bbbb-c8444cf3a73a,604704,purchase,101,Laptop,Electronics,Kenya,desktop,google,2,1200,0.08,2026-05-04 22:08:21
44098fcc-db5a-460c-8fe6-62f0080421c0,5543a78f-f275-4f06-820a-9bf28a597971,705614,view,104,Mouse,Accessories,Ghana,mobile,google,3,40,0.09,2026-05-04 22:08:22
0e8d472b-252a-4b99-b5ab-e81cec84fb49,4fdc542f-a3d0-4a76-b7b1-cdc0b1ef4937,836877,view,102,Phone,Electronics,Rwanda,mobile,facebook,2,800,0.15,2026-05-04 22:08:23
8dd612d4-7142-45a7-816d-a73464f0f600,48ef376e-421d-4fea-a68b-158da7f11d19,538707,view,101,Laptop,Electronics,Nigeria,mobile,organic,3,1200,0.04,2026-05-04 22:08:24
2edbe71a-2b87-49d6-9a18-ba64a44ff30e,23331f0e-6ed9-44d2-8810-0707c1ff427a,708,view,101,Laptop,Electronics,Nigeria,mobile,facebook,1,1200,0.17,2026-05-04 22:08:25
444c2ff7-0bb0-485d-8171-8ea34e4c978f,a424ea00-5ac2-432e-80cb-53984a489989,104165,view,104,Mouse,Accessories,Nigeria,mobile,google,2,40,0.11,2026-05-04 22:08:26
e26e620e-c1ed-4dce-8dd8-2237146f7910,70684f06-1946-4e77-9f29-a24cd57461a1,851,purchase,102,Phone,Electronics,Kenya,mobile,facebook,3,800,0.1,2026-05-04 22:08:27
75981c56-41f6-4277-9377-7fb5ac30aa26,3cc2b22f-e1da-45d3-938f-a8e68bdd4569,945,purchase,102,Phone,Electronics,Ghana,desktop,facebook,4,800,0.19,2026-05-04 22:08:28
19249370-8f5d-4d21-934f-a7ce9f48bfff,847ee4e6-5ca0-4026-91f0-03f498e0f885,231717,view,102,Phone,Electronics,Ghana,mobile,facebook,4,800,0.0,2026-05-04 22:08:29
7f17280f-681c-4d37-a2a9-50cea1efa0d4,b184608a-87ac-4ae4-870c-f32fe55c13a7,554662,view,102,Phone,Electronics,Kenya,mobile,facebook,5,800,0.06,2026-05-04 22:08:30
ffacf7e9-c7aa-4c60-b08c-b2b8687d1804,ec01590e-b680-418d-bff3-a0d0f61c0e3b,963706,view,104,Mouse,Accessories,Rwanda,desktop,facebook,1,40,0.01,2026-05-04 22:08:31
784f3bd2-b6ea-44ac-b7fc-105d8021321a,3b3070fa-54e2-472a-8485-1c59d58393de,17,purchase,101,Laptop,Electronics,Ghana,mobile,organic,2,1200,0.02,2026-05-04 22:08:32
45a2326b-1af8-40d5-a020-59cba1fc1f21,17b3dc82-3d65-405f-aee9-e49dc042fe09,961141,view,102,Phone,Electronics,Nigeria,desktop,organic,5,800,0.15,2026-05-04 22:08:33
62d2111e-e3b9-4552-b91b-5a8ead8152cd,b4a8aedc-5edc-43da-9c98-cc4ac7512021,929648,view,102,Phone,Electronics,Kenya,desktop,google,5,800,0.09,2026-05-04 22:08:34
d159bab8-dcff-4db4-8cd4-ccc347facc87,d07f04db-066a-4ec8-adb2-cd94ad28c889,101369,view,102,Phone,Electronics,Ghana,mobile,facebook,5,800,0.0,2026-05-04 22:08:35
45ffecd6-838a-40ef-8d8e-55c9bf1d422a,e9cdef80-0b31-4b42-891e-31896d472b6a,611229,view,104,Mouse,Accessories,Nigeria,desktop,facebook,1,40,0.05,2026-05-04 22:08:36
174900b3-13b3-4b15-a809-3541def6e2ab,f45e36f7-77f7-4f1b-9447-4727afe08166,82,view,101,Laptop,Electronics,Ghana,mobile,facebook,4,1200,0.17,2026-05-04 22:08:37
ce8a165b-71f3-4d7f-bf41-6278c966cf6e,480ca311-baae-4a00-a409-5a7582e62680,807059,view,101,Laptop,Electronics,Rwanda,desktop,google,5,1200,0.14,2026-05-04 22:08:38
8d0ced49-adda-471a-b7ab-b7d17de77756,2bcd75f9-5d15-456b-9894-df13b610ba11,712981,purchase,101,Laptop,Electronics,Nigeria,desktop,google,3,1200,0.18,2026-05-04 22:08:39
23d6aedf-3637-4657-9ff7-84d3e7041a96,7b662ced-c4eb-4b0c-8d81-ed2eb1b59882,293949,view,104,Mouse,Accessories,Ghana,desktop,google,4,40,0.14,2026-05-04 22:08:40
41912acb-3e7f-45f2-b56f-e6da7ced615f,52decc4d-664a-4303-9a5a-4d6f645e3875,602977,purchase,103,Keyboard,Accessories,Kenya,mobile,facebook,4,70,0.08,2026-05-04 22:08:41
72d68564-aafc-43cc-a2db-6fc190b20129,7c049cd4-a880-455b-bd66-8881bfe9ef1b,240628,view,102,Phone,Electronics,Rwanda,mobile,google,3,800,0.19,2026-05-04 22:08:42
02e07d15-0dff-4a81-aac5-1be7703d6950,28f1216e-3d59-4ad0-86b8-7bcf96b23f5e,54794,view,103,Keyboard,Accessories,Rwanda,mobile,organic,1,70,0.1,2026-05-04 22:08:43
eee60d41-d7be-455b-af81-fe27abeb8c1b,c0ab610a-6005-4294-b17f-349cbbefe86b,198990,purchase,103,Keyboard,Accessories,Rwanda,mobile,facebook,1,70,0.06,2026-05-04 22:08:44
0d2cf52d-427f-462e-9293-21a01e7587a2,76ea95e8-9a86-48f6-bce4-48cfb4be07af,685449,purchase,103,Keyboard,Accessories,Kenya,desktop,organic,1,70,0.1,2026-05-04 22:08:45
9e8acdce-5c58-489d-a3cb-915006e6b0e8,c1c5419c-043e-4902-b0bc-6d65cdaa836f,897747,view,104,Mouse,Accessories,Nigeria,mobile,organic,3,40,0.04,2026-05-04 22:08:46
2dc14e40-4c64-44c7-bad1-1c0cb8157f3b,13cbcb85-0d29-4c79-ad37-5efc727868f1,221863,purchase,102,Phone,Electronics,Rwanda,desktop,organic,2,800,0.04,2026-05-04 22:08:47
3171a16c-caa5-4755-949b-d217a4f8345d,643605af-c2cd-4874-a14a-7db4544579df,619958,purchase,104,Mouse,Accessories,Ghana,desktop,facebook,4,40,0.12,2026-05-04 22:08:48
0a6dcf99-41b9-4a76-af73-58e79db76849,d3ce3a33-d4a9-4226-8a17-b099d6eb59d6,145216,purchase,101,Laptop,Electronics,Nigeria,mobile,google,3,1200,0.0,2026-05-04 22:08:49
471f634d-603a-4b92-98b3-7b95a22ede8f,bb495b7a-2b86-4dc7-8ed6-04ac522d5c1d,252842,purchase,102,Phone,Electronics,Nigeria,desktop,organic,5,800,0.05,2026-05-04 22:08:50
53bcb287-3bef-4d97-b03f-0ae824c54d12,f9ea3eb1-7d94-479b-b2a9-c51b8d5f66eb,718614,view,103,Keyboard,Accessories,Kenya,desktop,google,3,70,0.11,2026-05-04 22:08:51
b8c1248a-7994-44d2-a111-d3fad3be52e6,68810416-5552-4735-a11f-01afc946c28e,699,view,104,Mouse,Accessories,Nigeria,desktop,facebook,5,40,0.06,2026-05-04 22:08:52
e5e9919a-c5f2-46b0-bbbf-2a87c7739ff1,1327a5aa-6f9d-4e9d-944d-e6505b3fcf6d,585739,purchase,103,Keyboard,Accessories,Rwanda,mobile,facebook,2,70,0.04,2026-05-04 22:08:53
9cab59aa-6f11-4e3c-a5fe-1516a74b133e,10933404-77f9-425c-8e57-3be69586ccc2,760,purchase,101,Laptop,Electronics,Ghana,mobile,google,5,1200,0.16,2026-05-04 22:08:54
a917947a-0553-456e-ba4d-bd869325d2ce,6fb8c974-7236-4842-abba-0a9cf279c84b,917067,view,103,Keyboard,Accessories,Rwanda,desktop,organic,4,70,0.15,2026-05-04 22:08:55
73312614-2185-4d93-9bf1-d438e32c73b9,a79f03b8-9542-42f6-af9f-6e5f34c02224,331219,purchase,102,Phone,Electronics,Nigeria,mobile,facebook,2,800,0.05,2026-05-04 22:08:56
bb902d92-a9b3-4735-b337-5d6150980c89,431a55fa-b985-4dd3-8f84-abad971b54c4,734448,purchase,101,Laptop,Electronics,Rwanda,mobile,facebook,3,1200,0.04,2026-05-04 22:08:57
48be54d9-76de-49dc-9561-d20a7eb49350,a1705366-fb8d-4f8a-a352-26e15cd0aecd,471847,view,103,Keyboard,Accessories,Rwanda,desktop,google,2,70,0.01,2026-05-04 22:08:58
949af312-5546-4aa7-b89e-1bf776e9f15c,06079fbc-9890-476e-982b-318b8806ba04,543528,purchase,104,Mouse,Accessories,Kenya,mobile,google,3,40,0.09,2026-05-04 22:08:59
e29bb582-8442-4ef1-892a-906173d2458f,09c12a57-82de-462f-9b98-95f1710c6fc2,918036,view,101,Laptop,Electronics,Rwanda,desktop,google,5,1200,0.15,2026-05-04 22:09:00
84e87b6e-3f09-477a-b200-3511a3aa5679,41bac6ee-ef41-46cf-8d20-610a8c78701d,712,purchase,103,Keyboard,Accessories,Ghana,desktop,organic,4,70,0.15,2026-05-04 22:09:01
98fce32d-22de-483c-bc4e-690d15096b83,265960d7-b66c-46d5-bafe-7615b49d69d0,924853,view,101,Laptop,Electronics,Ghana,desktop,facebook,3,1200,0.15,2026-05-04 22:09:02
2670bf6f-8c18-481d-a8a3-42494ad0504f,3a778542-fe6d-485b-a4b1-dead942845d7,3040,purchase,103,Keyboard,Accessories,Kenya,desktop,google,5,70,0.02,2026-05-04 22:09:03
45694393-3d5e-4989-b9df-8d8d75423241,b1079fc5-13cf-4d3b-be78-5b39301ba1f3,228,view,101,Laptop,Electronics,Ghana,mobile,organic,5,1200,0.19,2026-05-04 22:09:04
59824a0c-9942-4868-b63b-013b724546b7,1c5b3d40-7122-4633-b188-add14ca251cd,314621,view,102,Phone,Electronics,Nigeria,desktop,organic,5,800,0.15,2026-05-04 22:09:05
4ef273bd-1669-454e-879b-076ce62a7db1,3a42591f-0dc5-4136-ba5e-75bd916592ab,343,view,101,Laptop,Electronics,Rwanda,desktop,facebook,5,1200,0.19,2026-05-04 22:09:06
1cb25655-fd14-4dde-b258-2d8d1ac37b17,32cc6c50-4f09-44e9-b472-c73439f882b2,362687,purchase,101,Laptop,Electronics,Nigeria,desktop,facebook,4,1200,0.05,2026-05-04 22:09:07
deff541d-8161-4ef0-925d-c70819acba7a,f48871eb-6aed-4abe-838c-887d4e7bf619,826,view,104,Mouse,Accessories,Ghana,desktop,facebook,5,40,0.16,2026-05-04 22:09:08
9049ae05-7f1e-498c-bbfa-6f4b0428ea89,e49eeac9-3baf-493d-9744-2589639b1838,139686,view,101,Laptop,Electronics,Kenya,desktop,google,4,1200,0.18,2026-05-04 22:09:09
3f8e02c2-ff96-47d9-8048-bae56d89edfb,37ba0475-a69f-4edd-abe0-0465592cffc4,516868,purchase,103,Keyboard,Accessories,Nigeria,mobile,facebook,3,70,0.11,2026-05-04 22:09:10
cc9400e9-ab7c-464c-80c5-d7e3ad69ab86,77f649a4-da3c-4e93-98e9-eb00907f15c5,553895,purchase,101,Laptop,Electronics,Ghana,mobile,google,2,1200,0.01,2026-05-04 22:09:11
04a4f228-7a01-49d2-9d6b-248c82e7e127,bb0dbbba-bacf-442a-92a8-248bed6e7ad4,963577,view,104,Mouse,Accessories,Ghana,desktop,facebook,2,40,0.06,2026-05-04 22:09:12
0dc58d09-487b-4cf1-801b-b5dae00deed9,a078028b-cba8-4da7-a73c-3ee65dfe907a,571023,view,103,Keyboard,Accessories,Rwanda,desktop,google,2,70,0.1,2026-05-04 22:09:13
329f1787-d0f6-4942-839a-99e8752a3d92,6e401f39-4613-46b1-81fd-fa2d52c2b9c9,238468,view,104,Mouse,Accessories,Nigeria,mobile,organic,1,40,0.03,2026-05-04 22:09:14
4333e223-9cc9-41d5-9120-04016915949b,36c3926d-a1a5-46dd-b873-77cda425f873,224,view,101,Laptop,Electronics,Kenya,mobile,organic,2,1200,0.14,2026-05-04 22:09:15
20f87539-2b4e-41df-9f0f-e38f0cda96a4,05de5052-7398-4421-9855-d1ad98b6bb35,565755,view,101,Laptop,Electronics,Nigeria,desktop,google,1,1200,0.03,2026-05-04 22:09:16
fe4eb7d4-4a61-406e-9b33-529f8efa356d,8897b214-efc5-4ba6-b910-68a6770fd5fb,314254,view,101,Laptop,Electronics,Kenya,desktop,organic,5,1200,0.15,2026-05-04 22:09:17
d6b9f21d-818a-4ffa-8047-1f8ea187395a,549f70ab-5c99-4e90-a817-45a3aabc6ced,937898,purchase,103,Keyboard,Accessories,Rwanda,mobile,facebook,5,70,0.2,2026-05-04 22:09:18
d2a92762-ad6e-48cd-b4d6-7055281a79ed,f2643c70-233e-4f12-826e-9a4ee7932eb1,138397,view,102,Phone,Electronics,Rwanda,desktop,organic,2,800,0.2,2026-05-04 22:09:19
db929438-df10-43c1-b3bf-368a7c53610b,cbd3b0b1-a8c6-4996-82cb-6ccb72bce928,506338,view,101,Laptop,Electronics,Rwanda,desktop,organic,1,1200,0.09,2026-05-04 22:09:20
f89a848f-3e01-4b8f-8ed2-7af8a2383432,d56b62a6-f4be-4298-86b3-f0617fc38633,999322,purchase,103,Keyboard,Accessories,Rwanda,mobile,organic,3,70,0.09,2026-05-04 22:09:21
1699b48c-a42b-4a09-b8b6-eaf2d1392f02,80da4c10-d1ae-4c0e-801f-965da666fccf,978073,view,101,Laptop,Electronics,Kenya,desktop,organic,3,1200,0.01,2026-05-04 22:09:22
3b947e97-fc21-4814-bae5-603815c3b4e6,05266eba-048e-4cbd-ad4c-e15136dae9c6,674628,purchase,101,Laptop,Electronics,Ghana,desktop,organic,1,1200,0.13,2026-05-04 22:09:23
2ac3f512-5c95-4918-8eb2-9942bed9d5d6,c96df14a-8448-4835-9753-a8ee2fe0ba2c,137431,purchase,103,Keyboard,Accessories,Nigeria,mobile,organic,2,70,0.03,2026-05-04 22:09:24
e4231eb9-1af4-4c1e-8e70-11115320e148,b3813ee2-b8d9-4918-92ce-7d0a4def3ac6,298387,view,104,Mouse,Accessories,Ghana,desktop,facebook,2,40,0.09,2026-05-04 22:09:25
01e1ad04-fd0c-4e5f-853f-0fb2d9873665,68c8f022-efdb-4e27-b4a7-79c96b77d2f7,134,view,102,Phone,Electronics,Kenya,mobile,organic,2,800,0.0,2026-05-04 22:09:26
0ad13d99-e8d8-4c15-9ee3-317cea7afda7,1189f2bd-bd7c-4b2e-97fc-e7579d422a9f,804296,view,102,Phone,Electronics,Ghana,desktop,google,3,800,0.02,2026-05-04 22:09:27
a71b0434-1bf4-405e-8658-2ccf409dacd5,dae60107-d610-4fd9-8460-2e1ad955d429,985934,purchase,103,Keyboard,Accessories,Ghana,mobile,organic,2,70,0.08,2026-05-04 22:09:28
fecaed8a-ccfa-4a26-a868-b20a3b9f5446,30be044e-93f6-487a-a48e-9972ad1c7f1d,785,view,104,Mouse,Accessories,Kenya,desktop,organic,5,40,0.01,2026-05-04 22:09:29
bb329cbf-747a-4e42-94aa-ea9b0a79f4f5,febbc2a5-46ac-4fea-9d61-f08c919e8e9e,792786,view,103,Keyboard,Accessories,Ghana,desktop,facebook,2,70,0.11,2026-05-04 22:09:30
2e534f0b-7063-47ae-8ee6-b97f521c1221,87f19187-e65b-4630-97af-6aa18a99195a,691122,view,102,Phone,Electronics,Rwanda,desktop,google,1,800,0.02,2026-05-04 22:09:31
1fb76f04-0b48-482c-b44d-d3d0d82bba3b,1ba4e9cd-0bc2-432e-b552-1c7f7ee873e5,953,view,103,Keyboard,Accessories,Ghana,desktop,google,5,70,0.11,2026-05-04 22:09:32
12827189-df5b-47e9-9df0-12646e34bf7d,14c8efbb-0c90-47c6-83c8-b4e95dd9c338,601749,view,102,Phone,Electronics,Kenya,mobile,facebook,2,800,0.17,2026-05-04 22:09:33
3b965d5b-4d74-4711-8e80-c5b534b94fd9,29b66481-867f-4f1b-90d3-5b61ba1803fd,49,view,101,Laptop,Electronics,Nigeria,mobile,google,1,1200,0.07,2026-05-04 22:09:34
eccff29d-2383-4f7e-96eb-c1564956dcb5,9be752fb-9eb8-4ef7-89d0-db509b53493b,455695,purchase,101,Laptop,Electronics,Nigeria,mobile,google,1,1200,0.05,2026-05-04 22:09:35
06f794e3-f35c-48f8-9ae4-fa302a9377cf,29897df0-f884-43dc-8be7-a6beaf39072b,263008,view,104,Mouse,Accessories,Rwanda,mobile,google,5,40,0.14,2026-05-04 22:09:36
745bcf1f-8b99-4791-af9c-f60c863a2177,7a6a8543-e529-45f7-9c60-c1bce6af6a6e,648724,view,101,Laptop,Electronics,Kenya,mobile,organic,3,1200,0.19,2026-05-04 22:09:37
74120b89-b331-436d-8478-544dca479ab3,fc550da9-7fb1-49f1-a165-325539121062,439139,purchase,103,Keyboard,Accessories,Rwanda,mobile,organic,2,70,0.08,2026-05-04 22:09:38
ef6eb5cd-2852-4f8e-a97c-756c72441cba,a15d582d-fead-490b-b378-bb4e8047d15f,549642,purchase,104,Mouse,Accessories,Rwanda,desktop,organic,2,40,0.2,2026-05-04 22:09:39
bcb01a81-4da1-49d6-ae55-b7647f9ab218,851c18fc-d15f-4eb0-97c0-a2e6615fc770,606730,view,101,Laptop,Electronics,Nigeria,desktop,facebook,1,1200,0.2,2026-05-04 22:09:40
a4f4c908-40fc-424b-a4a6-a619ba88a1b8,43b9ad75-5607-4c15-89f3-8d526ef25f76,997064,purchase,101,Laptop,Electronics,Kenya,mobile,organic,3,1200,0.17,2026-05-04 22:09:41
186470ba-b5ac-4227-8ad6-14c353f389a2,bdd59f0b-a775-4517-86d3-ea3db0042ad8,998,view,101,Laptop,Electronics,Nigeria,mobile,facebook,2,1200,0.15,2026-05-04 22:09:42
446b0786-9b31-487a-9882-d80713a3984b,e9b97953-12c5-4876-98a6-f67c0befa5ba,426,purchase,103,Keyboard,Accessories,Ghana,desktop,facebook,5,70,0.08,2026-05-04 22:09:43
63177953-ec49-47f4-93dc-e612fc84bc4f,25dcdfe3-fc5d-469d-aff2-cfbf648a1c3b,305841,purchase,102,Phone,Electronics,Nigeria,mobile,facebook,4,800,0.04,2026-05-04 22:09:44
be6d2e36-a65e-40b8-a779-028364a9ae72,427fd0b2-dff0-467c-9829-d96f10692643,638837,view,103,Keyboard,Accessories,Rwanda,desktop,organic,4,70,0.04,2026-05-04 22:09:45
1c04c075-d45f-49be-bd79-0bc573398798,49b4e430-8eb0-4a19-90cc-5439e933fa91,851,purchase,103,Keyboard,Accessories,Rwanda,desktop,google,5,70,0.07,2026-05-04 22:09:46
727d0d6a-40ae-4632-b9c7-8075190ddd2b,b6aff769-1095-4c18-be4f-ae02d5163be1,899,purchase,101,Laptop,Electronics,Nigeria,desktop,organic,3,1200,0.11,2026-05-04 22:09:47
b25caeb9-8588-4fa7-ba1c-dec23ab6d403,16d655ff-b2b5-458d-bfb5-4faf44a79e73,438081,view,104,Mouse,Accessories,Nigeria,mobile,google,3,40,0.14,2026-05-04 22:09:48
5f94aace-dce8-44b7-b1e9-a998995cfcea,3b9f1aad-17c3-4fde-af52-e08daf80ec3a,73,view,104,Mouse,Accessories,Ghana,mobile,organic,1,40,0.17,2026-05-04 22:09:49
d8b206f6-307b-4c0b-902c-e2b72ba8703f,3e4a41a2-6ec1-4d48-a401-c2c32f6de8f1,754483,view,104,Mouse,Accessories,Nigeria,mobile,facebook,1,40,0.05,2026-05-04 22:09:50
89d305e7-b444-453f-8baa-a97ab67ff3e4,32b6c802-3229-4c86-80c0-d92f106d2980,113438,view,101,Laptop,Electronics,Ghana,mobile,organic,1,1200,0.05,2026-05-04 22:09:51
49cbe8e1-e822-4ce7-9155-4a15ecfe9610,1a2470e8-3055-4a85-a3ca-5db9825a6387,200751,purchase,102,Phone,Electronics,Ghana,desktop,organic,3,800,0.04,2026-05-04 22:09:52
27ecdd5a-570d-4d6c-b1cd-00d171e95672,49cd0131-8da5-4dba-b037-058727baa156,124,view,101,Laptop,Electronics,Kenya,mobile,google,3,1200,0.16,2026-05-04 22:09:53
71f8a8a7-eaec-4e2d-863a-0aaf24768638,db6e04b3-76c4-43bd-92df-38ec25d682a6,171637,view,102,Phone,Electronics,Nigeria,desktop,organic,4,800,0.09,2026-05-04 22:09:54
094260ef-1f7c-473f-b423-562c05f1bafd,ad81e0bd-22db-4f22-9cf2-19ec638277f6,641628,view,103,Keyboard,Accessories,Rwanda,desktop,google,4,70,0.09,2026-05-04 22:09:55
d172a7f2-c568-4939-af6d-b7eb66e1d88d,56fabf5c-a871-4be7-9063-902e9a8e2ac8,72,view,102,Phone,Electronics,Nigeria,mobile,organic,4,800,0.17,2026-05-04 22:09:56
d092600f-b58d-4811-8e4e-1ef8134bca0d,075ce4af-867e-4ca2-bc29-8e8502c254f2,461887,purchase,103,Keyboard,Accessories,Ghana,mobile,organic,1,70,0.18,2026-05-04 22:09:57
02e23564-012a-46f7-b13b-59a4850bc44d,edfb37b5-a393-4bc4-83e8-d33d5286e0fe,441990,view,104,Mouse,Accessories,Rwanda,mobile,google,1,40,0.19,2026-05-04 22:09:58
2f649007-fc8f-43f6-a0af-175579446c05,94ceb844-e065-4932-92f0-ce023975dd27,472,purchase,102,Phone,Electronics,Kenya,mobile,google,2,800,0.16,2026-05-04 22:09:59
a558881e-d61c-4d54-aff4-996b6407a830,ca2c44f2-9ab0-4aef-b556-44d6006af935,405759,view,101,Laptop,Electronics,Nigeria,desktop,facebook,2,1200,0.09,2026-05-04 22:10:00
3a9b9baf-a2e7-400b-8a65-1771abe223b1,763bd7b9-31bc-486f-ad86-301dc5a63101,796305,purchase,102,Phone,Electronics,Ghana,mobile,google,3,800,0.11,2026-05-04 22:10:01
b8caab8d-a10f-45b6-9a75-6a6cb65132ac,a55fe9f3-ad53-487a-9fc6-7efeb8d57c81,336,purchase,101,Laptop,Electronics,Nigeria,mobile,organic,3,1200,0.02,2026-05-04 22:10:02
89b3d9cc-7859-4249-9c53-abc1971b9111,e99c7960-ca54-4b92-b20f-21f69ff4956a,643975,view,102,Phone,Electronics,Nigeria,mobile,facebook,1,800,0.12,2026-05-04 22:10:03
fa68effa-ba86-43dc-96de-6beb4d708b60,416ed9a1-2cbb-4a8f-a4c8-805b1ee28314,353499,view,103,Keyboard,Accessories,Rwanda,desktop,google,2,70,0.02,2026-05-04 22:10:04
3c470c1f-25ea-4539-a2db-8b2499b33777,f516cdb8-acce-4608-be63-a1b692b30fdf,195,purchase,101,Laptop,Electronics,Rwanda,mobile,organic,3,1200,0.01,2026-05-04 22:10:05
4f99e96a-dbf4-47bc-82d9-76bc1c1ea332,7bc53b0c-12fb-44e2-8604-b383ea3c2caf,259079,view,104,Mouse,Accessories,Nigeria,desktop,facebook,4,40,0.14,2026-05-04 22:10:06
59a2b975-db11-4279-a5f4-1b25f318eb97,88e9a976-b2ac-4094-bf17-00d9e8da890b,547912,view,104,Mouse,Accessories,Rwanda,desktop,organic,4,40,0.09,2026-05-04 22:10:07
16eb298f-70a5-40df-9baa-29cd4108a807,f47d68e9-da34-41f4-b58b-a5cf1baafdd7,324,view,103,Keyboard,Accessories,Nigeria,desktop,google,2,70,0.06,2026-05-04 22:10:08
4e8a5366-ece2-49b7-809e-8f3fb43618a8,673a9b09-e97e-4f86-a161-8bd34a73d87d,698498,purchase,104,Mouse,Accessories,Ghana,mobile,facebook,4,40,0.13,2026-05-04 22:10:09
dd1212fc-a538-4841-823d-1cc9513c233e,77993020-d5f4-440c-8395-8ed923e3d27a,620183,purchase,102,Phone,Electronics,Kenya,mobile,google,5,800,0.11,2026-05-04 22:10:10
18fe1ecd-74ac-446c-b00d-f22f978c445e,646ecf65-d09f-4f83-94a3-dda31bc441b7,349553,purchase,101,Laptop,Electronics,Rwanda,mobile,organic,1,1200,0.03,2026-05-04 22:10:11
a20242b6-ae46-47ec-a2e6-cfcba75c3abf,4cee19a8-e3de-4971-9668-2b6456b6baf8,666715,view,104,Mouse,Accessories,Ghana,desktop,facebook,2,40,0.12,2026-05-04 22:10:12
7517907e-baa0-4ae3-918f-a63d05e969f3,65369764-f462-4431-9f9c-3d6f5a68097e,820991,purchase,103,Keyboard,Accessories,Nigeria,mobile,organic,3,70,0.08,2026-05-04 22:10:13
165ecc4b-afd1-42b5-84d9-3b860bd805f1,ad833b63-8a1c-451c-a017-8eff9c85002f,397082,view,103,Keyboard,Accessories,Ghana,mobile,google,1,70,0.09,2026-05-04 22:10:14
6a5839ff-7839-4468-b4d7-b66c396942cf,c9dcb2a4-606d-4670-9da7-c160c1b92e05,363,purchase,103,Keyboard,Accessories,Rwanda,desktop,google,5,70,0.09,2026-05-04 22:10:15
76d8c7a4-a382-4990-ab1a-980eae1cc076,100791e1-ccba-401d-b8d9-054e04bd1e79,317,view,102,Phone,Electronics,Nigeria,mobile,organic,3,800,0.13,2026-05-04 22:10:16
9be49106-882e-445b-8676-d78f00d1d3d7,46385360-5f28-48bf-bdc8-1cda6b546cb7,803748,purchase,102,Phone,Electronics,Kenya,desktop,facebook,1,800,0.03,2026-05-04 22:10:17
3a160dd0-d5ee-4bea-a450-648ab8a859ef,0fd90e1c-bd9e-4727-a190-3f3da70a2e7c,317,view,104,Mouse,Accessories,Ghana,mobile,google,4,40,0.18,2026-05-04 22:10:18
d40ba238-b321-4ad2-b763-f37cfab858ac,67444623-5311-4d5e-9314-baedb3629ee9,707,purchase,104,Mouse,Accessories,Rwanda,desktop,google,5,40,0.16,2026-05-04 22:10:19
f9c52ce5-212b-4fa5-9131-e98c86ad2372,84d18ad1-077a-4ae4-807f-f2d76d57a489,54660,view,101,Laptop,Electronics,Kenya,mobile,organic,1,1200,0.07,2026-05-04 22:10:20
bec84094-f5cf-49e2-9027-2bd44211f1bf,dc1a393f-9518-41c8-913b-67018d858443,694881,purchase,104,Mouse,Accessories,Kenya,desktop,organic,4,40,0.17,2026-05-04 22:10:21
7563cc8e-c8d6-4d1a-8fc7-cbcd0a048676,5caf386b-a87d-434d-a41e-e43cd3e0f103,423781,purchase,101,Laptop,Electronics,Ghana,desktop,google,4,1200,0.06,2026-05-04 22:10:22
6d1198f7-91a3-447f-a8eb-c72a02f25ab4,39c4baf3-10a8-4e3e-a113-4959b0ab5317,742,purchase,102,Phone,Electronics,Rwanda,mobile,google,5,800,0.15,2026-05-04 22:10:23
ed071d8d-8678-4a03-b3ea-5604725864ca,aa14d1fd-053d-4daf-82e3-78383f98cec3,757,purchase,102,Phone,Electronics,Rwanda,mobile,organic,1,800,0.08,2026-05-04 22:10:24
bf3b433e-59b0-4d3b-96af-69dd5a1bcefd,80220e02-e613-4057-87ce-a29df0c5544e,757726,view,104,Mouse,Accessories,Rwanda,desktop,facebook,3,40,0.01,2026-05-04 22:10:25
22708bd9-55cb-495b-a673-4ebcf7c5dd38,c55f2540-480b-44b3-bb5d-1928e9a23e4d,814,purchase,102,Phone,Electronics,Nigeria,desktop,google,5,800,0.1,2026-05-04 22:10:26
6feb0908-8e37-4ac4-be43-821c523f6f9b,c0a51c5f-8975-4cbd-a63a-9679039edefc,61148,purchase,102,Phone,Electronics,Ghana,desktop,organic,2,800,0.08,2026-05-04 22:10:27
1d5d5628-2f9b-4841-a0b6-25519f93ade1,dfcb3bb3-70f4-4831-af9f-6c093c2bbf92,906450,view,101,Laptop,Electronics,Rwanda,mobile,google,1,1200,0.01,2026-05-04 22:10:28
0121e56c-a4c0-42e6-9b70-68162270f676,361088a3-89e4-491c-a451-25e1686f85ee,552329,view,101,Laptop,Electronics,Rwanda,desktop,facebook,5,1200,0.19,2026-05-04 22:10:29
0888a954-b5de-4bc9-aed0-289dcbc6dde6,fc006710-33e7-4af3-bfee-3b0261ae9983,419,purchase,102,Phone,Electronics,Ghana,desktop,organic,3,800,0.11,2026-05-04 22:10:30
4e5d8582-7a93-453c-89ad-7ff230c11798,8e426022-14a8-4e80-b59e-4fde1f423d98,760336,view,102,Phone,Electronics,Nigeria,mobile,organic,2,800,0.14,2026-05-04 22:10:31
6e387c07-28c6-49ef-bf7f-20ee07befcd4,713f6a0c-34ff-4302-97b5-8303365e8262,984,purchase,101,Laptop,Electronics,Nigeria,desktop,google,1,1200,0.16,2026-05-04 22:10:32
b1dd8951-a126-4104-9c29-c9517dd75b31,b20229ba-0ba9-4b4a-a907-fc58615c4b6d,828229,view,101,Laptop,Electronics,Rwanda,mobile,facebook,4,1200,0.19,2026-05-04 22:10:33
8b7c592f-36be-4758-94da-b48b4955575d,d932ea8c-6eff-40e1-8fe4-92525af7cf6b,968278,purchase,104,Mouse,Accessories,Nigeria,mobile,organic,1,40,0.07,2026-05-04 22:10:34
21bee26b-6086-4d76-bb9e-c2408fcee251,a452ab3d-60c2-463c-a796-68b3e78bcd02,440,view,102,Phone,Electronics,Kenya,mobile,organic,4,800,0.14,2026-05-04 22:10:35
0b0e8927-c1e9-442f-86d7-3e46f0d3e127,ec57a11d-2c92-419e-bda6-8ac4a542c824,43395,purchase,103,Keyboard,Accessories,Kenya,desktop,organic,4,70,0.15,2026-05-04 22:10:36
55f50b7b-9a8e-4ff8-a55e-fa654f72cdc1,060a84e5-0307-4d78-9fe0-6bd96126e77b,631,view,104,Mouse,Accessories,Ghana,mobile,organic,5,40,0.06,2026-05-04 22:10:37
813b2c3c-67f9-4a1e-ae68-d048142d0af2,a6c8d06e-204a-4dc8-bc15-335011494f21,349444,view,101,Laptop,Electronics,Ghana,mobile,organic,3,1200,0.06,2026-05-04 22:10:38
83afdd77-2fc1-466b-a902-0dbfea67d903,21c446d8-cfee-4df7-9ebb-61bb9ccd60b9,753294,purchase,104,Mouse,Accessories,Nigeria,desktop,organic,5,40,0.11,2026-05-04 22:10:39
230df1c9-8442-477b-94c5-729d4e2d8caf,70820e3e-2bbc-4f4a-923a-b581e40d01dc,771,view,103,Keyboard,Accessories,Ghana,desktop,google,5,70,0.19,2026-05-04 22:10:40
26afda53-c270-4eb6-bccb-103a71208db6,c23eca5b-a9e5-4932-9328-3bce2b5bc509,90108,view,103,Keyboard,Accessories,Kenya,desktop,google,1,70,0.11,2026-05-04 22:10:41
783d34e2-330a-40f3-9b37-15ba6a166cfa,6582f1e7-53cc-48e7-ae19-badd3b968e48,708,purchase,103,Keyboard,Accessories,Ghana,mobile,facebook,3,70,0.18,2026-05-04 22:10:42
70318907-a736-4656-8304-72cb92916f11,a8f3b555-b1d8-469e-afa3-ced0aa06d944,980158,view,101,Laptop,Electronics,Rwanda,mobile,facebook,4,1200,0.13,2026-05-04 22:10:43
9c552071-fd03-442d-b8c6-4dd4b20885fc,d6242503-4f8a-48f8-9644-0700427ee56e,274905,purchase,102,Phone,Electronics,Rwanda,desktop,organic,2,800,0.05,2026-05-04 22:10:44
e29bbc62-13eb-4285-b2b6-ac4fdf19bedc,9b4cb248-d07d-4d4f-8584-09493f80b8a6,759773,view,102,Phone,Electronics,Nigeria,desktop,organic,1,800,0.14,2026-05-04 22:10:45
aaa0641a-a24b-4005-b515-c4e85a659a94,02e0775f-7d90-4a6e-aee9-6d45fd2a0dd5,902095,view,102,Phone,Electronics,Rwanda,mobile,google,4,800,0.1,2026-05-04 22:10:46
326a5435-cf97-4e5a-a16d-0897ee8a64f3,b53e5c8b-44ce-4a79-aa09-3b1bd80f5186,169,view,103,Keyboard,Accessories,Rwanda,desktop,google,5,70,0.16,2026-05-04 22:10:47
e77ba772-c6be-4eed-ae3e-03f22648716b,6bb75aab-7e72-434d-8a6f-1a14818c6b49,628,view,101,Laptop,Electronics,Kenya,mobile,facebook,2,1200,0.17,2026-05-04 22:10:48
776a1c1f-3a92-4787-ba1b-90aedd485430,a62664f3-2a4c-4148-9186-dbea74bd189e,83519,view,103,Keyboard,Accessories,Ghana,desktop,facebook,3,70,0.02,2026-05-04 22:10:49
0ba850bb-2aec-4dff-a454-b02df547b9bf,4b796c14-781d-440a-bad2-24f4a4b69144,97813,purchase,104,Mouse,Accessories,Kenya,mobile,google,2,40,0.14,2026-05-04 22:10:50
dbf84218-56f1-4d61-883d-0682617d6ea1,2482caa6-7967-48ee-b92c-49e47273af41,729,purchase,101,Laptop,Electronics,Kenya,desktop,facebook,3,1200,0.11,2026-05-04 22:10:51
4d020161-7c7d-4a8b-988c-0a58cee9d1a4,ff2e74d7-3a7f-4625-b943-f6c6069b5cfb,774494,purchase,103,Keyboard,Accessories,Kenya,mobile,facebook,4,70,0.13,2026-05-04 22:10:52
21493e1e-532f-47ad-959e-2a813a17b573,1146aa5b-c38f-43db-a6e2-42037b747739,674,view,103,Keyboard,Accessories,Kenya,mobile,google,5,70,0.02,2026-05-04 22:10:53
8fed9949-452b-4526-87cc-c3f711a6d903,b113345d-2647-40d4-b001-e6def279b85d,152633,purchase,104,Mouse,Accessories,Nigeria,mobile,organic,5,40,0.02,2026-05-04 22:10:54
c8d9b180-3ada-43e5-970d-f140fd56cbd6,7c5f1d9d-7858-4548-8a03-4d9e8c7accc0,42,view,103,Keyboard,Accessories,Nigeria,desktop,organic,3,70,0.03,2026-05-04 22:10:55
bc4676ce-6d05-4d31-8140-7469e84af38c,9359bc9b-ed4a-4e73-b3d1-a454270f98b9,67998,view,104,Mouse,Accessories,Nigeria,desktop,organic,3,40,0.2,2026-05-04 22:10:56
fa35bc09-b89b-40ec-9919-3c0729f8fb80,217dbcd5-eb44-4e01-aa09-d74dc6d048b6,699678,purchase,101,Laptop,Electronics,Kenya,desktop,facebook,3,1200,0.06,2026-05-04 22:10:57
e71585c8-1561-43e9-b36b-6f603975f090,a21b7f2a-c9ff-4c5d-8da2-c96561cae819,220,view,102,Phone,Electronics,Ghana,desktop,organic,5,800,0.09,2026-05-04 22:10:58
9a502fd9-6357-4d9f-a23b-57f73f84c5c9,4e5cb2f0-af50-4285-b51f-bf15b7b7ce63,654337,purchase,102,Phone,Electronics,Rwanda,desktop,google,4,800,0.17,2026-05-04 22:10:59
c190da73-e597-4c0f-93c2-0cb53bafa7a0,10d29819-1c20-4077-96a1-7ddae2848a14,965347,purchase,104,Mouse,Accessories,Kenya,mobile,facebook,3,40,0.16,2026-05-04 22:11:00
8b98c542-d4b7-4d20-ac10-8fe28e17f3b8,b17f6752-889b-4e97-b217-ca6b1d406928,3515,view,101,Laptop,Electronics,Nigeria,desktop,google,4,1200,0.03,2026-05-04 22:11:01
a01bde8b-d2fb-4186-9279-e78487677abb,cf87659b-8e9f-461d-9d5d-3cac8fcbd0ae,789947,view,101,Laptop,Electronics,Kenya,desktop,google,5,1200,0.02,2026-05-04 22:11:02
92ee4075-1cb2-4733-a884-31619ad892ba,0fefba79-c028-4358-a14e-d5c44ca1497d,107,purchase,103,Keyboard,Accessories,Kenya,desktop,google,2,70,0.01,2026-05-04 22:11:03
8bd70ac8-d36d-4848-9d7f-6f478ad92024,68619b91-c566-419a-8509-a9c4567eefa0,507152,purchase,103,Keyboard,Accessories,Kenya,mobile,organic,4,70,0.03,2026-05-04 22:11:04
f742cd9f-46db-4b4d-b4ee-bd8471e66fd6,fdb68488-0660-427f-89e3-aa7d476a9b29,667268,view,103,Keyboard,Accessories,Ghana,mobile,google,1,70,0.1,2026-05-04 22:11:05
e30f715e-f1da-44cf-ae7f-6d4d4b58dadc,ccf81853-7a1f-4f19-b22e-06b202ea53c9,206,view,101,Laptop,Electronics,Nigeria,mobile,organic,2,1200,0.02,2026-05-04 22:11:06
68743ba3-e478-4697-9d88-4f77e2b9a68a,34b1b7c5-16a0-4291-b6eb-1cb60c92e87e,988164,view,103,Keyboard,Accessories,Kenya,mobile,facebook,3,70,0.16,2026-05-04 22:11:07
4f7ce0a7-26fe-4eb2-935e-6f91803fc50d,cc430d7b-bbbe-4cfd-a80e-fb1419083186,796708,view,102,Phone,Electronics,Ghana,mobile,google,1,800,0.15,2026-05-04 22:11:08
d07877ed-e418-4958-b6ed-1589a6799959,5a403351-3925-4626-9a65-81b5ae5bd898,9429,view,101,Laptop,Electronics,Rwanda,desktop,google,3,1200,0.05,2026-05-04 22:11:09
4fb7205a-3d05-4c1c-9025-45f5bd90bf40,017025f5-9ab8-4a7a-ae1c-48fe491a6354,618796,view,101,Laptop,Electronics,Ghana,desktop,organic,3,1200,0.04,2026-05-04 22:11:10
dbda051f-dff3-4822-8f8e-5729aa12d847,b0192458-d708-4ca1-813d-f934a6edbff4,936,purchase,104,Mouse,Accessories,Nigeria,desktop,google,4,40,0.13,2026-05-04 22:11:11
4a25aade-e99c-4e6b-89fb-cf5da324a821,2f846390-59fd-4566-835a-6dbdb6e839fb,905,purchase,101,Laptop,Electronics,Kenya,mobile,organic,2,1200,0.19,2026-05-04 22:11:12
2b9024bc-75e7-4425-8f04-b8ab2d59101c,2cdd31ab-e4d3-4817-a013-00b1e9ee7cb8,829689,purchase,101,Laptop,Electronics,Nigeria,mobile,google,3,1200,0.08,2026-05-04 22:11:13
9ef89546-922c-4047-9b24-ee210e1cc9b7,a850ea24-7a90-48ae-af88-b201dd5ecc28,783,purchase,101,Laptop,Electronics,Kenya,mobile,facebook,4,1200,0.19,2026-05-04 22:11:14
9fa49750-85f6-4106-8832-d93f8a8bcf61,9ff40676-a96f-4901-89a8-11428830a3c7,818764,view,102,Phone,Electronics,Ghana,desktop,facebook,5,800,0.01,2026-05-04 22:11:15
e171da03-95f2-4b56-93de-d1a36fe31d5d,c6ac83e2-df6c-4fd2-abef-24290f04ded6,576,view,102,Phone,Electronics,Ghana,desktop,google,1,800,0.15,2026-05-04 22:11:16
11110752-afcd-4693-ac2d-89b92f600c21,139d60c7-3b65-492e-acc0-4a467fbb2450,550,view,104,Mouse,Accessories,Kenya,desktop,google,2,40,0.06,2026-05-04 22:11:17
250e4db3-3d3d-47d8-ab93-04df4f21a088,734a0516-802d-406f-b4fe-649ae00ded3a,460,view,101,Laptop,Electronics,Kenya,desktop,organic,4,1200,0.09,2026-05-04 22:11:18
c9265c83-0d1b-4201-9527-3ad47dd0cfc0,1b557694-730a-40ff-8707-d31c8feea281,116,view,102,Phone,Electronics,Ghana,mobile,google,1,800,0.13,2026-05-04 22:11:19
41ae762f-21b5-41bd-b9e0-963ca028e59d,1fdb9500-0e24-48fa-ada2-4ba2a43b957b,665053,purchase,101,Laptop,Electronics,Nigeria,mobile,google,1,1200,0.12,2026-05-04 22:11:20
863f13bb-1275-4a51-a093-6638dae50505,cbeb1a00-5851-4552-bee9-64d6cc0edf1f,904,view,103,Keyboard,Accessories,Ghana,desktop,facebook,3,70,0.09,2026-05-04 22:11:21
5d4ea16f-3cd5-44c6-a36b-301ca81a6393,e1e385bf-ee0b-4c04-abf6-c6019b0d0d7a,879483,view,103,Keyboard,Accessories,Nigeria,mobile,organic,1,70,0.03,2026-05-04 22:11:22
91d1398e-2166-450e-81e7-7a94c9b04dfb,f35f791a-f4cf-4bbb-a7dc-13b034d73f21,324730,view,102,Phone,Electronics,Kenya,desktop,organic,1,800,0.2,2026-05-04 22:11:23
da54fc1b-1398-4a2a-a8ba-5190f0a01dfa,9a307d57-db1e-45ef-8d6a-6d4da3221d70,766,view,104,Mouse,Accessories,Ghana,mobile,google,4,40,0.14,2026-05-04 22:11:24
2028cd2a-1537-4fce-93cf-36ccedb053a9,676f0dbb-0462-473a-ba8a-4bb7df8a0a64,939114,purchase,103,Keyboard,Accessories,Rwanda,mobile,google,3,70,0.12,2026-05-04 22:11:25
cc07dd12-8f08-495b-8569-16716807a19d,86788267-a446-4267-b2c0-30b4e9b24989,113636,purchase,102,Phone,Electronics,Ghana,mobile,facebook,4,800,0.09,2026-05-04 22:11:26
41272751-f168-4fdd-9ee8-d45638d42afd,c4a26017-7704-442f-8ddb-b5d9835c23e2,577,view,102,Phone,Electronics,Kenya,desktop,facebook,2,800,0.1,2026-05-04 22:11:27
c3038103-e3fe-420d-b432-3053a0d5f88d,877feef4-0d2f-4e3f-ba71-f70ecbb81dfc,350724,purchase,104,Mouse,Accessories,Rwanda,mobile,facebook,3,40,0.19,2026-05-04 22:11:28
9433525b-2ecc-422e-8c05-711d2f0b60ef,0e79e91b-8bcd-46a1-9053-30cbd20cb9a9,92,purchase,101,Laptop,Electronics,Nigeria,mobile,google,5,1200,0.17,2026-05-04 22:11:29
8a8b5b2a-873e-4710-ae88-31245a0f321d,d7057299-068a-46a6-9add-0acca5ad15c7,967650,view,102,Phone,Electronics,Ghana,mobile,organic,4,800,0.0,2026-05-04 22:11:30
a2403f27-d0fa-4819-ac00-c916f37feb8b,bb1c16d1-a3cf-4369-a8ae-3ba9b2703a98,422,purchase,102,Phone,Electronics,Kenya,mobile,google,4,800,0.02,2026-05-04 22:11:31
ecd2eba1-07d8-4cd3-885d-10ec7a839f26,1ff55ec8-a151-4de1-ba17-e51beb3f6863,548,purchase,103,Keyboard,Accessories,Kenya,desktop,facebook,3,70,0.06,2026-05-04 22:11:32
db60f282-a855-4268-868e-389a5c4bd331,08ed7439-247f-48b0-8b38-ca893a0a9030,950072,view,101,Laptop,Electronics,Rwanda,mobile,google,5,1200,0.18,2026-05-04 22:11:33
9dd6e01d-05ac-4307-bd2d-9814f36128f0,8045171a-2c03-4524-95fc-edd6e61daee9,236,purchase,102,Phone,Electronics,Ghana,desktop,facebook,1,800,0.01,2026-05-04 22:11:34
2cdc63eb-ddd8-4f6d-bd84-e1d74276b064,34f78cc5-fc96-4325-b6eb-90c94a5c3356,798,purchase,101,Laptop,Electronics,Nigeria,desktop,google,1,1200,0.18,2026-05-04 22:11:35
1ad858a2-78b0-4566-a8e9-5e0b603bbf04,3e0c0bc6-9e7d-4fdb-9e34-59e9b615c466,835,purchase,101,Laptop,Electronics,Ghana,mobile,facebook,1,1200,0.15,2026-05-04 22:11:36
a174edc2-83a2-499e-bb72-534318abc426,71217a6a-232b-4d09-b1c6-b46262dabad9,905371,purchase,102,Phone,Electronics,Ghana,desktop,organic,3,800,0.07,2026-05-04 22:11:37
d433da8f-e797-406e-9e59-5dce19ff3fb3,6fe123fe-eedc-44b2-944e-3f538c92bbbc,804511,view,104,Mouse,Accessories,Rwanda,desktop,facebook,3,40,0.15,2026-05-04 22:11:38
07b0683e-b747-466b-8754-de40cd3f4fd1,7eaad65e-b341-4465-a889-93726c4562f5,135717,purchase,101,Laptop,Electronics,Kenya,desktop,organic,5,1200,0.1,2026-05-04 22:11:39
491779d9-f26d-49ae-a03f-32726561313d,f10b0507-fc67-45a7-93dc-88d26012df7a,145222,purchase,103,Keyboard,Accessories,Kenya,desktop,google,2,70,0.08,2026-05-04 22:11:40
8983ebf4-2d48-4e3a-bb56-f54e7699d245,92dd4b5a-b822-4a91-9e13-4b9b78978dc8,284,purchase,101,Laptop,Electronics,Ghana,desktop,facebook,2,1200,0.15,2026-05-04 22:11:41
db662072-7078-41ad-91f0-fdd17d9eca64,acb500af-c25b-469b-8488-0b9ebf688e3b,892,purchase,102,Phone,Electronics,Ghana,mobile,organic,3,800,0.03,2026-05-04 22:11:42
8d39923b-346b-4752-b11f-aa26a69ff6b6,dd5d83f1-29e8-480f-bfae-faf0c5a30725,471608,purchase,102,Phone,Electronics,Kenya,desktop,facebook,4,800,0.03,2026-05-04 22:11:43
2334f073-f2f5-4dd4-a78f-c9a44e962e54,661be952-500b-4996-b16b-c568dc82d102,654928,purchase,102,Phone,Electronics,Nigeria,mobile,google,4,800,0.05,2026-05-04 22:11:44
b9416264-f9a5-49d9-bfe5-cb1440c2646d,f5c9e28e-8f93-4e00-8dca-dc2bfc606ad8,43107,view,102,Phone,Electronics,Ghana,desktop,google,4,800,0.03,2026-05-04 22:11:45
30379648-b176-4d02-8271-77780983d5e1,1fe0407d-6be6-4d20-a1d9-7eaec02a390f,894,view,102,Phone,Electronics,Nigeria,desktop,organic,1,800,0.06,2026-05-04 22:11:46
e1687a54-4de3-412e-979d-60a1fdb38c65,3e7549e5-8ec0-4360-894d-faaf8220a42f,570,view,102,Phone,Electronics,Rwanda,desktop,google,3,800,0.15,2026-05-04 22:11:47
d2f81494-02e1-4d8b-af10-b9264d779054,62f69455-9427-4e0c-8a21-2d94722c4fba,967940,view,103,Keyboard,Accessories,Nigeria,mobile,google,5,70,0.08,2026-05-04 22:11:48
87ce1f6b-abc0-464c-87d3-234bbcdd6038,3637f3cc-f5fa-4213-b063-cf8152e86fba,464400,purchase,101,Laptop,Electronics,Rwanda,mobile,facebook,4,1200,0.15,2026-05-04 22:11:49
ddb26443-97cf-4e8d-b4d7-f21ced5f5eaa,92e0696a-ca8e-4a37-8faa-370eee7f04e7,767622,purchase,102,Phone,Electronics,Kenya,mobile,facebook,3,800,0.06,2026-05-04 22:11:50
23ddc734-7af3-4d21-9b0b-34a2138433f0,0efa0667-2d14-48a2-93a0-9d6f735f5c3f,605841,purchase,102,Phone,Electronics,Nigeria,desktop,google,5,800,0.05,2026-05-04 22:11:51
9b8b4b12-fc58-4e6a-91f0-37061cabe5ba,d10509a8-f947-4abf-9300-7223b59f8385,896641,purchase,104,Mouse,Accessories,Nigeria,mobile,facebook,5,40,0.13,2026-05-04 22:11:52
e66a4666-6ec3-4120-ba37-9f87eae1fe75,38926ca2-e5b1-4518-b3fd-c87afbd169e0,239138,view,102,Phone,Electronics,Ghana,mobile,organic,4,800,0.09,2026-05-04 22:11:53
a08c6b4c-de7b-4f0c-b48b-ac6af10fb26f,303be0ec-298e-4974-85bf-e22b07332571,777956,view,102,Phone,Electronics,Ghana,mobile,facebook,5,800,0.11,2026-05-04 22:11:54
cc26f191-fec1-42ca-9acf-05a8bb0cd297,88fb2ffe-d44c-4c31-bff2-f3aece852354,24008,view,101,Laptop,Electronics,Kenya,desktop,google,2,1200,0.15,2026-05-04 22:11:55
3da8d3e2-3166-4296-a6c8-91acd7367f42,84479b4e-58f7-4b59-8c17-279aee2f9dbe,137663,purchase,102,Phone,Electronics,Nigeria,mobile,google,5,800,0.09,2026-05-04 22:11:56
930d8cab-e92f-4eae-b489-925b5f159068,e9a6e498-57eb-4db9-8e80-1c3b214a094d,365773,view,102,Phone,Electronics,Ghana,desktop,organic,3,800,0.14,2026-05-04 22:11:57
41f96806-5c1a-44cf-8224-7f2ec818fc0f,98f7faa7-b707-48c6-b1d9-d93b38f3c8b4,361,purchase,103,Keyboard,Accessories,Nigeria,desktop,facebook,4,70,0.08,2026-05-04 22:11:58
de0552fa-5249-437f-b9f8-e6ef3c32ccf3,6b29df78-01d0-4fa9-b258-29d43208455f,247,view,104,Mouse,Accessories,Nigeria,desktop,facebook,5,40,0.18,2026-05-04 22:11:59
b1c9e4e2-a8b6-4b44-adec-4ab978771ead,3ddf6008-2d57-4b0a-ae29-75a5ecba68f1,406641,view,104,Mouse,Accessories,Nigeria,mobile,google,4,40,0.19,2026-05-04 22:12:00
aed9c737-3e02-49b9-af8b-981303cdfae8,fbf67c39-0934-44aa-8e3c-43cf0ee3bc1d,803212,view,101,Laptop,Electronics,Nigeria,mobile,organic,2,1200,0.07,2026-05-04 22:12:01
9d5dc08e-8751-482d-b46d-9042fc7542a1,9760e7f2-9a23-4c6c-b018-2a2e25bc5671,643338,purchase,104,Mouse,Accessories,Nigeria,desktop,organic,1,40,0.17,2026-05-04 22:12:02
fbd7942f-5106-4561-b00b-c4d965e87c6b,48ca01fc-dda9-4472-9bf8-364da4d316df,82221,purchase,102,Phone,Electronics,Kenya,mobile,facebook,4,800,0.15,2026-05-04 22:12:03
414babd7-24c1-4311-a47c-34941fedfa57,3edebdbc-154e-4c3d-b928-5f051a77295a,551,purchase,104,Mouse,Accessories,Rwanda,desktop,organic,5,40,0.14,2026-05-04 22:12:04
db1d0649-f5c2-4ca2-b8ee-802984b3ce2e,e5c0bb23-64d5-4001-922f-b8d8595ab745,89776,view,104,Mouse,Accessories,Ghana,mobile,organic,4,40,0.12,2026-05-04 22:12:05
d6f4b42d-be90-4a99-8c19-34adc74eb8be,7cf13bdc-7c31-412c-9328-df69388df1fc,201,purchase,103,Keyboard,Accessories,Ghana,desktop,organic,2,70,0.12,2026-05-04 22:12:06
4045a217-4062-4cf5-827f-8bcb5f7627c0,9c3fa51c-13ea-425c-8b27-585eb0d201ed,205,purchase,102,Phone,Electronics,Kenya,desktop,google,4,800,0.0,2026-05-04 22:12:07
f28070b1-1fed-462e-b9b9-99302385992d,40c951b3-8256-41a5-8370-29af8edc34ea,747,view,104,Mouse,Accessories,Ghana,mobile,facebook,1,40,0.07,2026-05-04 22:12:08
14b29328-4e96-4913-9510-4ed485e31e5b,ac01992b-0594-4dfb-b4b9-cb94cbb98362,597878,purchase,101,Laptop,Electronics,Rwanda,desktop,facebook,2,1200,0.1,2026-05-04 22:12:09
44541ff8-ca53-4960-ab29-8999f3034222,10b405b7-aff9-4892-9c2e-172c0c01ce2f,456576,view,104,Mouse,Accessories,Nigeria,desktop,organic,5,40,0.06,2026-05-04 22:12:10
5399534c-5787-410c-8e25-ddb7f6bc5960,4a1dc7b6-dc70-41ec-b328-8b1eda98d9da,853834,view,102,Phone,Electronics,Kenya,desktop,google,3,800,0.07,2026-05-04 22:12:11
c37d0ac6-e862-4a2e-9aec-fff8e7e671a9,036e4931-bf23-4f3a-a3fa-493cf5c82dda,374256,view,104,Mouse,Accessories,Ghana,desktop,facebook,3,40,0.18,2026-05-04 22:12:12
08a7a152-e02a-4485-9c1f-85b3d5bd3edc,46159043-4196-4d94-bdce-48ec14a4de82,862203,view,102,Phone,Electronics,Ghana,desktop,facebook,5,800,0.08,2026-05-04 22:12:13
36e04e04-921d-4254-bc1d-dddb0266f99c,619b141c-db37-44a7-af73-8053cc1c45fa,613231,purchase,102,Phone,Electronics,Nigeria,mobile,facebook,3,800,0.14,2026-05-04 22:12:14
7189d36a-8d7c-41d1-b941-ae6cca47c129,cd8159e1-398e-46a8-b155-c06bf2551bbd,985,purchase,103,Keyboard,Accessories,Kenya,desktop,google,1,70,0.03,2026-05-04 22:12:15
fa7afd62-82cc-498d-a8fb-88bf0d143ee4,4043fb7c-1ac3-4105-bad4-3c17b562ebfc,149,purchase,103,Keyboard,Accessories,Rwanda,mobile,facebook,4,70,0.19,2026-05-04 22:12:16
b1582657-ed52-4713-a3db-a49f81b2c48c,6cc5c454-9191-438f-afd1-9ae992b0cbba,720601,view,102,Phone,Electronics,Kenya,desktop,facebook,4,800,0.2,2026-05-04 22:12:17
c7180021-8d90-4dee-a1d9-dd2e30863793,c1461f3e-bfff-4ecf-9005-dc49784e8cca,193374,view,103,Keyboard,Accessories,Nigeria,mobile,facebook,3,70,0.12,2026-05-04 22:12:18
993a3a63-c5b2-4325-b376-090ff16cb605,1836b3d4-e27e-46d3-99af-c2a7105611cb,997440,view,102,Phone,Electronics,Rwanda,desktop,google,1,800,0.16,2026-05-04 22:12:19
426c8bec-976e-4a04-8d7a-5b6c857ff89c,9b45067c-229c-42ea-bd74-cd35f238fec9,112241,view,104,Mouse,Accessories,Kenya,desktop,google,5,40,0.16,2026-05-04 22:12:20
55b649ca-ce93-4daa-9e64-13f15fd7d9ff,7ec9ed6f-73d8-4a02-ae9b-a41f14479f10,155754,purchase,102,Phone,Electronics,Nigeria,mobile,facebook,4,800,0.17,2026-05-04 22:12:21
e94831e8-5e71-490d-8649-476f16dc593e,b9a6af8a-4b2b-4468-89bf-d715ed547fde,326319,view,102,Phone,Electronics,Ghana,desktop,facebook,1,800,0.01,2026-05-04 22:12:22
93778130-cc7b-461b-8625-f323e1924bf6,295b7e26-3ce9-4c59-bd37-cf4d7d1a1c56,668529,purchase,101,Laptop,Electronics,Ghana,mobile,facebook,4,1200,0.16,2026-05-04 22:12:23
be8f3055-e65c-4090-ac0f-c23d57214673,a2cf9ddd-1158-4161-9e3b-5947b849bf50,355971,purchase,104,Mouse,Accessories,Ghana,desktop,google,3,40,0.02,2026-05-04 22:12:24
513d6786-1808-4102-98d9-7cd671d401a0,5ea5a4b7-67c0-41e5-a5ec-d70b0ae2990e,236320,view,104,Mouse,Accessories,Kenya,mobile,google,4,40,0.06,2026-05-04 22:12:25
0e3a722c-d0bb-4a2a-bc2d-6d8eedfc50c7,9119fe24-cd95-49a1-9639-ebce1b518171,910732,purchase,103,Keyboard,Accessories,Nigeria,mobile,organic,5,70,0.02,2026-05-04 22:12:26
3879a0af-7028-48e0-8e4e-6b3bf2e9696e,ace923f5-6992-48f6-8fa8-c1f0707cbb51,480306,purchase,104,Mouse,Accessories,Kenya,mobile,google,4,40,0.18,2026-05-04 22:12:27
a22e5432-b717-4c6c-8bd0-7c8eacf036c9,bb6b14a4-e4c6-4e7c-a6e5-23ba7279c5e9,736,view,102,Phone,Electronics,Nigeria,mobile,organic,5,800,0.12,2026-05-04 22:12:28
c8ca32ce-c90d-49c1-80d6-4f4cb591a4e7,3bfe1c67-840d-4964-befc-2df7b47b1692,729878,purchase,104,Mouse,Accessories,Rwanda,mobile,facebook,1,40,0.15,2026-05-04 22:12:29
fb19791a-da93-4d8b-bffb-ba1ff7bc3eb7,0b5280ef-5e91-4805-8d83-c7556b950c80,895081,view,102,Phone,Electronics,Rwanda,mobile,facebook,3,800,0.06,2026-05-04 22:12:30
b478aee7-7e31-4bc3-8567-b213e46fef4f,8b7ca165-9811-41d9-8d87-ba10ad3ab7c6,587950,purchase,101,Laptop,Electronics,Ghana,desktop,google,1,1200,0.04,2026-05-04 22:12:31
ee321316-c2aa-4618-be39-72b91160489f,427f4c30-efc0-4924-82f1-e1183a65e26a,870810,view,104,Mouse,Accessories,Nigeria,desktop,organic,4,40,0.07,2026-05-04 22:12:32
bde3d05f-eb08-4cd5-8349-b54120df7021,d295caed-c610-4446-ab06-4b771f32d84a,44395,purchase,101,Laptop,Electronics,Nigeria,desktop,facebook,3,1200,0.16,2026-05-04 22:12:33
34a38f0e-121d-423b-baee-401aa0e26688,fc8e4a09-8b0d-4f7e-b8ab-8a1a09875b6a,352,purchase,104,Mouse,Accessories,Ghana,desktop,organic,5,40,0.16,2026-05-04 22:12:34
985ce655-d234-4466-9bf5-d66d8efdc88c,7162b821-1493-4d32-9212-c31be4dd2211,189,purchase,104,Mouse,Accessories,Rwanda,mobile,google,5,40,0.15,2026-05-04 22:12:35
1930c415-3b83-47c2-a5ac-d30ffc30d646,62394a89-dc01-43ba-96d2-ed53fd7ded93,144,view,101,Laptop,Electronics,Kenya,desktop,organic,3,1200,0.06,2026-05-04 22:12:36
466fe7cc-65b0-4f08-909d-113d24d33780,046d46d5-9e18-49e2-bfa4-56011206833f,20424,purchase,101,Laptop,Electronics,Kenya,desktop,google,2,1200,0.11,2026-05-04 22:12:37
24a194b0-1f4f-47da-ad78-ff28b36ab742,0b463b20-c76c-4bcd-b327-8644c68f475c,624,purchase,102,Phone,Electronics,Kenya,desktop,google,5,800,0.15,2026-05-04 22:12:38
f793ff6c-9e26-4209-8357-9896e46f6e7b,15bd5ed0-8a0d-489d-b159-3dd15b4a2c5a,307032,purchase,102,Phone,Electronics,Rwanda,desktop,google,4,800,0.17,2026-05-04 22:12:39
ebd97e73-0680-47c6-ba64-215055f9fa00,42f0af56-5047-412b-8d11-8c78460f5ef7,324718,purchase,102,Phone,Electronics,Nigeria,mobile,organic,4,800,0.07,2026-05-04 22:12:40
2cc449c1-5b67-4807-afd8-cd269cbaeada,a01f428c-b126-49dd-80c5-affac33d43d1,7,view,101,Laptop,Electronics,Ghana,mobile,google,1,1200,0.06,2026-05-04 22:12:41
12dc5e27-c4eb-4172-8451-82830174079d,8160a6ce-6d19-449e-8b02-ed872bf817a0,488719,purchase,103,Keyboard,Accessories,Nigeria,desktop,facebook,3,70,0.15,2026-05-04 22:12:42
dc79bbe5-c5bf-4785-b3f9-9e5c18491142,fbc1a116-6721-41b9-a51a-bd10881608ba,218260,view,102,Phone,Electronics,Nigeria,desktop,google,4,800,0.07,2026-05-04 22:12:43
197c5b4c-f564-4411-8683-152e8cb90c45,2930ee8c-a0dd-433e-b430-fc094490b4a7,681720,view,101,Laptop,Electronics,Rwanda,mobile,facebook,4,1200,0.04,2026-05-04 22:12:44
b709a5f8-085c-46f7-bca1-f5d728a1207c,90d60f7f-5e53-4d83-bbb3-47dcdc60bcaf,623928,purchase,104,Mouse,Accessories,Rwanda,mobile,google,2,40,0.12,2026-05-04 22:12:45
c68b8c50-3f8c-48a7-9407-fe5a3b17ccb7,d3407adf-dbda-4d0d-9b17-86bcd5389516,287,view,102,Phone,Electronics,Nigeria,desktop,organic,2,800,0.11,2026-05-04 22:12:46
439f41e5-8505-450c-97ae-bd55e01a5440,db3b4196-851d-4968-b39f-fd4eea255dbd,747,purchase,101,Laptop,Electronics,Kenya,mobile,organic,2,1200,0.17,2026-05-04 22:12:47
8c9a4db3-35d9-446b-b524-a5aa9398ece9,5ea5be0d-57f2-4927-ac92-fe79c7dd1e71,818271,purchase,104,Mouse,Accessories,Kenya,mobile,google,4,40,0.13,2026-05-04 22:12:48
6a790bdf-9297-475a-bf95-4732790188a3,6740f7db-fce0-4f5d-8015-0a0f4d5cba37,354649,view,104,Mouse,Accessories,Nigeria,desktop,facebook,1,40,0.07,2026-05-04 22:12:49
5f7d1e49-a2aa-4234-a5a0-8d07904ecb5e,c399bebc-7a2a-41a3-8273-1cde3c8df991,62,view,103,Keyboard,Accessories,Ghana,desktop,google,2,70,0.07,2026-05-04 22:12:50
69410a1b-25fd-4b78-a0b1-12b9cd6ebefd,eb356e80-e4c6-4214-9a22-97d318daa17f,753,view,104,Mouse,Accessories,Rwanda,mobile,google,5,40,0.01,2026-05-04 22:12:51
8a4ee31f-b39f-466a-a406-4a54f34b97f4,236900ed-40fd-448c-8141-420c51e3a952,709625,view,104,Mouse,Accessories,Ghana,mobile,organic,2,40,0.03,2026-05-04 22:12:52
4d4d9b6f-df11-468d-8f45-cb624cb6173f,551f1df4-a7d2-46c1-806e-5452c0cd1de3,720,view,103,Keyboard,Accessories,Nigeria,desktop,facebook,5,70,0.15,2026-05-04 22:12:53
ee3b294e-94d6-4c21-8f4d-03aa979c75cf,00bd678c-24ba-4ea7-93be-f7c951b39592,921,view,104,Mouse,Accessories,Nigeria,desktop,organic,1,40,0.19,2026-05-04 22:12:54
167d38bc-4969-4a7e-953c-fbf9117f9910,a7a7b608-9eb1-428c-8f65-e51216ccc89b,684960,purchase,101,Laptop,Electronics,Rwanda,desktop,organic,3,1200,0.04,2026-05-04 22:12:55
3a2f7b32-11bd-4ee8-9104-879f46925a92,df09757a-8e95-429f-82dd-ca95917d5705,727287,view,103,Keyboard,Accessories,Ghana,mobile,google,2,70,0.11,2026-05-04 22:12:56
cd07aa79-5bdd-4ce0-b614-5edcd55835df,ab4f6964-5818-4f00-9382-4e78672b2352,470445,view,102,Phone,Electronics,Nigeria,mobile,google,1,800,0.13,2026-05-04 22:12:57
3a4033f7-34da-4f60-880e-0dbee3749aeb,87145dd8-e207-42bf-97e8-834376b91a54,881,view,101,Laptop,Electronics,Rwanda,mobile,google,2,1200,0.04,2026-05-04 22:12:58
e0ad7ec9-2c14-48f4-9792-15b8c3fee5c7,5c8254a0-482d-4f44-a79c-33a4fea1272d,170126,view,102,Phone,Electronics,Kenya,desktop,google,5,800,0.04,2026-05-04 22:12:59
544b842c-dcb8-4248-9353-b9105764b13e,9f8440da-c012-4ddf-a40e-ddf7484a7f7b,934,view,103,Keyboard,Accessories,Rwanda,mobile,google,1,70,0.01,2026-05-04 22:13:00
3f0008f9-1a41-4a8c-bf67-a829cf51e449,74485565-981c-4af3-bff9-fd9398e568ae,49527,purchase,104,Mouse,Accessories,Nigeria,desktop,facebook,3,40,0.08,2026-05-04 22:13:01
94531035-cc40-4c87-837a-45e899bf5373,ec636d7d-7bb4-44e8-9fb7-b29bebadd453,129,purchase,101,Laptop,Electronics,Rwanda,desktop,facebook,4,1200,0.07,2026-05-04 22:13:02
0ee5b26a-a539-477e-bc7c-28338fd7b9ba,c6848107-6028-4fff-bc56-180ca7212ffd,551568,view,101,Laptop,Electronics,Rwanda,mobile,facebook,2,1200,0.06,2026-05-04 22:13:03
fbbeb267-23ca-40e9-bcd5-2a4cef0b2eaf,968b9be3-1866-438b-9643-ce57aa6c6f93,278081,view,104,Mouse,Accessories,Nigeria,mobile,facebook,2,40,0.13,2026-05-04 22:13:04
b38259c7-6b43-4d19-9282-e1f862453355,c40d1779-afde-47d5-aac4-10bd19ab0f47,599,purchase,101,Laptop,Electronics,Kenya,mobile,facebook,5,1200,0.06,2026-05-04 22:13:05
81ef2b72-0ece-49a1-9c81-66540ee3eee8,013d65be-24df-4f92-b7ef-31301ef0ec0d,639237,purchase,102,Phone,Electronics,Ghana,desktop,facebook,5,800,0.15,2026-05-04 22:13:06
600932e2-3980-4994-b234-008c25bcc234,25cf090c-7e22-4260-bcc7-290e9665fd1f,90,view,101,Laptop,Electronics,Kenya,mobile,google,4,1200,0.02,2026-05-04 22:13:07
d3401812-f43a-43af-a835-c02cb80f4d19,dc4ed2e6-6758-4a73-ab48-3dfe1197ed97,288936,view,103,Keyboard,Accessories,Rwanda,mobile,facebook,1,70,0.09,2026-05-04 22:13:08
b9b57bed-2d44-439a-ae3c-d7720a1c0c8b,bb735dc3-3c8a-4e37-a09c-36ca41d426ef,504278,purchase,104,Mouse,Accessories,Kenya,mobile,google,5,40,0.2,2026-05-04 22:13:09
4b69faeb-4a74-42ee-98a0-434b09ee0dc4,790e2572-71e3-4515-b499-fe9981a1a04e,746698,purchase,102,Phone,Electronics,Rwanda,mobile,facebook,5,800,0.01,2026-05-04 22:13:10
3f2b2359-3c65-4e38-bd61-cc819ef178fe,cfad020b-3246-45e0-8cdf-2baecb81a609,637406,view,104,Mouse,Accessories,Rwanda,desktop,google,2,40,0.15,2026-05-04 22:13:11
968595d4-e951-488c-bb7d-d32ebef7034f,31b6178d-44ab-42c8-b2e1-04f233eda8d7,334096,purchase,101,Laptop,Electronics,Ghana,mobile,facebook,5,1200,0.19,2026-05-04 22:13:12
10c6bb5f-7738-490b-abf3-ebc885830528,c89f485e-6651-4207-8408-01f388aeba7d,660686,view,102,Phone,Electronics,Ghana,mobile,facebook,4,800,0.19,2026-05-04 22:13:13
fd2ad62b-0a08-478c-8d03-b7f0b6b00d13,48bb38e0-2bc0-4aa4-b164-84afa6e15d6c,427920,purchase,103,Keyboard,Accessories,Ghana,desktop,google,2,70,0.18,2026-05-04 22:13:14
816a2953-a17b-4f2c-a4f4-d1f46d6508dc,5c0b3772-c345-47a2-99a5-6b8c1e1f017d,320,purchase,102,Phone,Electronics,Rwanda,mobile,organic,3,800,0.16,2026-05-04 22:13:15
da693dd1-bfd9-4892-9498-ecad2c6159eb,b4113ebd-6fb0-4afd-ab04-5dd6e6e932bf,965724,purchase,103,Keyboard,Accessories,Rwanda,mobile,organic,5,70,0.15,2026-05-04 22:13:16
b2ad1eaf-bf74-4d4d-ad60-687ca9709f09,b4d3280c-8336-4a9c-aa48-f3c3c06ee7a4,245491,purchase,101,Laptop,Electronics,Ghana,desktop,google,1,1200,0.08,2026-05-04 22:13:17
c9eea119-d43d-4e05-a4ac-34f3298b5009,4892e812-5cc2-4190-b4cc-fa42a4f73b85,163,purchase,103,Keyboard,Accessories,Nigeria,desktop,organic,1,70,0.13,2026-05-04 22:13:18
a79432d1-8fef-4ba1-9228-e1b6833a9134,e7589808-8d1b-436f-b226-643ddebf051a,962,view,103,Keyboard,Accessories,Kenya,mobile,organic,1,70,0.1,2026-05-04 22:13:19
285d1e77-af18-4d6e-9150-3fcd27b5ef13,8b1bc924-b819-4356-af3d-25305f027781,759079,purchase,104,Mouse,Accessories,Kenya,mobile,google,1,40,0.13,2026-05-04 22:13:20
7e3ddca8-a7c3-4563-8dfe-975cab0d7d7b,8ea74ce6-44d1-416f-8af9-fe7bda4a07f1,931,view,104,Mouse,Accessories,Rwanda,desktop,facebook,5,40,0.06,2026-05-04 22:13:21
be44b99a-1839-423f-9c17-f0293f323580,d487d697-ada4-406c-bb8a-8ac1ba0f8ad4,698,purchase,101,Laptop,Electronics,Rwanda,mobile,organic,4,1200,0.06,2026-05-04 22:13:22
852e884d-cfd5-48d8-b8af-ddcbbd2fb7e4,32472906-3ae1-4672-9d14-eefb5ed523ea,265182,purchase,101,Laptop,Electronics,Nigeria,mobile,organic,3,1200,0.01,2026-05-04 22:13:23
871c1597-2bc1-41d9-886b-b5ad7601085e,665b5782-c667-4e50-8420-19d6855d72d1,379,view,104,Mouse,Accessories,Nigeria,desktop,facebook,3,40,0.14,2026-05-04 22:13:24
ab9768c0-dedd-48c5-ae27-bd85514d66db,f6676bae-fc7b-46a6-82e1-307c2bef2c60,425,view,103,Keyboard,Accessories,Rwanda,desktop,google,3,70,0.19,2026-05-04 22:13:25
1e0fdb5b-c109-41bd-805c-39f2ce33cf3b,b7050823-928b-4c0c-b0e2-6fbf027fb212,97812,purchase,102,Phone,Electronics,Ghana,desktop,organic,2,800,0.09,2026-05-04 22:13:26
25a4b0de-4fec-45e4-9bb3-9c09764ecae2,42ca8fc6-414a-422c-bfa9-27d4341d07cf,21,purchase,103,Keyboard,Accessories,Kenya,mobile,google,1,70,0.04,2026-05-04 22:13:27
27072271-3583-40d6-b80c-16ff68eb5059,f16d7295-d4fa-4504-80fa-08a78a0263de,245,purchase,103,Keyboard,Accessories,Ghana,desktop,google,3,70,0.12,2026-05-04 22:13:28
eab512c7-29b7-434a-ab60-4435acf4e01f,e18046df-95b5-41c5-a47d-5a7b60714c4f,887,view,103,Keyboard,Accessories,Nigeria,mobile,google,1,70,0.16,2026-05-04 22:13:29
a46b7c52-3477-496f-845f-9d31647a325b,4982e088-5691-49b9-a7aa-e7cd06670cce,863391,purchase,103,Keyboard,Accessories,Rwanda,mobile,organic,3,70,0.08,2026-05-04 22:13:30
1e406d83-b25b-42c7-b1cd-6cb878baa24b,f22ef235-aa29-4f73-9ffb-363f8af19ed6,512195,purchase,103,Keyboard,Accessories,Rwanda,mobile,google,3,70,0.11,2026-05-04 22:13:31
c930011f-acd9-474e-b86a-5e4692c21a8e,b5cbfda6-3b22-4db4-8eb1-8a0287af9095,477,purchase,104,Mouse,Accessories,Kenya,mobile,facebook,3,40,0.07,2026-05-04 22:13:32
9bf003e5-a6e2-4534-82b9-5dfb4f51c844,59949c91-22ef-4dd5-9cd1-29116d5f0d90,168,purchase,101,Laptop,Electronics,Rwanda,mobile,organic,3,1200,0.03,2026-05-04 22:13:33
86db86b4-46b5-4b29-93d7-a9c8ceae0dee,e23e4c07-c775-4662-979d-bc268c936381,626,view,104,Mouse,Accessories,Kenya,desktop,google,3,40,0.19,2026-05-04 22:13:34
290c265a-f01c-49ff-bd3a-db41622f077d,74d0b4eb-c0d7-496e-8c28-37cbd8e9b7f5,662825,purchase,101,Laptop,Electronics,Kenya,desktop,facebook,5,1200,0.0,2026-05-04 22:13:35
b433c673-702a-4d46-a0b0-5201b58850b8,f44e844e-bea7-4855-bee6-a8c9a39ac3aa,649,view,103,Keyboard,Accessories,Nigeria,mobile,organic,4,70,0.06,2026-05-04 22:13:36
aac25bd3-5640-4733-b6ae-7a2355077404,ffb1b557-812a-4b66-91c0-629d38fdcced,253288,view,101,Laptop,Electronics,Rwanda,mobile,facebook,3,1200,0.02,2026-05-04 22:13:37
d00cbe16-1cad-4106-80ea-eb0001f73609,6fb87c4d-f675-49f3-8611-fd911cb5d633,710908,view,102,Phone,Electronics,Ghana,desktop,google,5,800,0.14,2026-05-04 22:13:38
f8f75976-69b1-4387-a6fe-3b1cbb3c020d,95d59f98-edc5-4e85-89bc-1534c8359701,134012,view,103,Keyboard,Accessories,Ghana,mobile,google,4,70,0.08,2026-05-04 22:13:39
a2b2f392-27e0-440c-9e58-ddef44515afa,11572879-319e-4423-a4a3-5d68a95e699b,303494,view,102,Phone,Electronics,Kenya,desktop,google,3,800,0.09,2026-05-04 22:13:40
5b8a7722-a41b-4c19-982f-062b432c0c1d,044a7c59-ba68-4285-9314-917164d82802,682,purchase,103,Keyboard,Accessories,Ghana,mobile,facebook,4,70,0.09,2026-05-04 22:13:41
686b77cd-af27-43cb-97bb-3677b96f4afc,b62c02f5-6433-4613-a8e1-206df033d2d1,424376,purchase,101,Laptop,Electronics,Kenya,mobile,organic,2,1200,0.0,2026-05-04 22:13:42
7154fac2-401d-436d-95f4-96a97ab5ee62,a958a039-c25d-4591-b533-e63dfe3c947e,461,purchase,104,Mouse,Accessories,Kenya,mobile,organic,1,40,0.14,2026-05-04 22:13:43
7d57127d-cb69-47b2-9e04-93b9cc8afec5,21b0dc83-3708-4671-8528-724cf229f768,427,purchase,104,Mouse,Accessories,Ghana,mobile,facebook,4,40,0.19,2026-05-04 22:13:44
5db07557-6723-4169-aa53-bc394f1ebdcd,bd39ab4b-2eba-4c0d-bde6-1569b7c03b59,345,view,104,Mouse,Accessories,Rwanda,mobile,organic,4,40,0.06,2026-05-04 22:13:45
83473e88-d6ed-47d6-ac1d-b1c2e9fed093,35e24e88-0094-43f8-8edf-ba5bd1135914,647,view,102,Phone,Electronics,Nigeria,mobile,organic,3,800,0.13,2026-05-04 22:13:46
4f2b8bbf-674a-4e9a-9406-9ee04dbe42ab,0d656440-f8df-484f-8d9a-86cf4fc92aa3,535432,view,103,Keyboard,Accessories,Rwanda,desktop,facebook,1,70,0.11,2026-05-04 22:13:47
65f198b9-8d66-4120-8ea9-bfd457c422bc,18174d27-3c08-46bf-95d5-590453a33d62,359216,view,101,Laptop,Electronics,Nigeria,desktop,google,3,1200,0.16,2026-05-04 22:13:48
a90a13be-40b4-433a-b6cf-2e4d29f978ed,8f812520-d9df-480d-80de-ba0a43830c3b,807130,purchase,103,Keyboard,Accessories,Rwanda,mobile,google,1,70,0.18,2026-05-04 22:13:49
7256cc60-e748-4650-97ff-273446aa0634,a0bf35f3-cc80-42bc-a5ec-a920056e67a5,210,purchase,103,Keyboard,Accessories,Nigeria,desktop,google,2,70,0.17,2026-05-04 22:13:50
9175b2b1-d90a-46ee-bad2-c63304fde65c,e595d32b-41c9-4319-a41a-fd03dc5644e7,493350,view,102,Phone,Electronics,Nigeria,mobile,organic,1,800,0.03,2026-05-04 22:13:51
8508f8d9-2aff-47bb-8f55-100872d9f218,96d23a22-8783-47a5-a9f7-a783da926f0b,723681,view,103,Keyboard,Accessories,Ghana,desktop,facebook,2,70,0.2,2026-05-04 22:13:52
d16882c1-df92-4c18-ad2d-ac379cd6f3a3,df12e033-c292-4cfd-a9c4-11c140f3903f,56829,purchase,104,Mouse,Accessories,Kenya,mobile,google,2,40,0.01,2026-05-04 22:13:53
2c842ff0-5b44-40c3-a8ff-9adf30939d9b,6536ccd3-85cd-4021-98da-6c5d76e671ef,636,purchase,102,Phone,Electronics,Nigeria,desktop,organic,4,800,0.15,2026-05-04 22:13:54
b1070026-93d7-4ffc-be42-0d0c5ee09a32,b5a1db25-1df3-4cac-b174-e939cb43f4c1,483,purchase,102,Phone,Electronics,Nigeria,desktop,facebook,5,800,0.05,2026-05-04 22:13:55
4f51ff08-e08c-4d9b-9a55-8caff1ffaeb3,29326deb-040a-4a0a-9842-332d0e8b1a11,195,view,101,Laptop,Electronics,Rwanda,desktop,facebook,2,1200,0.16,2026-05-04 22:13:56
377c2ef0-71bb-46ad-96ee-fa088f3c1afe,2cf2f550-fb8b-43de-9d61-03b987325b6b,698841,purchase,104,Mouse,Accessories,Nigeria,desktop,facebook,1,40,0.15,2026-05-04 22:13:57
c77d3569-f8ca-46c6-8aa4-64b2f26d005b,e7bd2f42-5bd6-4181-9c2f-402dba67e568,250313,view,102,Phone,Electronics,Ghana,desktop,organic,5,800,0.19,2026-05-04 22:13:58
637958b4-02c4-4f21-965a-ce2d424ab1dd,237bc754-3b22-4417-a3c2-f42298edd1d5,211147,purchase,104,Mouse,Accessories,Ghana,desktop,facebook,3,40,0.03,2026-05-04 22:13:59
79717b4d-d7f1-4743-ab43-b2446b097241,8f189859-8fdd-466f-ba5b-71024000463f,848,purchase,101,Laptop,Electronics,Ghana,mobile,google,4,1200,0.08,2026-05-04 22:14:00
a8223c4e-11b9-4e07-b79a-902699154e3a,cf59ca64-b1dc-4a54-9c4c-33e774d137ca,627,view,104,Mouse,Accessories,Kenya,desktop,organic,1,40,0.09,2026-05-04 22:14:01
10a6286d-0df3-4688-af7f-021590f66c96,e55b2c90-acdc-4b1c-9d56-355cc57960e8,31,view,103,Keyboard,Accessories,Rwanda,desktop,organic,3,70,0.15,2026-05-04 22:14:02
a9583dbb-c543-480c-806b-85d5930590f6,dc9e4b51-94a5-4c15-b055-946f85e2c0a6,803980,view,103,Keyboard,Accessories,Rwanda,desktop,organic,2,70,0.11,2026-05-04 22:14:03
da300f7a-e24b-4334-a600-1a7933cd815f,fad32712-e347-4020-ab39-32bf171046dc,850796,view,102,Phone,Electronics,Ghana,desktop,google,2,800,0.12,2026-05-04 22:14:04
d900a99f-a059-494a-80ab-e9f9e4eeff94,63529fc1-70cb-42fd-8dad-2c1f27f1d6e0,53610,purchase,103,Keyboard,Accessories,Ghana,desktop,organic,3,70,0.04,2026-05-04 22:14:05
32fd19c1-cadc-4f4f-8956-7dfecd8fc476,f87d3cb0-8145-4796-a1a2-8ce833912579,965190,purchase,102,Phone,Electronics,Rwanda,desktop,google,5,800,0.07,2026-05-04 22:14:06
e9b81a1c-e294-47e6-89f3-322dcf3ba339,9d2e51e8-3daa-4aad-8bf0-8a651d295525,498118,purchase,103,Keyboard,Accessories,Nigeria,mobile,facebook,3,70,0.18,2026-05-04 22:14:07
2dc4420f-2083-46cf-bc77-0a26088a83c7,d5ad8cbd-358f-40b9-b86f-d43b88a366f0,746964,purchase,102,Phone,Electronics,Ghana,desktop,facebook,4,800,0.16,2026-05-04 22:14:08
7cf9200c-7ea7-4b60-bc31-378bfd430e53,a0968502-4a86-4d4e-8a44-9e156455d811,653584,view,102,Phone,Electronics,Ghana,mobile,organic,1,800,0.1,2026-05-04 22:14:09
ad74d9ef-b7e4-4174-8cb3-f67c8c0d3714,95accd3f-901f-4542-ae92-9876889158da,862523,purchase,104,Mouse,Accessories,Kenya,mobile,facebook,1,40,0.06,2026-05-04 22:14:10
0072c772-07ad-478b-8424-abbbf31dfe0b,27ea821f-33aa-47ad-8ccc-3fcaf74b9c62,260744,view,104,Mouse,Accessories,Rwanda,desktop,facebook,3,40,0.11,2026-05-04 22:14:11
6711bc15-7c6a-495c-b891-b2a882817fad,fdf29eb0-9071-4225-acbc-85c324229d23,963,purchase,103,Keyboard,Accessories,Nigeria,mobile,facebook,4,70,0.13,2026-05-04 22:14:12
254289ce-ea43-4d67-8abf-840e4bf13321,9fc98c09-487e-42dd-8c7b-092fcb26b288,866529,purchase,103,Keyboard,Accessories,Kenya,mobile,google,4,70,0.19,2026-05-04 22:14:13
7d8bcdea-4c92-41bd-9288-c2cbbda6e45f,0608b99f-9570-4310-a9d3-440407017e94,755098,view,104,Mouse,Accessories,Ghana,mobile,facebook,3,40,0.17,2026-05-04 22:14:14
2495e1ad-0a50-44b1-9daa-6935174e249a,9d8997e1-17e6-44de-909a-5b2475698ff7,811378,view,101,Laptop,Electronics,Ghana,mobile,organic,5,1200,0.07,2026-05-04 22:14:15
a9733725-1b89-43c1-94d0-82ae04a50b57,687fc040-bf74-4556-8b15-8d6afcce1918,235,purchase,104,Mouse,Accessories,Ghana,desktop,facebook,3,40,0.03,2026-05-04 22:14:16
fb1d141f-5bb6-4377-9726-31cc979974b9,11ef865a-d97c-4b2a-97e9-e18a2153364b,574,purchase,101,Laptop,Electronics,Ghana,mobile,google,4,1200,0.01,2026-05-04 22:14:17
f892b207-2ade-4c21-89d2-af3d767be508,6d440668-bb47-4430-9508-a5a47ee2bf40,72254,view,103,Keyboard,Accessories,Rwanda,mobile,google,1,70,0.08,2026-05-04 22:14:18
5af85356-64bc-4e66-9baf-a479b9cb29d1,6a1496f9-de89-4dfc-8b33-a91ac00710f0,966381,view,102,Phone,Electronics,Kenya,mobile,facebook,4,800,0.16,2026-05-04 22:14:19
4c0926f0-d324-4c57-8ca6-8249bde5612e,bc155f04-3fb8-4407-9516-940349639ebe,224,purchase,104,Mouse,Accessories,Kenya,desktop,organic,3,40,0.07,2026-05-04 22:14:20
f5c492f4-8a73-446a-bab6-4eb9b9570c74,e2789e22-11e4-4678-958b-d0240b9aca56,672,purchase,102,Phone,Electronics,Ghana,mobile,organic,5,800,0.1,2026-05-04 22:14:21
b922083a-7557-4ce6-ab2e-eb1683b2d5a0,dd606aa5-a273-432d-aa93-92ffbc0503c2,330550,view,104,Mouse,Accessories,Nigeria,desktop,organic,3,40,0.01,2026-05-04 22:14:22
36a66df5-bea9-4c2e-ab7b-ed61402774ce,6b847e58-154d-4689-92da-b92ef4231392,24719,purchase,104,Mouse,Accessories,Rwanda,mobile,google,4,40,0.03,2026-05-04 22:14:23
0399abb2-bc5b-49d6-8a72-28c5a9293a94,25330192-a8f3-4858-87d5-53168048248d,433310,view,103,Keyboard,Accessories,Nigeria,mobile,google,1,70,0.07,2026-05-04 22:14:24
2cd22a8f-0804-48d6-8858-8aad6f4a00af,63e99750-3f46-4101-b018-08311c58767a,496406,view,102,Phone,Electronics,Ghana,mobile,google,5,800,0.06,2026-05-04 22:14:25
1a60b221-beb7-4269-be9b-a8c39f59de67,86f53903-e050-4651-85e8-f455309ef5e3,291,purchase,101,Laptop,Electronics,Ghana,desktop,google,3,1200,0.16,2026-05-04 22:14:26
aed4b537-a6d0-4090-8416-b2d4fcb9fe7f,3bfdb30e-970d-49e6-96bb-1abd63a8302e,697587,purchase,103,Keyboard,Accessories,Rwanda,mobile,google,2,70,0.04,2026-05-04 22:14:27
adb88a7e-3776-4f46-8f6c-55fde3457b3b,642ab014-ed60-4f91-bb1c-14c77a5a3a1d,550526,view,102,Phone,Electronics,Nigeria,mobile,google,1,800,0.17,2026-05-04 22:14:28
a1d5923e-f7f4-41a2-a0f7-8d75ed68342b,11c3513e-c65b-4269-9e83-b0781e532258,448872,view,104,Mouse,Accessories,Nigeria,desktop,facebook,4,40,0.13,2026-05-04 22:14:29
ebbe7c1b-79b9-47ef-8848-d95d17ec9bb7,c238e31c-f4cf-4487-afe1-6a34cc4db67c,338634,purchase,104,Mouse,Accessories,Rwanda,desktop,facebook,1,40,0.15,2026-05-04 22:14:30
2322301d-5cdb-44c7-9371-0fd5f4854ffb,83d7dcb4-5899-40b7-9d25-ff1c7a438f67,397,purchase,104,Mouse,Accessories,Ghana,mobile,facebook,4,40,0.07,2026-05-04 22:14:31
b0902ee2-17a1-456e-aef0-11877cd78c5e,3c1451d6-ac96-4634-9711-9e01267aaed5,81227,view,101,Laptop,Electronics,Rwanda,desktop,organic,4,1200,0.18,2026-05-04 22:14:32
8b828efb-f663-45b3-a5b1-03ed62514cc1,91229ba4-3189-4f85-a29f-fe82f6d5e69d,23573,view,104,Mouse,Accessories,Ghana,mobile,organic,4,40,0.07,2026-05-04 22:14:33
3777cb43-0aa3-4591-bb89-e7d6312cfa73,571413b2-1fd1-4716-bf97-cb9cf90ee2ea,197948,purchase,104,Mouse,Accessories,Nigeria,desktop,facebook,4,40,0.2,2026-05-04 22:14:34
a54e4af2-ec2a-41a7-97e3-5f77e79c20bc,9326e353-7cca-4495-bd81-a14b2f6eee2b,86604,purchase,103,Keyboard,Accessories,Nigeria,desktop,google,2,70,0.17,2026-05-04 22:14:35
dc4513a8-bca6-4df2-9059-b99d4498db53,0275b571-eced-4797-8a52-af2be935308e,583436,purchase,104,Mouse,Accessories,Ghana,mobile,organic,1,40,0.07,2026-05-04 22:14:36
0bb9a7f7-1ef7-4bb8-b5ae-781c2c46d6af,095dd8e5-6a00-40dd-832d-f91f6d851abc,496144,view,102,Phone,Electronics,Ghana,mobile,organic,1,800,0.01,2026-05-04 22:14:37
099bc358-d52f-4f15-baad-ef5908c2cf38,43ac7880-c93b-4d8d-a661-6af490d5a693,432763,view,102,Phone,Electronics,Kenya,mobile,organic,5,800,0.19,2026-05-04 22:14:38
ace88987-254c-4c1d-8e18-884ad19ded64,d0c64cee-36ea-4cb3-a4a9-23a7dc436280,69497,purchase,101,Laptop,Electronics,Kenya,desktop,organic,2,1200,0.12,2026-05-04 22:14:39
20ec6594-6eb0-4b8c-811d-88117e7eb1f0,d3e1b00d-da00-4a43-96bb-972af1330758,822,view,104,Mouse,Accessories,Nigeria,desktop,facebook,1,40,0.01,2026-05-04 22:14:40
b4c6a303-6f11-4a42-ba17-c123edfcc12a,b3cc8694-e91b-489a-91c6-922a657aa6a0,652405,view,102,Phone,Electronics,Ghana,desktop,organic,2,800,0.16,2026-05-04 22:14:41
4a6111ed-db43-4303-9f33-479334145c66,7387faf1-0f31-434e-903b-f933c8efcdbd,946,purchase,101,Laptop,Electronics,Nigeria,mobile,google,5,1200,0.18,2026-05-04 22:14:42
34c26ebd-7edd-4ab1-9040-8965526198ee,a7309db3-1863-484b-a06c-73ab9ee3d085,992,view,101,Laptop,Electronics,Ghana,desktop,google,1,1200,0.05,2026-05-04 22:14:43
33840bd0-5908-4cad-9817-6a1dbe972515,2e453a42-3f16-4d84-863f-497b82c70261,663806,purchase,104,Mouse,Accessories,Rwanda,mobile,organic,2,40,0.04,2026-05-04 22:14:44
d6a5d192-7e7d-4192-82df-b4f3a1d086a0,66736f3b-e3d7-4097-8651-cdf8fc2257db,497866,view,102,Phone,Electronics,Kenya,desktop,facebook,3,800,0.19,2026-05-04 22:14:45
cca7be90-7ed2-444d-a052-763af4d8e038,0ae28f51-61d8-47fb-a5f0-963e09099f07,27,purchase,102,Phone,Electronics,Rwanda,desktop,google,3,800,0.15,2026-05-04 22:14:46
45bf8825-61c3-4cb5-9357-bb67f483abf0,3b3e9f95-ded8-4588-90d9-e462761782ec,69694,view,103,Keyboard,Accessories,Kenya,mobile,google,3,70,0.04,2026-05-04 22:14:47
7a9676d0-eb2e-495a-abe1-0b565fff4bba,b68dc637-17df-4438-b053-efc44690ce17,446826,purchase,104,Mouse,Accessories,Ghana,mobile,google,4,40,0.13,2026-05-04 22:14:48
ac4dcf87-c2e4-4438-899c-3fafe11fcced,1c34dd22-cb14-479f-b67b-ddd44d7c76a2,999,purchase,102,Phone,Electronics,Kenya,desktop,facebook,1,800,0.16,2026-05-04 22:14:49
24887951-1c23-4994-83b6-c0d05ebc028e,d43c454d-fd4a-444a-9573-b8517c2d4b81,286472,view,103,Keyboard,Accessories,Kenya,mobile,facebook,1,70,0.17,2026-05-04 22:14:50
45f63a50-af8c-40d2-9f16-5e7bfac07501,97e72501-c67b-49b8-af88-4e18269fbd03,542876,purchase,103,Keyboard,Accessories,Nigeria,desktop,google,5,70,0.13,2026-05-04 22:14:51
e9d183b8-289e-48d6-ac2c-1493d419e609,cda8c58e-00b1-4475-8d3b-bed8212163f8,707885,purchase,104,Mouse,Accessories,Rwanda,desktop,organic,3,40,0.02,2026-05-04 22:14:52
16e85aa9-f8ab-44b8-927e-c54ed036d060,e0fa033f-f4f5-4da9-b536-c2be746ca780,443185,view,103,Keyboard,Accessories,Rwanda,desktop,facebook,1,70,0.09,2026-05-04 22:14:53
82b828f0-0917-4590-b8ca-f14438433e71,d10bd92d-ad6f-4345-a5ee-67082edb7622,192311,view,101,Laptop,Electronics,Rwanda,mobile,google,5,1200,0.13,2026-05-04 22:14:54
b9833ad8-f354-441a-a7bf-6b726a806902,4e416827-ffd5-4da3-ae41-b36bc350747a,975,purchase,104,Mouse,Accessories,Nigeria,desktop,organic,5,40,0.19,2026-05-04 22:14:55
5962f8bd-d3cc-4948-a5f5-a2477c381900,75be1f05-f214-4684-a0ba-d44b154bb83e,387528,purchase,104,Mouse,Accessories,Rwanda,mobile,organic,2,40,0.01,2026-05-04 22:14:56
a553b5a3-3899-445d-8d75-7ee8f71cfb1f,7c8f33d1-6a3c-44f2-aa2b-312fdae231d4,78,view,104,Mouse,Accessories,Ghana,desktop,facebook,2,40,0.1,2026-05-04 22:14:57
3deac1d0-48fa-4226-8223-fdc4c11e3baa,77aca36f-7896-47c7-9d4a-6eb8aa8173cf,517450,view,102,Phone,Electronics,Nigeria,desktop,facebook,4,800,0.05,2026-05-04 22:14:58
807bd217-33c2-4acb-ad98-60d4aa76c341,059afe4b-fb52-4d2d-bf1f-8ab07571fcc6,998337,purchase,103,Keyboard,Accessories,Nigeria,mobile,facebook,3,70,0.12,2026-05-04 22:14:59
38c6aa3d-4215-4fef-b577-aa04075c3c0e,1d7149b0-f656-4025-894f-e89a75087a5a,869279,view,101,Laptop,Electronics,Rwanda,desktop,facebook,1,1200,0.09,2026-05-04 22:15:00
51de9cd3-e57c-444e-b0e8-181edef69892,87dc10a5-b9c2-4bd5-9cb3-c14da886b158,257341,view,104,Mouse,Accessories,Rwanda,desktop,google,5,40,0.12,2026-05-04 22:15:01
a57a4217-980b-477a-9f82-7bfae3b1b8d5,aff47598-2afe-4f96-94d6-2e5ca344a1e6,704,purchase,104,Mouse,Accessories,Rwanda,mobile,google,1,40,0.18,2026-05-04 22:15:02
03c3cff6-de1f-4964-914d-cde87fa8f4cc,f48541ee-0774-4477-87bf-9053959676e2,66919,view,104,Mouse,Accessories,Kenya,desktop,facebook,2,40,0.17,2026-05-04 22:15:03
a510d4d0-b18c-45dc-9395-f734eb13b584,58dc905f-7e18-46c7-80c1-fe45e832cf38,600,purchase,101,Laptop,Electronics,Kenya,mobile,facebook,1,1200,0.04,2026-05-04 22:15:04
062be195-ac5f-4f81-8e67-29d8244c6c55,b47e4624-e30f-4a16-8883-5c5024e37edb,771085,view,101,Laptop,Electronics,Ghana,mobile,facebook,1,1200,0.17,2026-05-04 22:15:05
19e93f37-293b-4417-b80f-49223a89f180,60c2f256-4dd5-4a13-9d8b-69ebe6deb774,773124,purchase,104,Mouse,Accessories,Kenya,desktop,organic,1,40,0.18,2026-05-04 22:15:06
d225a26e-6396-4170-b8a3-e0e931f3bb6f,367ce309-4987-46f5-8a55-4c66835f160c,256,view,101,Laptop,Electronics,Kenya,mobile,organic,3,1200,0.09,2026-05-04 22:15:07
ea249a19-cce7-4b95-8eb3-a8adf5214b29,1625b5ec-cb04-4480-8b52-5a73079fed5c,925,purchase,104,Mouse,Accessories,Ghana,desktop,organic,1,40,0.11,2026-05-04 22:15:08
343bb222-9342-4253-9183-54bc1601c287,3ecabbd2-e9e0-45a4-b48d-ddd00a2c4326,392,purchase,101,Laptop,Electronics,Kenya,mobile,facebook,4,1200,0.18,2026-05-04 22:15:09
4731f0f1-2981-4d43-92d7-11eb44d6ae89,5349a49f-9e68-4bed-be94-fd5d76882bcb,640,view,102,Phone,Electronics,Ghana,mobile,organic,3,800,0.16,2026-05-04 22:15:10
e6e0550f-6ee8-476e-807f-5863c6887a21,b16f5e79-3196-49d3-9d0a-f0281c030ee4,345,view,103,Keyboard,Accessories,Ghana,desktop,organic,3,70,0.04,2026-05-04 22:15:11
873b08d5-225e-4ac0-8a22-e61bbf8ba422,377adc02-1f4d-4ae4-9c1d-0c88a227bc2d,315906,view,103,Keyboard,Accessories,Nigeria,mobile,google,5,70,0.07,2026-05-04 22:15:12
06d56829-b01d-4227-a5c8-4bbe70a35892,c844a2a4-65c3-4264-bdbd-15c3e5c36bcf,940713,purchase,103,Keyboard,Accessories,Kenya,mobile,facebook,5,70,0.15,2026-05-04 22:15:13
3ce4c767-2d43-4bd0-9532-bebb1e1d3276,a289c53f-76c7-4a1b-b8da-d502f1ee2d8b,793527,view,102,Phone,Electronics,Ghana,mobile,organic,4,800,0.05,2026-05-04 22:15:14
c4764617-290d-4ffd-aa68-adff9e599bcd,b584c921-977d-4aa3-8616-73978758f91d,838,purchase,104,Mouse,Accessories,Nigeria,mobile,facebook,3,40,0.06,2026-05-04 22:15:15
3e5aea6b-9bfd-487e-939d-5aeab5581f86,9044dac5-9b61-4cbb-89f7-6a1fdc27ccb4,431282,view,104,Mouse,Accessories,Ghana,desktop,facebook,1,40,0.16,2026-05-04 22:15:16
9b205015-f0fe-4a57-9224-43c701a8daa7,4d151770-b1a5-4af1-bf0d-4ea47b24aca1,109495,view,101,Laptop,Electronics,Ghana,mobile,google,2,1200,0.04,2026-05-04 22:15:17
976ee36c-8e88-4f45-991e-b2cb98d2ea7d,a5e8f40f-a3d4-45c0-ade1-cb285ba3e956,945973,view,101,Laptop,Electronics,Nigeria,desktop,google,4,1200,0.03,2026-05-04 22:15:18
fe480995-0ee4-4958-b984-780d7b2cbd26,fd1ea776-2183-465d-b222-3c68540d6bc7,171,view,104,Mouse,Accessories,Rwanda,desktop,google,3,40,0.14,2026-05-04 22:15:19
02c016e4-e1a8-4af9-aa3f-f553cb5a4e00,5d415e72-738d-4e4c-a4a0-1b0c92171a59,737328,purchase,102,Phone,Electronics,Nigeria,mobile,organic,4,800,0.06,2026-05-04 22:15:20
e10ad940-4cba-4235-808f-85d4dc50fcec,360ecd87-12ef-4d5a-b579-2b1bff3a16a2,954813,view,104,Mouse,Accessories,Ghana,mobile,facebook,1,40,0.1,2026-05-04 22:15:21
80df75da-be95-45df-9eb4-3e239912ac0b,76eadff0-a4b5-4169-be1a-986b8a48659c,712292,purchase,103,Keyboard,Accessories,Nigeria,mobile,facebook,5,70,0.1,2026-05-04 22:15:22
994fff7f-7f53-4ddd-acc9-4bcb3af215af,e0ad3706-ba9f-4cd5-87fa-979617f14092,704,view,104,Mouse,Accessories,Rwanda,mobile,organic,3,40,0.01,2026-05-04 22:15:23
e5403b99-11e5-4db8-970a-18211f18d828,ea1b5251-1ba2-45d3-8e90-c175b12b2879,501574,view,103,Keyboard,Accessories,Ghana,mobile,facebook,2,70,0.08,2026-05-04 22:15:24
d85eb571-472e-4f18-ad24-ce2996df5dba,e2262657-e034-476b-809d-697fa0830d99,715950,purchase,103,Keyboard,Accessories,Rwanda,desktop,google,3,70,0.14,2026-05-04 22:15:25
747455d5-c73a-4403-9a29-6309a2c4c549,6ef8ba90-a16b-4f9b-bdf3-350976a62df5,587851,view,104,Mouse,Accessories,Ghana,desktop,facebook,1,40,0.14,2026-05-04 22:15:26
87fabce9-b49e-40ba-994d-3595eaae3b8b,8eb5b8b5-7ecb-42e8-9ffd-fabad036c5b4,854975,purchase,101,Laptop,Electronics,Ghana,desktop,organic,5,1200,0.15,2026-05-04 22:15:27
81739d7a-4c6c-49ef-bb9b-921901f23ba3,b8104c33-58b0-4643-9914-15844a7d65e6,728,purchase,104,Mouse,Accessories,Rwanda,mobile,organic,5,40,0.13,2026-05-04 22:15:28
cfc72006-0c2e-4299-a0b8-4eaed70386d0,5bc5434e-efa8-4ffc-995a-d7247fa029f0,406095,purchase,101,Laptop,Electronics,Kenya,desktop,organic,3,1200,0.14,2026-05-04 22:15:29
0ecf3416-8250-476e-bb99-9ca996e03c9f,1f0e9e13-fe12-452b-9f1f-a1e39cc7055d,371,view,101,Laptop,Electronics,Ghana,desktop,organic,4,1200,0.13,2026-05-04 22:15:30
ed1c7548-fe80-440a-939d-e2bcaa09d2fb,452dbf9e-ae61-4da3-b9d8-e074fe71aa36,849592,purchase,101,Laptop,Electronics,Ghana,desktop,google,5,1200,0.05,2026-05-04 22:15:31
e71b8965-f557-4d97-ac89-5384ed4c34d2,9505b091-a823-4ed2-8cb2-5dfc68ea5ad3,750852,view,101,Laptop,Electronics,Rwanda,desktop,organic,2,1200,0.09,2026-05-04 22:15:32
636668c0-0794-43c9-ab29-71d9f0dbc8ac,55612f4d-10a7-4cb7-9c5d-7ad2496fa252,878,purchase,102,Phone,Electronics,Rwanda,desktop,organic,3,800,0.0,2026-05-04 22:15:33
1c3ec3f8-20c6-44bf-a234-2d4043bf41d2,68c09cd5-dcae-43c0-b5c3-eeacbc591369,198126,purchase,101,Laptop,Electronics,Rwanda,desktop,google,1,1200,0.1,2026-05-04 22:15:34
031ad853-8c72-4816-a865-507b451eb9c5,99321c15-4b6a-4d6d-8388-d7c40ff4e64d,928928,view,101,Laptop,Electronics,Rwanda,desktop,google,4,1200,0.13,2026-05-04 22:15:35
cbc428ec-49cf-4234-8f0d-c99cea998ff8,c10dc2a0-d507-4244-89fe-4fe3c8f11d87,480405,purchase,104,Mouse,Accessories,Rwanda,desktop,organic,4,40,0.09,2026-05-04 22:15:36
e7a672d6-4271-4a0d-a1fd-4893a5c64156,e00e3e0c-7689-4cf9-98c6-1d54c9c5cac6,402624,purchase,102,Phone,Electronics,Ghana,desktop,facebook,4,800,0.09,2026-05-04 22:15:37
152b904c-5225-43d9-9105-b252dd7eff1c,b1b3a355-fca4-431d-a0f0-f7e295b50110,91924,purchase,102,Phone,Electronics,Kenya,desktop,google,4,800,0.03,2026-05-04 22:15:38
c4c332eb-05a8-47a5-87b4-03619a52f966,6a6b38d8-5cc9-45db-b102-49d47e4bcccd,821248,view,104,Mouse,Accessories,Ghana,desktop,google,4,40,0.09,2026-05-04 22:15:39
8f74fbf5-ed3a-46d5-9a66-027f4e08f946,03cd37f4-93b4-4e48-86f1-0a73b59d0919,497133,purchase,103,Keyboard,Accessories,Rwanda,mobile,google,3,70,0.12,2026-05-04 22:15:40
104cf364-beb4-4b5f-9eaf-e71766ea4163,90bd1e36-7f2b-484a-9ae7-1df4dea4b2e0,784092,view,104,Mouse,Accessories,Nigeria,mobile,organic,5,40,0.01,2026-05-04 22:15:41
e1cbdf45-5630-40da-a16e-202f948ddbaa,844b9555-3082-4591-9d24-0ab2bd37c042,865131,purchase,104,Mouse,Accessories,Rwanda,desktop,facebook,2,40,0.1,2026-05-04 22:15:42
89fb2ada-e393-4c2d-820d-42cb36b08e05,35ea6529-2f47-46c7-84a7-4ab686a66c5e,893206,purchase,103,Keyboard,Accessories,Rwanda,desktop,facebook,4,70,0.08,2026-05-04 22:15:43
8d9c1c55-492f-455e-b095-34bb477d3c76,20c0b22c-c4c0-405b-9261-b1327e0042da,531,view,104,Mouse,Accessories,Rwanda,mobile,organic,5,40,0.03,2026-05-04 22:15:44
2347f77e-7beb-4aa6-bf0a-8833fa704b56,b4e64624-e2d0-4cd1-bd4b-6e6872a780ae,419546,view,101,Laptop,Electronics,Rwanda,desktop,google,2,1200,0.16,2026-05-04 22:15:45
d4883ea7-37ed-4d46-8255-16c9ab75b460,289e5b28-7303-4e31-8d8f-f0e93e0d6346,301012,purchase,104,Mouse,Accessories,Rwanda,desktop,facebook,3,40,0.06,2026-05-04 22:15:46
11b44466-5ce7-42e0-a7d6-0a6691a5abd4,c2d01056-a7e7-4190-b0bb-7fb997ce013a,29946,view,102,Phone,Electronics,Kenya,mobile,google,1,800,0.06,2026-05-04 22:15:47
d10df3e2-3dfb-4c7c-84d2-2ec068fae3f0,12a662d1-7f0f-4197-95f7-c37d6ee63d83,91170,view,101,Laptop,Electronics,Ghana,mobile,organic,3,1200,0.12,2026-05-04 22:15:48
b123a7c2-63e8-4dbb-8fd3-41aa419d3ace,39a99673-dcdc-4d1c-b6fa-83ad9e326b11,76,purchase,101,Laptop,Electronics,Kenya,desktop,facebook,4,1200,0.04,2026-05-04 22:15:49
7ddfb65d-08a0-4786-adc1-de1bcac0d061,376dd5bf-ec3c-4002-8868-52a832a854cf,826587,view,103,Keyboard,Accessories,Kenya,desktop,google,5,70,0.06,2026-05-04 22:15:50
a4aa97ad-b9d5-4ef2-bfe9-0e22e57fe6fb,d75307a6-214d-4789-9dfe-c54554b062ce,14573,view,104,Mouse,Accessories,Rwanda,desktop,facebook,4,40,0.15,2026-05-04 22:15:51
9a9a4a15-e9d3-4396-ace5-63defd9edddc,6dbb6730-b900-473b-824d-99a366f21f6a,63,purchase,102,Phone,Electronics,Nigeria,desktop,organic,5,800,0.13,2026-05-04 22:15:52
36e47b4c-bb93-4aea-81ab-020ef19a5a30,1de87ab9-c996-4307-92a8-4e6a759617d0,724,view,101,Laptop,Electronics,Nigeria,desktop,facebook,5,1200,0.17,2026-05-04 22:15:53
30aba13a-bab7-4b26-aaa3-f8634af3dde1,29d5ec3f-d55f-4e69-96d8-4a6473cf726f,59421,view,102,Phone,Electronics,Nigeria,mobile,organic,4,800,0.2,2026-05-04 22:15:54
2241dc1e-b887-4c8a-881c-17cd6876b25a,b4e5fa04-2d8d-42e4-8d81-6693d8d4b419,115,purchase,101,Laptop,Electronics,Ghana,desktop,google,1,1200,0.18,2026-05-04 22:15:55
cec9e0be-fd8d-4964-bb34-c671d770a1a9,52d1ef8c-75ef-4ca8-b394-ac79b92d9f4b,494033,purchase,104,Mouse,Accessories,Ghana,desktop,facebook,3,40,0.04,2026-05-04 22:15:56
c9864fb9-dbf6-4d9d-84e8-ef3be0033f27,ebf3b75a-b65b-47ce-a4cb-d8649650125b,625428,view,103,Keyboard,Accessories,Rwanda,desktop,google,5,70,0.19,2026-05-04 22:15:57
7d690bbe-72c0-4618-82c0-ecb66f24ce59,d6818aef-51a5-49bf-909d-003592c2bbf4,140,purchase,101,Laptop,Electronics,Kenya,desktop,google,5,1200,0.06,2026-05-04 22:15:58
86f42ef2-518b-462b-9b6c-587e64d73142,27ac1979-1e16-4030-ad0f-01ce8b828b56,832,view,104,Mouse,Accessories,Nigeria,mobile,organic,3,40,0.03,2026-05-04 22:15:59
8f676752-1800-442f-9f9b-32bd1313aa60,9cbdbc7d-0564-46f2-8630-1cc6763bfef6,630643,purchase,104,Mouse,Accessories,Nigeria,desktop,facebook,5,40,0.09,2026-05-04 22:16:00
d0075645-4c42-430f-82a3-c238ad3a932d,469a08f7-4914-40ea-b6fc-393339a6d1eb,7306,view,104,Mouse,Accessories,Rwanda,desktop,organic,5,40,0.16,2026-05-04 22:16:01
0160f40d-d328-444e-86cf-c0d39b5f2457,15318e10-54e7-48ae-844a-89b5c58495d6,538932,view,103,Keyboard,Accessories,Kenya,desktop,google,3,70,0.12,2026-05-04 22:16:02
06665cfb-a561-4429-8c14-6ce17d9adad1,15ebcfcd-924d-4bdc-ad5b-e4ed8b7e8f8b,184,purchase,102,Phone,Electronics,Rwanda,mobile,google,3,800,0.08,2026-05-04 22:16:03
c72e3b77-3078-4992-86b5-1fa63972c7ed,10bb01b4-2037-4ca4-8f38-b50fe29fedd9,190747,purchase,104,Mouse,Accessories,Rwanda,mobile,organic,3,40,0.05,2026-05-04 22:16:04
337fd30c-f0af-47a4-87c8-509cbe1c3c0b,502ea697-94d5-4227-88ef-417cf13364c3,433003,view,104,Mouse,Accessories,Nigeria,desktop,organic,1,40,0.18,2026-05-04 22:16:05
23ff36ec-49ca-4d07-be9a-2b756e4fe9a1,156526b8-6662-4c54-819c-d3593ba01d13,22212,purchase,104,Mouse,Accessories,Rwanda,desktop,google,3,40,0.1,2026-05-04 22:16:06
304e6916-be98-47d5-a849-396f910cb579,889246e2-5fba-40e2-9656-957727ee169b,693350,view,104,Mouse,Accessories,Nigeria,mobile,google,5,40,0.15,2026-05-04 22:16:07
4ae1a7f0-92f4-474f-826f-983c70e3d9bb,79c35396-b03a-4c87-bd29-4b5d3efb69d7,55895,purchase,103,Keyboard,Accessories,Rwanda,mobile,facebook,4,70,0.01,2026-05-04 22:16:08
d0a34aea-a432-4794-aa6c-39e6ea956035,fb5ee690-570b-4ec9-8e42-72f13a984d2e,225,purchase,101,Laptop,Electronics,Rwanda,desktop,google,4,1200,0.04,2026-05-04 22:16:09
ed3b1c1f-b8d9-4c80-b8c0-74883bcf5e72,f91a4f76-7b89-4eee-bbf3-988fb624a6b6,652539,view,102,Phone,Electronics,Rwanda,mobile,facebook,4,800,0.19,2026-05-04 22:16:10
47c8cbd6-56e6-4ffe-9729-f5b21f18dbdc,0a17ef02-be8b-4f8f-92d4-c536e8d78e0d,242,view,102,Phone,Electronics,Ghana,mobile,facebook,2,800,0.08,2026-05-04 22:16:11
d1201762-866e-4d2e-9069-ffa6db354769,59bfcf2d-11f2-4439-9e4f-d1095a3bc0a0,626,purchase,102,Phone,Electronics,Ghana,desktop,facebook,4,800,0.07,2026-05-04 22:16:12
48b16c31-d12a-4d43-a211-9448c50330e4,0bf29c7c-3b18-4172-a1f3-6dc22e646cd5,576493,purchase,101,Laptop,Electronics,Ghana,mobile,facebook,4,1200,0.01,2026-05-04 22:16:13
577b0cd5-0fcc-46dc-ba68-f8e256d7ed92,b310c224-669f-4b97-9cc5-7acccdab6244,393585,purchase,101,Laptop,Electronics,Kenya,desktop,facebook,1,1200,0.03,2026-05-04 22:16:14
39ca0e30-f1f8-4eca-bd09-944ef50a0d52,707db129-790d-44b1-b8fe-c9989dff1d37,762432,view,102,Phone,Electronics,Kenya,mobile,facebook,2,800,0.04,2026-05-04 22:16:15
41f93cc7-7670-47e2-a0a9-a106d3862599,76c5ef2c-32c0-4553-ad72-7c2fea02a448,131438,view,103,Keyboard,Accessories,Ghana,mobile,facebook,3,70,0.1,2026-05-04 22:16:16
0069befe-9f3b-48f2-a32a-e943645d964e,baba289f-0d45-4e0d-855a-6ce2813e0823,482836,purchase,103,Keyboard,Accessories,Ghana,mobile,organic,4,70,0.11,2026-05-04 22:16:17
4958870b-43f4-4eab-aa0b-f2d5d6f53c42,dcbf8454-d3d3-46e1-af82-d9df36fc1df0,674461,purchase,103,Keyboard,Accessories,Ghana,desktop,google,2,70,0.04,2026-05-04 22:16:18
1e8ae9fa-e18e-481c-8a3b-56025282aa49,5ac35847-ea9f-4d40-bd02-111cbf872800,715,purchase,103,Keyboard,Accessories,Ghana,mobile,facebook,5,70,0.01,2026-05-04 22:16:19
22d4161c-ddfb-45a1-98d4-3d53de7e3261,9ec2c83c-bbfc-4177-861c-eab1eb8bdab8,160753,view,102,Phone,Electronics,Rwanda,desktop,facebook,2,800,0.03,2026-05-04 22:16:20
98a0287d-09a1-4835-a042-fb93f5b52c40,172a4d96-f14a-4049-8841-a44bee7e616c,16653,purchase,103,Keyboard,Accessories,Ghana,desktop,organic,3,70,0.1,2026-05-04 22:16:21
8057d8d2-666f-4f92-9088-a916fa7ec9f7,fc27e7ff-7a7a-4df3-b0b9-0545b17bd1a6,499,view,104,Mouse,Accessories,Kenya,desktop,organic,5,40,0.04,2026-05-04 22:16:22
b068b225-09b2-44a0-9295-6850b3e61302,0075e069-6d2f-43d1-8abd-7c2ea15c5bec,676696,purchase,101,Laptop,Electronics,Nigeria,mobile,organic,4,1200,0.18,2026-05-04 22:16:23
2eddc863-b295-4337-b3a6-6e0270994f4c,9d202901-b953-41eb-bf1c-8cf309d48884,134,view,103,Keyboard,Accessories,Kenya,mobile,facebook,1,70,0.19,2026-05-04 22:16:24
d9df6bb4-e28a-4129-8c1c-26177ac0a445,865f4061-b460-4742-8227-c9eabbbc5357,317752,purchase,103,Keyboard,Accessories,Nigeria,mobile,organic,2,70,0.2,2026-05-04 22:16:25
1da2fd2c-bf62-437f-bb3c-24882020649e,933cec81-89dd-42a8-a2e5-bc38f09afdb3,564654,view,104,Mouse,Accessories,Ghana,mobile,google,2,40,0.16,2026-05-04 22:16:26
41f8519f-dca0-4bb8-bc6b-dc04c966766c,b8e16019-f5a6-455f-bffb-12104c7ea903,264393,view,101,Laptop,Electronics,Ghana,mobile,google,5,1200,0.17,2026-05-04 22:16:27
91d87cef-c78e-49e6-8409-e0afae362b66,4c924014-f3f2-4111-b8d4-eaa89a4aabfc,267085,view,103,Keyboard,Accessories,Nigeria,mobile,google,3,70,0.09,2026-05-04 22:16:28
d88073b1-76ba-4d67-99a0-87e08390ac90,1df16d1e-b9ff-48e3-89f3-a071d5deecd2,221026,view,104,Mouse,Accessories,Kenya,mobile,google,2,40,0.06,2026-05-04 22:16:29
214a3cc9-69d1-4368-8fce-9db717316fc9,02aeff88-e158-41ed-8276-e60b0d3dc361,669463,view,101,Laptop,Electronics,Kenya,desktop,google,4,1200,0.02,2026-05-04 22:16:30
e6198de7-d7eb-4a21-b054-d3db4587a9a0,f55456b9-1fde-4ac6-ba37-0b7667f9fa4c,818899,view,102,Phone,Electronics,Rwanda,mobile,google,5,800,0.04,2026-05-04 22:16:31
ec318645-c0ee-4b23-9c44-281e2692036d,0552eb8e-80e2-4c43-b7d3-db2d7f6f214a,28870,view,103,Keyboard,Accessories,Kenya,mobile,facebook,4,70,0.04,2026-05-04 22:16:32
61ea7753-a6cf-4265-a263-6e27ee35b7be,edab4e8d-fc8d-42d0-9e2e-0eba911f78a0,727565,purchase,103,Keyboard,Accessories,Kenya,mobile,facebook,3,70,0.02,2026-05-04 22:16:33
d55ca2b2-8609-49e9-9101-fc52362ae88b,0df0b9e8-c14d-4163-b98f-19ae9ebba7cc,372376,purchase,104,Mouse,Accessories,Ghana,mobile,organic,1,40,0.1,2026-05-04 22:16:34
28b6da23-ddc0-4abf-bc2a-b4bbf8d78f2c,99baba23-a94e-4545-80c1-5246de1100c3,352592,view,102,Phone,Electronics,Rwanda,mobile,organic,1,800,0.16,2026-05-04 22:16:35
73fd4b23-6e6f-448f-bf02-923638df20da,77647306-cba5-4112-87be-248e4634804b,693860,purchase,103,Keyboard,Accessories,Kenya,desktop,organic,5,70,0.09,2026-05-04 22:16:36
c0b8e4dc-9ebe-408a-a57a-d4e75bf268dd,b645b0bb-2a9a-443c-a87c-0ed9fb52e090,726,purchase,101,Laptop,Electronics,Nigeria,desktop,google,2,1200,0.14,2026-05-04 22:16:37
6773e333-d8a4-450d-a183-3ee25ad2e53b,5a9d512d-a4c9-4272-856e-db7a6a99400c,107793,view,104,Mouse,Accessories,Kenya,desktop,facebook,3,40,0.0,2026-05-04 22:16:38
3e914b41-3367-4de8-988f-ef2bc0793956,e8a5faf6-cf7e-48f9-bf13-b933b18c5679,283,view,102,Phone,Electronics,Ghana,mobile,facebook,2,800,0.12,2026-05-04 22:16:39
87dfe71d-4e56-48ed-8408-e5db2af5b679,8803482e-5b3a-4108-a8a8-cef4d2e5f5b3,223143,purchase,104,Mouse,Accessories,Ghana,desktop,organic,3,40,0.19,2026-05-04 22:16:40
9f3d0815-36a3-417c-b7c3-1cf1e180878f,8ba353d3-1df4-47b6-8da1-7fd8e2db1a07,974613,purchase,103,Keyboard,Accessories,Ghana,desktop,google,2,70,0.12,2026-05-04 22:16:41
b209af35-caed-4856-81d0-f360af0bed04,f1d82557-1916-4bac-9376-c1e6333caf9f,239742,view,103,Keyboard,Accessories,Kenya,mobile,organic,3,70,0.12,2026-05-04 22:16:42
9cefc9b7-1841-458a-a771-dd0c3d6f7816,430cf53e-5526-4fe4-9d16-5e8bbece815a,632291,purchase,102,Phone,Electronics,Nigeria,desktop,organic,4,800,0.13,2026-05-04 22:16:43
68580640-adf2-4767-b729-9c9ebd9232c2,beddf9ef-f57b-4db9-aaea-a62d5350f8cb,601328,purchase,102,Phone,Electronics,Ghana,desktop,facebook,3,800,0.0,2026-05-04 22:16:44
e2da8373-fc50-438b-bfa7-10cd2eadbcbb,e520590b-1c8a-4503-88a8-1f3bba60a5ba,133209,purchase,101,Laptop,Electronics,Ghana,mobile,google,4,1200,0.09,2026-05-04 22:16:45
d3cffaf0-43e0-41da-93fb-34913ac745f3,35d180b3-778a-412d-9c6a-edf211a1b59f,798861,purchase,103,Keyboard,Accessories,Rwanda,desktop,organic,3,70,0.08,2026-05-04 22:16:46
645eb8f2-ae26-4980-9687-26b42d69176c,3b3bb935-7b8a-42ec-9037-3bf9d4f5a0c1,434,view,102,Phone,Electronics,Kenya,mobile,google,3,800,0.18,2026-05-04 22:16:47
7c0b4783-cc9a-4a0a-88e3-22a25b280538,2aa12a8e-17c5-43b0-9e9e-6ca69af2e7c8,8,purchase,104,Mouse,Accessories,Ghana,desktop,organic,1,40,0.18,2026-05-04 22:16:48
afdd988f-bb0f-4788-b8c6-d4ece921c3da,7ef202cf-50a6-4d1f-9fdd-427777d4a9f7,137,purchase,101,Laptop,Electronics,Nigeria,mobile,google,1,1200,0.15,2026-05-04 22:16:49
a924305c-7a6f-4656-9e01-9b7a336e1753,92da0783-cd56-4033-9335-7160b97fa003,897,view,102,Phone,Electronics,Nigeria,desktop,facebook,4,800,0.17,2026-05-04 22:16:50
4be1d547-8110-44fe-a9a9-1911d263e4ba,8a914188-f958-4d6a-9c16-480628888975,67165,purchase,103,Keyboard,Accessories,Rwanda,mobile,google,5,70,0.14,2026-05-04 22:16:51
c07515c1-81bf-4fa0-9630-9f98ef8616c6,b181d250-ea2b-4625-8a2a-cfad74caf337,512,view,103,Keyboard,Accessories,Ghana,desktop,facebook,5,70,0.1,2026-05-04 22:16:52
0036a420-a1ad-4a61-9bb0-dc56057c2fda,6995e8f2-55d8-41d9-bac0-6520f7a92ae9,960,purchase,103,Keyboard,Accessories,Nigeria,desktop,google,3,70,0.18,2026-05-04 22:16:53
ec3e8c84-4c3d-4ffe-8b76-3964d8ce1fbf,12250d86-7a7c-456a-88e7-31153cf3a3fc,565345,view,103,Keyboard,Accessories,Nigeria,mobile,facebook,2,70,0.1,2026-05-04 22:16:54
77d3a85a-1120-4459-b3fb-cd292632047b,12bc3f1b-49b1-4403-ba2f-eb3ff6044f24,651,view,101,Laptop,Electronics,Ghana,desktop,organic,2,1200,0.1,2026-05-04 22:16:55
1e667d45-5295-4187-b790-227a8c92344a,96326ed2-e9bf-492a-8b64-d48fdaa90821,101966,purchase,103,Keyboard,Accessories,Nigeria,mobile,organic,3,70,0.16,2026-05-04 22:16:56
575005cf-3f88-4cb6-a667-d6d399a827f8,b5d9b0b1-45e2-4001-ad61-cfec191b054d,309,purchase,103,Keyboard,Accessories,Rwanda,mobile,organic,2,70,0.08,2026-05-04 22:16:57
4bb2f756-db71-48aa-9f03-be1829319bb2,20f6f03f-d9f5-48a5-9ea7-2fee82dd52d4,328158,view,101,Laptop,Electronics,Kenya,desktop,facebook,3,1200,0.19,2026-05-04 22:16:58
b87a7172-6bed-43a3-83d1-7affb13be2cf,1a32cf73-a151-4579-b241-bdc2302bfa6b,320,view,101,Laptop,Electronics,Rwanda,desktop,organic,1,1200,0.11,2026-05-04 22:16:59
c1e2acf6-6f54-4e62-8eb3-c9b6bc0f13c2,d73f02ca-7ae5-4813-8d8e-3daa592fa630,660,view,103,Keyboard,Accessories,Kenya,mobile,organic,4,70,0.13,2026-05-04 22:17:00
7f063d80-be83-4d61-b093-d27b0acd4d4e,df8bb591-0446-4b98-83ab-58375b586d2f,45621,view,104,Mouse,Accessories,Ghana,mobile,google,5,40,0.19,2026-05-04 22:17:01
8be3689d-f9bc-4dd8-9f00-99b0b11b94b8,94e3ef3f-191b-49ad-9919-4e589361569f,263,view,102,Phone,Electronics,Kenya,mobile,google,1,800,0.18,2026-05-04 22:17:02
c3776e07-6580-45e3-8bba-d1b9d48e2d56,08a4f770-e7dd-4c7e-ac89-459fb3c48e14,707853,purchase,101,Laptop,Electronics,Rwanda,desktop,organic,3,1200,0.03,2026-05-04 22:17:03
5f7d4b59-be4a-4214-880a-5d43c579004f,c17efe4e-a9e4-41ab-8f42-51fc419ac99c,139753,view,103,Keyboard,Accessories,Kenya,desktop,organic,4,70,0.11,2026-05-04 22:17:04
6c2ab246-9561-4e0b-a9dd-1a6945268468,457b1734-63a0-44eb-ae48-1d8a13d22546,618,view,103,Keyboard,Accessories,Nigeria,mobile,organic,2,70,0.07,2026-05-04 22:17:05
0ffa3aa5-7bd3-484e-aa20-285a5b35b5b8,ede2298f-beb4-4a7e-850b-2505d45f25dc,985,purchase,101,Laptop,Electronics,Ghana,mobile,facebook,1,1200,0.1,2026-05-04 22:17:06
7340e3df-f2de-4e78-ad0d-cae3b7c5a636,f867f462-6073-44b5-a8fc-eb92469b462e,78,purchase,102,Phone,Electronics,Rwanda,desktop,organic,1,800,0.03,2026-05-04 22:17:07
6ca2b29e-6ba0-4622-8ac0-0788aa930626,ac46b980-925a-474e-9173-d3e2dc50e714,794754,purchase,101,Laptop,Electronics,Nigeria,mobile,google,3,1200,0.01,2026-05-04 22:17:08
952f0c9c-fd0a-4ea6-b20e-978f3c680728,16c05a9c-5ccf-4819-afd4-29056f5fba02,565923,purchase,102,Phone,Electronics,Nigeria,mobile,organic,1,800,0.08,2026-05-04 22:17:09
928fd48e-f787-430a-ac40-c2e323a8f1e9,9f24a232-a89c-4776-a203-6a10dad04d38,930178,view,104,Mouse,Accessories,Ghana,mobile,facebook,4,40,0.17,2026-05-04 22:17:10
ed94917b-c708-4b90-9126-9a27932249c1,4b8ffbad-6361-4875-815a-63fd830fe973,631557,view,102,Phone,Electronics,Nigeria,mobile,organic,4,800,0.06,2026-05-04 22:17:11
27455370-8868-4026-aa8d-ea0b6d97a30e,cd0f6ff6-4655-4b2f-acaa-ff2e99b43919,326291,purchase,102,Phone,Electronics,Rwanda,mobile,organic,2,800,0.16,2026-05-04 22:17:12
6e7931d1-7cbc-42b0-afe8-0288ca03193b,0be5fea1-da85-4bba-a642-7545b713c4d9,192899,view,101,Laptop,Electronics,Kenya,desktop,organic,4,1200,0.1,2026-05-04 22:17:13
4b71c11e-19ea-4bf6-9582-b8cb3a3d52c0,3dee8196-5091-4bbb-a44c-c151c4b3a944,772559,purchase,104,Mouse,Accessories,Nigeria,mobile,facebook,3,40,0.18,2026-05-04 22:17:14
3bbf8db7-34b4-4a06-bccb-6e4d67a37109,7cf45140-cceb-48c5-a38d-13c672807fd7,284732,view,101,Laptop,Electronics,Rwanda,desktop,google,4,1200,0.16,2026-05-04 22:17:15
2de20628-0bbe-4666-b247-2882982c7e7c,06d9bc70-f138-4aa8-9437-974a45e1976b,344936,purchase,104,Mouse,Accessories,Ghana,desktop,google,1,40,0.16,2026-05-04 22:17:16
1537c584-6a17-498d-9c3f-3d63271b7cd5,61c65221-91e8-4e82-9b99-e937a57daacd,767,purchase,103,Keyboard,Accessories,Kenya,desktop,facebook,3,70,0.06,2026-05-04 22:17:17
7bc7a8c5-5726-4f76-b770-c174015b7ef2,6818f0ab-3783-4b95-b432-3b9de3c42767,925641,purchase,102,Phone,Electronics,Nigeria,desktop,google,3,800,0.02,2026-05-04 22:17:18
ac72f47f-ef48-48c5-b2aa-920322774d31,26972bb2-033a-4f99-a7c3-a5dd94ee0506,675,purchase,103,Keyboard,Accessories,Ghana,mobile,google,4,70,0.08,2026-05-04 22:17:19
d40147bc-ce04-4fc7-b842-4927885e10ed,e8dafb28-9a55-46ae-9b1b-32023bded170,449523,purchase,101,Laptop,Electronics,Nigeria,desktop,facebook,2,1200,0.01,2026-05-04 22:17:20
74643036-5e60-4f99-bb3a-0dd0e2038b55,1a8e3938-591c-4af1-a36f-f1ff7fc36e57,813,purchase,102,Phone,Electronics,Ghana,mobile,google,5,800,0.11,2026-05-04 22:17:21
d17caaec-9db5-4da4-b2c5-3bd8bac8dae7,e9532b1b-6b00-4e4f-8a86-1444fee27721,943411,view,103,Keyboard,Accessories,Ghana,desktop,organic,1,70,0.07,2026-05-04 22:17:22
a6c75c88-b544-4f77-8577-73e612cda3e1,32485ee7-fbce-425a-8489-ab73544504a5,711266,view,101,Laptop,Electronics,Rwanda,desktop,facebook,4,1200,0.09,2026-05-04 22:17:23
2e2649da-270a-4cf6-a85c-03cb758ede7e,b2431606-8963-447d-8c1d-b5c307232a49,928,purchase,104,Mouse,Accessories,Ghana,mobile,organic,5,40,0.07,2026-05-04 22:17:24
30d55a17-6194-40f9-abb5-e951cc5509bd,eb254e8a-296f-4cea-a7cc-2821829cb71c,701170,purchase,101,Laptop,Electronics,Nigeria,mobile,organic,1,1200,0.04,2026-05-04 22:17:25
b3c4367b-191e-446d-bbd4-2af5629d2980,73b9e7c5-7627-4209-8efc-75cdaf45d08b,295017,view,103,Keyboard,Accessories,Nigeria,mobile,google,4,70,0.04,2026-05-04 22:17:26
f5c8677e-0f45-4432-9f72-9248998452d8,86e3aa90-f3a1-4b2e-b6a2-21b5607822e5,946319,purchase,101,Laptop,Electronics,Rwanda,mobile,google,5,1200,0.05,2026-05-04 22:17:27
c26a2404-b6ac-46f5-ab58-9b20029845e1,fa42312f-01f3-486a-8f81-4f5149b61f8e,578,view,104,Mouse,Accessories,Nigeria,mobile,facebook,3,40,0.03,2026-05-04 22:17:28
de9d7b0f-b3e8-4fed-bfda-b8f6392eecbe,a174573f-e849-4a19-92e8-9a645036271a,754352,view,103,Keyboard,Accessories,Ghana,desktop,organic,4,70,0.16,2026-05-04 22:17:29
8fff7996-9853-4d72-8df6-e2eec10f0d09,79c650ad-e159-4b5b-a3fc-b22a64eb6087,518819,view,104,Mouse,Accessories,Ghana,mobile,organic,1,40,0.18,2026-05-04 22:17:30
d93a99d4-a8b4-4a64-832c-fbe4780a817a,ead398cb-fb8b-4a31-8f3b-4597aaae26a3,933436,purchase,102,Phone,Electronics,Ghana,desktop,google,5,800,0.03,2026-05-04 22:17:31
d47de519-a954-4600-946a-2bc48616cd4d,b193e996-01ff-4389-8881-aabe795fa2a8,502446,view,103,Keyboard,Accessories,Kenya,mobile,google,1,70,0.18,2026-05-04 22:17:32
9e5b3f93-b9cc-458a-970d-a24b297a19bd,109d7129-6e73-49cb-aba1-484272e4f3fd,35941,view,104,Mouse,Accessories,Kenya,desktop,google,5,40,0.01,2026-05-04 22:17:33
f0aee03a-aba9-469c-8aff-be0346a8576d,a5d85f18-961a-459a-87f9-0375745560be,390482,view,103,Keyboard,Accessories,Rwanda,mobile,google,3,70,0.12,2026-05-04 22:17:34
084e51ab-5052-45d8-a719-8bc273060802,40869e96-561e-4099-8953-5b35a6904697,841120,purchase,104,Mouse,Accessories,Rwanda,mobile,organic,3,40,0.04,2026-05-04 22:17:35
adb43e08-a3f6-4d68-99ce-90712e1603c3,9f0c65be-5896-4fa7-88e4-aab9707b98b0,512653,view,103,Keyboard,Accessories,Kenya,mobile,facebook,4,70,0.15,2026-05-04 22:17:36
d803e582-cd2a-47be-8ac7-f9df2350b165,6a9dc40d-a1b1-4b00-bdac-14bc7097404e,944,view,101,Laptop,Electronics,Kenya,mobile,organic,1,1200,0.13,2026-05-04 22:17:37
03991d48-0680-4998-8960-4c94dffd413c,fa8c71b0-1ffa-445c-bbfc-72998da61fc8,220324,purchase,104,Mouse,Accessories,Rwanda,desktop,facebook,1,40,0.05,2026-05-04 22:17:38
f8eb628a-9c6b-408b-b063-2927986d80c3,a61f16ca-c001-4e79-91ec-09adce724a1f,516,view,103,Keyboard,Accessories,Ghana,mobile,facebook,5,70,0.03,2026-05-04 22:17:39
ff33d012-5d77-43b0-9ed6-345c76a698d1,27a955a3-1399-4fbc-80cc-daf9b88b0aff,265215,view,101,Laptop,Electronics,Ghana,mobile,google,2,1200,0.2,2026-05-04 22:17:40
58469dfe-3bd3-45d7-bd92-b2f19f488da5,f00f242b-11e1-4644-8dc5-b623fa1355bf,927164,view,103,Keyboard,Accessories,Rwanda,desktop,facebook,4,70,0.07,2026-05-04 22:17:41
76d918c1-258e-41d1-a981-94329f615ab8,bad4f6e7-c9fb-46d8-af84-a472cb21bbf9,715,view,101,Laptop,Electronics,Nigeria,desktop,google,3,1200,0.16,2026-05-04 22:17:42
57532fe9-69f3-4ab0-a5a9-d7b98b4ebc19,6df76bc1-cf7d-4dfc-aaf2-b43a2d3afe40,682,purchase,103,Keyboard,Accessories,Nigeria,mobile,facebook,2,70,0.17,2026-05-04 22:17:43
84fc5cc2-9f09-40d4-98b9-e242fc4820d4,a0dfa17e-c590-4cda-b1aa-5805b8aa0d70,946206,purchase,102,Phone,Electronics,Ghana,desktop,facebook,1,800,0.05,2026-05-04 22:17:44
5a8b3bbf-a482-491f-926e-b8355760ced9,e88ea104-34da-47e6-acbc-2cf5b9ae3e39,810929,view,104,Mouse,Accessories,Kenya,mobile,organic,3,40,0.12,2026-05-04 22:17:45
34956cb6-7b1c-4c9b-a2ac-4f1134846b66,95b4b488-eb1a-496a-8c5c-661e8f904d0b,490,view,103,Keyboard,Accessories,Rwanda,mobile,organic,3,70,0.02,2026-05-04 22:17:46
7a037ebe-a66c-45be-9f56-0184d565ee45,827594e2-e1d8-4aa4-b70a-389babe27417,904018,purchase,102,Phone,Electronics,Ghana,desktop,facebook,4,800,0.06,2026-05-04 22:17:47
5eb9ccc3-8741-4803-9ded-29a21687efae,3108caac-6bbc-4f02-80f6-24664cb41ad1,948551,purchase,104,Mouse,Accessories,Rwanda,mobile,google,2,40,0.02,2026-05-04 22:17:48
2bbb2462-2771-4ffb-9d6e-e44da0eddfd1,8abf9365-0772-454c-8db6-44fd30cde910,457818,view,102,Phone,Electronics,Rwanda,mobile,facebook,3,800,0.19,2026-05-04 22:17:49
4fd17ca9-8aa4-43d6-86cd-64892a81608a,c9869021-bb84-44f6-a395-0d98422f0d87,81794,purchase,104,Mouse,Accessories,Rwanda,mobile,google,5,40,0.01,2026-05-04 22:17:50
6a26df21-4bbb-493c-a62f-f826b4dd4004,4b6fc4e6-72e3-4ab2-85d3-d422cef601de,516,view,102,Phone,Electronics,Rwanda,mobile,google,4,800,0.02,2026-05-04 22:17:51
323b1722-c970-47d2-a080-987c81e8afeb,83f4b7b0-1f56-4885-8617-2d60cc3af074,206850,view,104,Mouse,Accessories,Rwanda,mobile,organic,5,40,0.07,2026-05-04 22:17:52
ff933a66-f0e1-4f29-8fe0-02fa3b1964d3,5b580f5b-f0b3-4568-83fc-6268131f9689,745553,purchase,102,Phone,Electronics,Nigeria,desktop,facebook,3,800,0.12,2026-05-04 22:17:53
8049fd1f-28fe-4092-b8e7-6202619212cd,b1a1152b-1f01-4fe5-9eb8-00b9c90c81fa,754910,purchase,102,Phone,Electronics,Kenya,desktop,facebook,5,800,0.16,2026-05-04 22:17:54
ef9e317c-253e-41d4-b866-46026cdf4fd9,0c57d4a0-9b88-4afb-8cf6-6f13803db678,573311,purchase,102,Phone,Electronics,Ghana,desktop,facebook,2,800,0.19,2026-05-04 22:17:55
b5beedfd-2181-47ff-befa-88eaa4047394,1388dda5-37db-4f64-8bf2-7c023bd2071b,76214,view,103,Keyboard,Accessories,Nigeria,desktop,google,3,70,0.02,2026-05-04 22:17:56
c0293e3b-6f33-4f41-b9cc-3abd24eb2c46,3dc8064e-609a-4121-aabc-5dab549e7c9c,393665,view,102,Phone,Electronics,Nigeria,desktop,facebook,4,800,0.16,2026-05-04 22:17:57
b29264a2-7a53-4a03-a6dc-50001df0cf8e,daff9c7c-2fba-4859-b188-202ec4784a2b,297217,view,101,Laptop,Electronics,Rwanda,desktop,facebook,1,1200,0.04,2026-05-04 22:17:58
f95ce97e-432e-4d7a-bba7-968eec854134,097d09fd-19b8-48e0-9299-d90324d24843,661315,purchase,101,Laptop,Electronics,Ghana,desktop,google,5,1200,0.12,2026-05-04 22:17:59
3ea4e6c9-8592-4f00-85c6-6194ff71b846,836956c3-2514-48da-b8fa-7996f5351dce,981,view,104,Mouse,Accessories,Ghana,mobile,google,4,40,0.12,2026-05-04 22:18:00
f3976032-9ef0-4141-a6a3-ff138735773b,d9debe60-19c0-41cb-b46b-c7bc7265e676,878,purchase,102,Phone,Electronics,Kenya,desktop,google,2,800,0.01,2026-05-04 22:18:01
5ff0d7bd-7ff6-4158-8cd3-c6e79e18c886,4c27f12a-1b63-40ac-bb5a-be5a1a45f9a6,168468,view,104,Mouse,Accessories,Kenya,mobile,google,5,40,0.11,2026-05-04 22:18:02
d9542f87-353e-4783-ae5d-2804463630dd,d729afd8-d401-4310-bc28-a2dfe25bc85a,113520,purchase,101,Laptop,Electronics,Nigeria,desktop,organic,2,1200,0.14,2026-05-04 22:18:03
908ba95f-1514-497a-b911-de02317fdcc9,73881bd7-9e1f-45c1-aa5f-05ec9bee00c4,47,view,103,Keyboard,Accessories,Ghana,desktop,facebook,4,70,0.05,2026-05-04 22:18:04
63371682-3235-420b-bbaa-4b65dea58eaa,1fe0fba3-745a-49a9-9a83-989ad26b350e,240,purchase,102,Phone,Electronics,Ghana,desktop,facebook,2,800,0.13,2026-05-04 22:18:05
84aebf1b-2fb5-4c0e-8df8-28cd3e218092,d47091f4-1c88-431f-9c7a-fc46d6ad16a7,496021,view,101,Laptop,Electronics,Ghana,desktop,facebook,1,1200,0.17,2026-05-04 22:18:06
4270398c-e7d9-4610-b59f-baa07e081bca,48e0d336-82db-4b36-ac68-38d92aa5e556,782003,purchase,101,Laptop,Electronics,Kenya,desktop,google,1,1200,0.1,2026-05-04 22:18:07
b3be7bb9-7692-4aa3-b4b5-8e7262baff85,2fd51af0-0ccb-4036-bca2-eebf517dec20,196,purchase,101,Laptop,Electronics,Ghana,desktop,google,3,1200,0.15,2026-05-04 22:18:08
ddee7c2e-099b-4579-acca-1bfca5dbcb88,e30b2caa-2217-4bfc-94d5-1fc1215bfa82,751,purchase,102,Phone,Electronics,Kenya,desktop,organic,4,800,0.12,2026-05-04 22:18:09
9038da65-b600-4246-966a-5cc85b6d16ca,c7bcaedc-4fb0-40ca-aef7-29d1917f955e,526194,view,101,Laptop,Electronics,Kenya,mobile,facebook,5,1200,0.12,2026-05-04 22:18:10
2e5dab55-cae1-44f5-9145-19726012d64a,d079619f-aac4-4c07-a2f1-beaed778578c,248,purchase,102,Phone,Electronics,Ghana,desktop,google,2,800,0.05,2026-05-04 22:18:11
19342aa2-2320-4371-8ffa-7aac2ee7eca3,68c3b718-ecbd-4395-8a18-952a12d4d506,491390,view,101,Laptop,Electronics,Rwanda,desktop,google,2,1200,0.17,2026-05-04 22:18:12
6553f247-b2e7-46a7-b5ab-11d50c153f08,122646ec-6fea-463d-bbb4-296c9263d2a5,63174,view,104,Mouse,Accessories,Nigeria,mobile,google,4,40,0.11,2026-05-04 22:18:13
ff2d1340-c885-4421-aee8-2b7b450364d5,4da7cc86-7bcc-4a06-84f5-1eca10fce867,212505,purchase,101,Laptop,Electronics,Nigeria,desktop,facebook,5,1200,0.1,2026-05-04 22:18:14
80a7cf39-6f48-46fa-8ac3-9db6de95f589,bab01075-09ac-4d76-bb09-f61b15ebcc71,811243,view,103,Keyboard,Accessories,Kenya,desktop,facebook,5,70,0.08,2026-05-04 22:18:15
d4a95ed4-b0ff-4354-9127-fc206a159f30,a92c11fe-c030-47e0-8e2a-cc7c3c65bc23,362166,view,104,Mouse,Accessories,Ghana,mobile,google,5,40,0.05,2026-05-04 22:18:16
14cfe4e0-83a6-40b1-b97c-f31eb5c371a7,84ff9f75-74e2-4fc2-bf5d-e36f06b5bbdb,61979,purchase,103,Keyboard,Accessories,Rwanda,mobile,organic,1,70,0.09,2026-05-04 22:18:17
38755583-d60a-4ec6-b112-4a86888e5977,bc76c8af-f340-4c06-a3b6-2a476337879a,550085,purchase,102,Phone,Electronics,Nigeria,mobile,organic,2,800,0.12,2026-05-04 22:18:18
694716de-0d02-4529-be45-eca68533f6de,c2a4e335-f188-417a-861a-e7503dda8abc,426570,view,104,Mouse,Accessories,Ghana,mobile,facebook,5,40,0.15,2026-05-04 22:18:19
ce1934f4-7f8a-40e4-a768-8bcb73ea6fdd,aaead8ba-8336-4aeb-97b8-ea1c2ccce7a9,251033,purchase,101,Laptop,Electronics,Kenya,desktop,organic,3,1200,0.14,2026-05-04 22:18:20
9f6dd0b5-c53e-48a6-866b-2d02e1b0e5ab,4fb77d6b-f172-427b-8da8-6fb6650c5716,905289,purchase,104,Mouse,Accessories,Nigeria,desktop,organic,2,40,0.11,2026-05-04 22:18:21
a99130b0-1a12-4583-b6fa-96f09873236b,30b8480e-1acf-4dbf-bcd5-51b8664088f4,664931,purchase,104,Mouse,Accessories,Kenya,mobile,facebook,3,40,0.15,2026-05-04 22:18:22
49ca3ac5-5b88-4f4e-9e50-7391808c57f2,360de247-2a7c-4ef8-8f84-35bb46d9a3e8,251819,purchase,103,Keyboard,Accessories,Kenya,mobile,google,4,70,0.13,2026-05-04 22:18:23
bc54386c-c7e3-4b69-ad95-60a1b10580cf,08739fd0-333d-4daf-9387-55572639e070,498045,purchase,104,Mouse,Accessories,Kenya,desktop,google,2,40,0.04,2026-05-04 22:18:24
58912dd5-7adc-4cfe-a6f2-bec02ceb005d,9c25f873-cf6b-415f-9180-6ef9633cc0de,748677,purchase,102,Phone,Electronics,Kenya,mobile,facebook,3,800,0.1,2026-05-04 22:18:25
cb774766-724e-4cf4-9b20-b12ac247e440,890251ec-9ba2-46af-94ca-dc4915a0ea80,441227,purchase,101,Laptop,Electronics,Nigeria,desktop,organic,1,1200,0.15,2026-05-04 22:18:26
80380af8-5a18-4827-8f29-ccc611b3e9ef,88647f2f-1227-4536-869b-5b0269719f43,506361,view,103,Keyboard,Accessories,Rwanda,desktop,organic,4,70,0.11,2026-05-04 22:18:27
12ad0abe-640c-46be-8526-ad3b5fe7fa65,4026664e-497a-4503-a7fa-2d720efc0b5b,403209,view,104,Mouse,Accessories,Kenya,desktop,organic,4,40,0.07,2026-05-04 22:18:28
e034e623-8453-42cb-ad71-ce232515f513,855c3f4d-9f34-4b74-92de-de150f69513d,443854,view,102,Phone,Electronics,Nigeria,mobile,facebook,1,800,0.13,2026-05-04 22:18:29
065a6965-5e4e-4a94-b846-a0fd7db2c0d7,f935cd2e-475f-47c5-ab3d-08fe4e3f8d5e,861139,view,101,Laptop,Electronics,Nigeria,mobile,organic,4,1200,0.07,2026-05-04 22:18:30
e710895a-97d7-4678-a8cd-4201d7e0cd4d,260666aa-9d98-4498-b52a-8dcba4cb018b,854552,purchase,104,Mouse,Accessories,Kenya,mobile,organic,3,40,0.1,2026-05-04 22:18:31
6113c9af-48d1-4147-86d0-0d2bdab44024,151a5a00-47f7-42b6-afbc-9896654dbdb4,602,purchase,104,Mouse,Accessories,Ghana,mobile,organic,4,40,0.07,2026-05-04 22:18:32
2d3f2b7e-42fb-4227-8cb2-7f7671f7c679,423a00e1-ead5-4bcd-a897-249c807fa142,484125,view,103,Keyboard,Accessories,Kenya,mobile,facebook,1,70,0.16,2026-05-04 22:18:33
caad5a78-3297-4256-a325-6e72fa7c1e6c,c5731950-980e-4219-abff-1aa6d88d283a,646,view,101,Laptop,Electronics,Nigeria,mobile,facebook,1,1200,0.09,2026-05-04 22:18:34
49eab37b-567b-4152-8d2b-16f3cd71917b,4b34be29-b805-4639-8b94-d1368dd2fa52,360466,purchase,103,Keyboard,Accessories,Ghana,mobile,facebook,5,70,0.07,2026-05-04 22:18:35
49b04a45-d031-4651-9e28-31dcdf458f0f,32ef3f12-b136-4244-8949-666654009157,215,purchase,102,Phone,Electronics,Nigeria,mobile,facebook,2,800,0.14,2026-05-04 22:18:36
f131e3ec-ee91-4899-8f12-a48ba7ea6230,a580fe49-fbef-442c-abf9-078adb0f0c12,397,view,102,Phone,Electronics,Kenya,mobile,facebook,5,800,0.09,2026-05-04 22:18:37
76513386-f8b1-4b53-bfc1-ae63ac316fa3,10f33997-7f3f-41e2-b766-7ec2b5c90a0b,752,view,104,Mouse,Accessories,Ghana,desktop,facebook,3,40,0.06,2026-05-04 22:18:38
1995ec71-384a-4b3f-8b2d-80e41aa740ca,48313f34-6663-471e-a400-5496404980a3,448,view,102,Phone,Electronics,Nigeria,desktop,organic,5,800,0.1,2026-05-04 22:18:39
4728d6dc-7889-483a-919b-eabded8b4684,d041b7c3-5244-4119-83e9-18c4d3106fa4,660109,purchase,103,Keyboard,Accessories,Kenya,desktop,google,2,70,0.18,2026-05-04 22:18:40
850af895-9124-4fbd-91e9-291ae4c8ee4a,66963e1f-347a-4277-8caa-3f2054d1e0e3,995594,view,101,Laptop,Electronics,Kenya,mobile,facebook,1,1200,0.04,2026-05-04 22:18:41
c1af4537-a46e-4bde-88fa-38635e329caa,c57bbd1b-d56c-4452-86b5-cdffc3603f32,433430,purchase,101,Laptop,Electronics,Nigeria,desktop,google,1,1200,0.14,2026-05-04 22:18:42
eb9fffd6-6e0a-42b5-9a31-db3747bd678f,f163d149-1ce2-4780-96f4-a2c45e51d4fb,620229,view,104,Mouse,Accessories,Ghana,desktop,organic,5,40,0.19,2026-05-04 22:18:43
d8c11aa8-9eb7-41f8-95db-b3feeb741d4d,fa93bb82-531f-4a6c-a366-e072a99a30ff,452702,view,102,Phone,Electronics,Rwanda,desktop,facebook,2,800,0.14,2026-05-04 22:18:44
85997c0c-57d3-4247-8875-83898b0efaff,47272d95-2514-4502-aaa8-d5d88ebad5a1,563412,view,103,Keyboard,Accessories,Rwanda,mobile,organic,2,70,0.15,2026-05-04 22:18:45
2828fa26-e63f-480a-a654-1609e0acc9e8,783ded62-21b3-49ed-9d0c-dd8ccd731acf,694,purchase,102,Phone,Electronics,Rwanda,desktop,facebook,2,800,0.17,2026-05-04 22:18:46
7e6a610a-d61a-4c60-8cf9-2fa39c6cf378,c608af24-d9af-4dd5-be6e-d937cbf95e6f,477458,purchase,104,Mouse,Accessories,Rwanda,desktop,facebook,1,40,0.17,2026-05-04 22:18:47
7d209df1-344e-4eb2-945a-7c3dc5aa16fc,c2f81ad1-d3c2-44a5-b037-43cdf899c41d,624927,view,104,Mouse,Accessories,Nigeria,mobile,organic,5,40,0.03,2026-05-04 22:18:48
89f22cf6-faa1-4fe5-b7f3-daf7434de376,a38520d0-7bf1-456d-bc2f-204b6ae57404,690863,purchase,104,Mouse,Accessories,Rwanda,mobile,facebook,1,40,0.03,2026-05-04 22:18:49
251bcf8e-1a6f-44d7-9168-4c5e5ffd8485,26821cbc-6703-4824-b718-babae4e543b8,664,view,103,Keyboard,Accessories,Ghana,desktop,organic,1,70,0.05,2026-05-04 22:18:50
19c55702-5499-490d-a90f-08f333dc04f7,effcbb02-39dd-4dc7-bc6c-6a5cd87f3686,962683,view,104,Mouse,Accessories,Rwanda,mobile,google,1,40,0.04,2026-05-04 22:18:51
725d460c-1cfc-42b3-8850-5081fdfb3f33,845ad249-137e-4458-8b63-75477d9e386f,543363,view,104,Mouse,Accessories,Ghana,mobile,organic,2,40,0.06,2026-05-04 22:18:52
02ed5085-b8f0-462c-baad-6e2d602a81be,466b0961-168a-4181-b116-49033946a894,285,view,102,Phone,Electronics,Kenya,mobile,organic,1,800,0.04,2026-05-04 22:18:53
7fab20ec-5d71-4e9d-999a-ee20fa18dad7,af0ed4b3-606b-4496-bcc7-1317e1d72e9e,42,purchase,103,Keyboard,Accessories,Nigeria,desktop,organic,5,70,0.19,2026-05-04 22:18:54
743a6678-b954-41f1-951d-1f33d25a51da,e960c1af-b63c-40ac-a3e9-06edff0745af,878850,view,104,Mouse,Accessories,Nigeria,mobile,facebook,3,40,0.11,2026-05-04 22:18:55
fb091007-7bd3-4495-b9e6-5a93ec97b2ae,c6dede3f-5ba5-4bb5-8101-6eacda8bbd63,385500,view,104,Mouse,Accessories,Kenya,desktop,google,1,40,0.13,2026-05-04 22:18:56
7dde9f20-d36a-458c-975c-984b8216fb56,d89e7a7c-d2a0-4460-bc5d-77b491675f04,795371,purchase,102,Phone,Electronics,Kenya,mobile,google,3,800,0.06,2026-05-04 22:18:57
b05a7483-d80a-4a77-85b1-53aa8f827dbf,a873097f-0984-44f6-8173-693fb9fd103f,84621,purchase,102,Phone,Electronics,Nigeria,mobile,organic,1,800,0.01,2026-05-04 22:18:58
d22f1563-fedd-40e3-8fc3-ddfa76e4d14b,8e61ed91-e20a-4941-b2bd-fe75add40827,373978,purchase,103,Keyboard,Accessories,Nigeria,mobile,organic,2,70,0.01,2026-05-04 22:18:59
1e1ad9d7-e33f-489f-81b1-eb4b781b8867,53a71aa2-b40f-4441-b0e5-e4995dc3fdaf,111582,purchase,102,Phone,Electronics,Ghana,mobile,organic,3,800,0.13,2026-05-04 22:19:00
9e93c6a7-1ab3-4cfd-a0a7-520480a1adb1,6db7311a-4569-4435-9b98-eee70e87fc71,51,view,103,Keyboard,Accessories,Nigeria,mobile,organic,3,70,0.17,2026-05-04 22:19:01
43ed7525-3173-4f8d-9f2c-68b839fadbf1,ea80fc30-9fe7-4e87-ac00-8eacdaa6a6ac,666753,purchase,104,Mouse,Accessories,Rwanda,desktop,organic,4,40,0.11,2026-05-04 22:19:02
1a62b816-c0a9-4be8-b705-094d718486a6,784e109f-5b5e-4385-b917-f6a87b9eb17a,669430,view,101,Laptop,Electronics,Rwanda,mobile,facebook,4,1200,0.15,2026-05-04 22:19:03
e4697a3a-7a02-466d-9596-0973c6397849,df851b38-be6b-4601-b8a2-39ea320e4811,660939,purchase,103,Keyboard,Accessories,Kenya,mobile,google,2,70,0.17,2026-05-04 22:19:04
eee846c7-d63b-4bb8-8cac-67393f766481,4daffd7d-6676-41c2-8819-ecd26f941f0f,123,view,101,Laptop,Electronics,Kenya,desktop,organic,5,1200,0.06,2026-05-04 22:19:05
775c2086-b4ff-4ee0-8f19-8938ec29a552,13f7a0f1-990b-47ee-a956-249c43668fa7,359494,purchase,101,Laptop,Electronics,Nigeria,desktop,organic,1,1200,0.13,2026-05-04 22:19:06
