event_id,session_id,user_id,event_type,product_id,product_name,category,country,device_type,traffic_source,quantity,price,discount,event_timestamp
6d27afce-c5ed-402f-9481-be6790d1594a,2cabcc71-861c-4638-8a5d-c7ac5218b77b,228,view,102,Phone,Electronics,Rwanda,desktop,facebook,1,800,0.16,2026-06-21 07:32:27
f1ffc64a-6690-489f-811d-f47ef67aac7c,6b0bc579-9a06-401b-9005-5e672d882394,199681,view,103,Keyboard,Accessories,Nigeria,desktop,organic,1,70,0.12,2026-06-21 07:32:28
f6840a92-ea01-47c4-b248-3004f9082eac,83a5eeef-0dd4-41ce-9723-36ddff82ec2b,439459,purchase,104,Mouse,Accessories,Kenya,desktop,google,1,40,0.05,2026-06-21 07:32:29
15bce39d-cade-4c8b-a8cb-cda1e31d9d52,233f47e6-638c-4241-aa3d-7d99bd49f748,336288,view,101,Laptop,Electronics,Ghana,desktop,facebook,3,1200,0.14,2026-06-21 07:32:30
25c52875-f15a-4ce4-a66d-9db142c906c0,e2713d69-aff4-443c-8706-f70f4724dce9,155048,purchase,101,Laptop,Electronics,Nigeria,mobile,organic,5,1200,0.12,2026-06-21 07:32:31
ea937c49-b022-4e74-a75e-1375215e27da,ec83c8ea-f16d-415a-b8ef-4a991f0ca5e6,658491,view,104,Mouse,Accessories,Rwanda,desktop,google,2,40,0.04,2026-06-21 07:32:32
2a81aca3-9ba6-4787-bfb8-aeb63545c43b,5d218767-77cc-49c8-aa21-b6527089ea91,25956,purchase,102,Phone,Electronics,Nigeria,mobile,google,5,800,0.12,2026-06-21 07:32:33
20586b4f-353b-4a8f-ab15-072308e4ff2e,96d134af-a22b-430c-818f-e996629be566,629761,view,103,Keyboard,Accessories,Rwanda,desktop,google,3,70,0.13,2026-06-21 07:32:34
f5b6da40-e722-4aa2-9152-676a5879af92,381595af-f235-4826-b1e7-ddce1e05140b,495783,view,101,Laptop,Electronics,Ghana,desktop,facebook,4,1200,0.17,2026-06-21 07:32:35
afcc51de-e16e-4c44-b916-f43aff737ecb,cf4916a3-2f1f-4911-9ccd-8df078b1a050,787273,view,104,Mouse,Accessories,Nigeria,desktop,google,3,40,0.11,2026-06-21 07:32:36
a99d1c9c-c6e0-400c-811b-c22a9da72d04,acee8e9f-72a8-44dd-88e7-8703171e4a81,564,purchase,104,Mouse,Accessories,Nigeria,desktop,google,5,40,0.16,2026-06-21 07:32:37
91a401f0-cdf1-4000-b165-232b7984e6d7,50ca70fe-552c-4f02-a813-485adfb7426f,522683,view,104,Mouse,Accessories,Nigeria,desktop,organic,3,40,0.17,2026-06-21 07:32:38
4e6ea974-976f-48e7-8d4d-49e205e5fa93,7e722d09-6068-4299-980d-cd2eb0c675ab,968544,view,101,Laptop,Electronics,Ghana,desktop,google,3,1200,0.03,2026-06-21 07:32:39
e9378b6a-d051-4304-97e6-691982e25abd,5ba568bd-4d40-451f-9f1e-9d5c7ac205be,744054,view,102,Phone,Electronics,Kenya,desktop,google,2,800,0.04,2026-06-21 07:32:40
71e96ef0-2fb9-49a0-9af7-748c2e0c7445,23e05b2c-9a8c-4125-b8a4-18708f75aad5,285941,purchase,101,Laptop,Electronics,Kenya,desktop,google,1,1200,0.1,2026-06-21 07:32:41
489a5aba-d3d4-49fe-8d47-e0c723b9d879,8b38f2a3-2862-42d2-ad9d-4ffa2d6fef88,210087,purchase,101,Laptop,Electronics,Kenya,mobile,google,3,1200,0.19,2026-06-21 07:32:42
c72b861d-bb93-4bfe-b0fc-e33afe30f104,31fa917f-ebab-48fe-ab5a-c0b60f004ac2,889236,purchase,102,Phone,Electronics,Ghana,mobile,google,2,800,0.19,2026-06-21 07:32:43
3953ee9a-8409-4ab8-a310-14b015b18b16,7379fe3c-4a37-4929-ab4c-778a46f30b01,994157,view,103,Keyboard,Accessories,Ghana,mobile,facebook,5,70,0.13,2026-06-21 07:32:44
afba70ba-c1c1-4973-bbea-ece820f6eee0,f767df67-1aeb-4dbf-87b7-8e968a048e78,257,purchase,102,Phone,Electronics,Kenya,desktop,organic,5,800,0.02,2026-06-21 07:32:45
b026c7a6-2d83-4c46-b96c-f2c18c15d76c,cb01ec70-e5bf-433a-ad34-22a4c08b99ee,68434,purchase,103,Keyboard,Accessories,Rwanda,desktop,google,1,70,0.05,2026-06-21 07:32:46
a5bd1cfa-ee12-407a-8342-7c0493b2ed51,6c693ee9-8308-48c3-b5cb-d37c71277f53,952123,view,104,Mouse,Accessories,Rwanda,desktop,organic,5,40,0.03,2026-06-21 07:32:47
9bf21679-8a94-483c-90f6-1d687bef3737,51b0e176-446f-446f-9e0d-c654ad6dbdcb,773,purchase,101,Laptop,Electronics,Nigeria,desktop,google,3,1200,0.13,2026-06-21 07:32:48
7c981622-32b8-4b56-8b5b-49d24c09808c,7cb3fdd1-1025-456b-ad83-e19e787ccd72,586379,view,104,Mouse,Accessories,Kenya,desktop,google,1,40,0.19,2026-06-21 07:32:49
070c9eca-9451-402e-8bd1-a7e478deeb46,513521aa-939b-4f8c-a57f-4042964d0ede,398,purchase,104,Mouse,Accessories,Nigeria,desktop,facebook,3,40,0.0,2026-06-21 07:32:50
2754e5ee-6512-4e5d-a4f4-e985714593ab,b2f8099a-4b6c-4c92-b370-7a1f731344b1,186111,purchase,102,Phone,Electronics,Nigeria,mobile,facebook,5,800,0.2,2026-06-21 07:32:51
bd7a8fff-d463-45b9-bc95-fe5616cd1a50,bcd8726d-a1ce-4786-ac2b-4faf6b8aea93,857794,purchase,103,Keyboard,Accessories,Kenya,mobile,organic,1,70,0.1,2026-06-21 07:32:52
df6e106f-0033-4119-a834-a85b021c9370,aaceaf86-c4dc-43a4-8479-8380892fdbef,113113,purchase,104,Mouse,Accessories,Rwanda,mobile,organic,4,40,0.11,2026-06-21 07:32:53
f465a68f-7341-474c-bd01-ee20d6887896,5278a1b3-a61e-4ca6-95cb-f179a8d7ea87,803,view,102,Phone,Electronics,Nigeria,desktop,organic,2,800,0.0,2026-06-21 07:32:54
597f14d4-c2e4-41ff-a3f5-39a88782afda,239c7886-5f31-4f50-bbb9-28ffe9908eb9,167285,view,101,Laptop,Electronics,Nigeria,desktop,organic,5,1200,0.17,2026-06-21 07:32:55
73fd9b34-ce80-442c-ba69-6585fd718c8e,33a0b258-a5e9-48d0-8b9e-516b8d9e73a1,197,view,104,Mouse,Accessories,Ghana,mobile,google,2,40,0.04,2026-06-21 07:32:56
69b161f2-3924-4976-bc53-3a7499db2c8a,e46066ec-9a9a-44c2-ac8c-5ee75cf2af52,880467,view,104,Mouse,Accessories,Kenya,desktop,facebook,1,40,0.12,2026-06-21 07:32:57
0e83ab4f-9c6b-4c95-a8ef-30dd6bfea262,c5577e42-d189-448f-a200-ef3887a21b64,634016,view,101,Laptop,Electronics,Nigeria,desktop,organic,4,1200,0.08,2026-06-21 07:32:58
8ca66535-9fd1-4f33-83e2-3ef55bf0bdbd,297e9f30-ea33-4d89-8d7e-22a82d17af69,718,purchase,102,Phone,Electronics,Rwanda,desktop,facebook,2,800,0.14,2026-06-21 07:32:59
a682e58e-6849-48b4-80f2-cf8c3951cc64,44a01742-f0eb-4bdd-b563-17f1f0dee816,286304,purchase,103,Keyboard,Accessories,Rwanda,desktop,google,3,70,0.09,2026-06-21 07:33:00
e04ce664-e485-4d6f-86b7-04a22a94b899,c0ab4030-279a-478e-974b-277ec3b5a295,159656,view,102,Phone,Electronics,Kenya,desktop,google,4,800,0.17,2026-06-21 07:33:01
1529f3bb-a570-4f47-9fb4-bdaa9fefed9d,d6f7d03a-f26f-454f-a187-8bfbb607d664,837465,purchase,104,Mouse,Accessories,Nigeria,mobile,facebook,2,40,0.14,2026-06-21 07:33:02
a19c3931-6775-4e77-b914-d36ceae2a9c0,69e03e8b-e9b7-4148-b3ed-e127d4f9c594,880,view,102,Phone,Electronics,Nigeria,desktop,google,3,800,0.11,2026-06-21 07:33:03
a387c85f-d518-4ba2-9c50-a2678df25959,dd8f0a7c-d437-4c94-b616-4b4597fd737c,182536,purchase,101,Laptop,Electronics,Rwanda,mobile,google,2,1200,0.12,2026-06-21 07:33:04
d8d592fc-bb36-43be-a800-668d1f695668,173854c3-ca3a-49d2-b7a4-2556f6ae91e2,228622,purchase,103,Keyboard,Accessories,Nigeria,mobile,facebook,1,70,0.01,2026-06-21 07:33:05
6b6bb633-9743-401e-a1f1-a8ac69f0af31,c6eb0181-4d14-47dc-bf04-902fc4c9f083,938409,view,103,Keyboard,Accessories,Ghana,desktop,organic,4,70,0.12,2026-06-21 07:33:06
019d6ebc-a709-4982-9116-566f18c34b96,3587d4cc-f5af-4db6-9b27-e1004a755cac,786550,purchase,103,Keyboard,Accessories,Nigeria,desktop,facebook,4,70,0.2,2026-06-21 07:33:07
c53cdee0-bb23-4d60-83b6-9be7c3102afc,a337ecb9-020c-46b3-946b-88349c649bd5,199218,view,103,Keyboard,Accessories,Ghana,mobile,facebook,1,70,0.13,2026-06-21 07:33:08
3f4fa917-d518-4aef-805c-b20ed8f59a39,27183863-168a-442e-a133-3f089bfe0f6e,218567,view,103,Keyboard,Accessories,Nigeria,desktop,google,2,70,0.04,2026-06-21 07:33:09
773335db-9751-40d1-b8ef-7ba90e2aa1ca,7b1f032b-e247-4b7a-aa75-0e2fc8c53d5e,102549,view,103,Keyboard,Accessories,Nigeria,mobile,organic,4,70,0.17,2026-06-21 07:33:10
3c2d520c-d728-40c2-b511-56a2350d7b06,fe7b8509-7ef0-4ced-89ee-bf9a846a21a5,975696,purchase,103,Keyboard,Accessories,Nigeria,mobile,organic,2,70,0.08,2026-06-21 07:33:11
0938acb1-b079-4d2d-b0e3-b1c6c8ea43c6,02e5cf6f-6738-4ac9-845b-9e2d541b1517,303174,purchase,101,Laptop,Electronics,Rwanda,mobile,facebook,3,1200,0.14,2026-06-21 07:33:12
4b0e909a-5e74-4391-9555-6c63695f42f9,0f9fe2f6-270d-4caa-ac7f-b070b629649a,707659,purchase,103,Keyboard,Accessories,Kenya,mobile,organic,5,70,0.12,2026-06-21 07:33:13
9844aa12-928a-48f9-9a1b-777833b6a848,4b799588-6f4e-490c-b04b-6461e83b908b,23,purchase,101,Laptop,Electronics,Ghana,mobile,google,3,1200,0.01,2026-06-21 07:33:14
65df992f-2ac6-4e1a-937e-a3354a953ceb,76f5483a-6f81-42d4-8856-8f1a7095ab64,448214,view,104,Mouse,Accessories,Nigeria,desktop,facebook,4,40,0.09,2026-06-21 07:33:15
d60a9d21-2c97-474a-a54b-1f1bcba3745a,a22463c6-2bf0-4960-b73f-32868341dbee,479335,purchase,101,Laptop,Electronics,Kenya,desktop,facebook,1,1200,0.17,2026-06-21 07:33:16
f2f634b1-5056-4fe6-ac0b-6cf10b88e59b,420e4bbf-897d-4d3c-8823-c4b5cb858a3a,286849,view,102,Phone,Electronics,Ghana,mobile,google,5,800,0.02,2026-06-21 07:33:17
f63a1a40-f605-4749-bcb3-87eb694a3717,e68e78f1-a465-4157-9648-4ce863ddbae5,41531,view,101,Laptop,Electronics,Nigeria,desktop,organic,1,1200,0.19,2026-06-21 07:33:18
607b9318-64b1-4726-b865-dd5a37a67e2a,2065afcb-f0d0-4d0b-afff-71f855b86d2f,189,purchase,103,Keyboard,Accessories,Nigeria,mobile,facebook,2,70,0.09,2026-06-21 07:33:19
51b82335-3c68-4f77-9c08-2fd13eec39ce,82a05ce4-bafc-44f1-9d02-d55d4e771c96,572051,purchase,102,Phone,Electronics,Kenya,mobile,facebook,1,800,0.17,2026-06-21 07:33:20
18007985-fece-406c-afb0-0d56945ca7cb,d730ac5d-cf2b-4544-bb20-dc2502e7a1d5,459129,view,101,Laptop,Electronics,Rwanda,mobile,google,4,1200,0.18,2026-06-21 07:33:21
2fcd4b55-5f59-41d1-88e1-daaa1f7eb954,4c826297-5fdf-4ffa-8e04-bfac0f2bb33c,348,view,103,Keyboard,Accessories,Kenya,desktop,organic,1,70,0.03,2026-06-21 07:33:22
3c7ba6f5-f6f5-4544-91a6-4016349b6a0a,9171153a-57ff-41d7-9d81-de3596b5e2c5,486,view,101,Laptop,Electronics,Kenya,desktop,google,5,1200,0.14,2026-06-21 07:33:23
d2e93cb5-76d3-4a33-96a2-534017e10e4d,c351183b-9f7c-4462-b240-72c9c619e254,332638,view,102,Phone,Electronics,Rwanda,desktop,google,5,800,0.17,2026-06-21 07:33:24
8ca2c2a6-4f60-4208-b9ad-7a8fe7c31e88,bb33f790-c38f-4b83-8454-190897c57228,53441,view,103,Keyboard,Accessories,Ghana,mobile,organic,1,70,0.09,2026-06-21 07:33:25
31c2e531-9cc3-439d-b942-887efe135e70,9881841e-0d08-4a8f-a62b-e06cb0c3ba7c,26774,view,101,Laptop,Electronics,Kenya,mobile,facebook,5,1200,0.08,2026-06-21 07:33:26
507369ff-0ace-4f86-8d8b-f18790350ff7,1ae06fe8-e500-42ca-bb7d-60856d85bfcc,253962,purchase,101,Laptop,Electronics,Ghana,mobile,google,4,1200,0.18,2026-06-21 07:33:27
bed8ddcc-9659-4f39-b666-cfc85b09cd7c,ec2ee24e-0512-453a-844b-7f130c529f3b,942020,purchase,103,Keyboard,Accessories,Rwanda,desktop,facebook,5,70,0.13,2026-06-21 07:33:28
63211151-ad93-4bd4-a788-884fa2253ff2,1f3c6b58-d71a-4eb3-a24e-a9644ac4bb49,25697,view,104,Mouse,Accessories,Nigeria,mobile,facebook,5,40,0.14,2026-06-21 07:33:29
22346a8e-dbcf-4fa9-8981-20b8213e1d39,25ab28eb-0da2-4730-bf22-9a1689bccaaa,44794,view,101,Laptop,Electronics,Nigeria,desktop,google,1,1200,0.05,2026-06-21 07:33:30
068d2385-4290-4936-b84e-3d57e5e5044b,a1bc7df5-939c-4b9a-a10b-3e57469b805e,901,view,104,Mouse,Accessories,Rwanda,mobile,google,5,40,0.15,2026-06-21 07:33:31
3a0ed7e6-8b69-4777-a7bf-23a547508a6b,51440bd5-685e-4e7c-abb6-5d531729f382,945733,purchase,102,Phone,Electronics,Rwanda,desktop,facebook,1,800,0.02,2026-06-21 07:33:32
36a7b724-3cd5-4cb5-8a5b-e565e757633d,dfcdeba0-2017-4944-ac8c-108bc5d067ac,811,view,103,Keyboard,Accessories,Kenya,mobile,google,5,70,0.17,2026-06-21 07:33:33
cf56f441-d217-4199-acd2-91fd428fe611,fa759b4a-acb4-42c2-bd9a-6457d975c963,456,purchase,102,Phone,Electronics,Ghana,mobile,google,2,800,0.16,2026-06-21 07:33:34
32d94b47-4b16-401f-a8b8-b4ae28d78a59,19a28ece-9bd8-4cac-bd73-61ac6d1d4399,906995,purchase,102,Phone,Electronics,Ghana,mobile,facebook,5,800,0.11,2026-06-21 07:33:35
18871a26-11e0-4481-bb85-bfd2d38073c4,c891ed7b-5f24-4c6f-90d4-91ec440cca6d,222066,purchase,104,Mouse,Accessories,Nigeria,mobile,facebook,5,40,0.11,2026-06-21 07:33:36
adacc970-4f57-4890-a41d-ae907c1e2707,c1c6cb51-06df-4771-8c8c-4df2a18ee030,739150,purchase,104,Mouse,Accessories,Nigeria,desktop,google,2,40,0.12,2026-06-21 07:33:37
4d261765-3249-45cf-b2ce-996ab2d1f4d5,a4afab13-d57d-4099-8cac-f9cccd427c4e,707217,purchase,102,Phone,Electronics,Kenya,desktop,facebook,1,800,0.05,2026-06-21 07:33:38
f55eb6f6-8be4-44eb-b060-f94679901780,fc29ef8e-fe7b-49be-9329-cd76eed4b0f4,480,purchase,103,Keyboard,Accessories,Nigeria,desktop,organic,5,70,0.11,2026-06-21 07:33:39
f79771b9-8146-4636-81e5-bc2680476f02,b54144e5-aa62-4e53-946a-fb58e4e47d91,477,view,103,Keyboard,Accessories,Nigeria,desktop,organic,5,70,0.06,2026-06-21 07:33:40
e53194e3-3fed-438f-83d7-8d9707feeaf3,d42c7ebe-d5e1-4f34-bd6f-23ce400b1fef,64416,view,102,Phone,Electronics,Nigeria,mobile,facebook,1,800,0.07,2026-06-21 07:33:41
3e203dcd-2d32-4950-b4be-d32a2484691d,3ea5bfbc-062f-4ae1-abc3-a0f9c1a6ee16,990349,purchase,104,Mouse,Accessories,Kenya,mobile,facebook,1,40,0.13,2026-06-21 07:33:42
9e5bec01-ea46-4949-bdea-3d9ab9071a2a,49722541-930d-4263-833e-ad7a3b9d60c2,624976,purchase,103,Keyboard,Accessories,Kenya,desktop,facebook,4,70,0.16,2026-06-21 07:33:43
1a004f67-75c7-48ed-b489-05ac7023a8cc,e97e225e-fee9-49cc-b8df-c8b44449d03d,861,purchase,104,Mouse,Accessories,Kenya,mobile,facebook,2,40,0.07,2026-06-21 07:33:44
1589eea5-4f7e-4313-80b4-5b523c04b42b,9a60ae32-23d0-42dc-bf25-b225e949fbfc,58989,view,101,Laptop,Electronics,Ghana,desktop,google,4,1200,0.17,2026-06-21 07:33:45
e8f13e82-c8c9-4c1d-bbee-a08c0816cfad,3ab74801-9df6-46e7-9565-0515927deda2,921144,purchase,102,Phone,Electronics,Rwanda,desktop,organic,4,800,0.15,2026-06-21 07:33:46
23b7420b-480f-4141-96c1-ff15d884a9d9,d933d987-4b45-4a1d-80b0-f6f24ff6e13d,494,purchase,104,Mouse,Accessories,Rwanda,desktop,facebook,2,40,0.07,2026-06-21 07:33:47
6636c775-5360-49ba-8c38-f02fd3d124b3,cdc07e8b-b5a5-45e6-83c4-b54d7e4be94a,145383,view,104,Mouse,Accessories,Nigeria,mobile,google,1,40,0.18,2026-06-21 07:33:48
3f6b76df-d7dc-4d70-8e8d-9d34c0cbedf3,fdebc890-7b8a-4b94-9b0e-96bc7a65af8d,698109,purchase,101,Laptop,Electronics,Nigeria,desktop,facebook,5,1200,0.03,2026-06-21 07:33:49
a3563b45-a9c0-49d7-84af-139b14e2174d,7afb127d-40db-4cbc-ab6a-af542b7e409c,9693,view,103,Keyboard,Accessories,Ghana,mobile,organic,1,70,0.12,2026-06-21 07:33:50
c083a095-ef2d-4cf4-bae5-d78334fc95be,043f0865-690d-4736-9747-03f5bee0a92a,476544,purchase,103,Keyboard,Accessories,Nigeria,mobile,google,3,70,0.11,2026-06-21 07:33:51
832ea59e-a459-4d9c-afda-ec7e98781838,fca98477-6cdd-4f75-921d-5f43ec6d0900,262662,view,101,Laptop,Electronics,Rwanda,desktop,google,2,1200,0.15,2026-06-21 07:33:52
a02e337f-bdbc-481f-9515-f7cdc7a3fee7,4eb1813e-e5fa-4da5-a23a-cbcb0a1c2e31,233884,purchase,104,Mouse,Accessories,Nigeria,desktop,google,4,40,0.14,2026-06-21 07:33:53
7efb693d-5d49-4f11-b5d5-99dac738592c,b58b0758-207a-4fa7-ac2e-4e04576e4e54,894471,purchase,102,Phone,Electronics,Kenya,desktop,organic,3,800,0.15,2026-06-21 07:33:54
5ffe9f6f-5823-438b-965d-7180dd1f0e97,9b00d3b6-ab9d-4cd6-b2cd-d07d038b8953,464,purchase,103,Keyboard,Accessories,Ghana,desktop,facebook,5,70,0.16,2026-06-21 07:33:55
61adccdd-ec16-44d9-826a-6ae771899101,8175ec4e-0514-4059-a5cd-aeb89bba6810,264591,purchase,101,Laptop,Electronics,Kenya,mobile,facebook,1,1200,0.12,2026-06-21 07:33:56
b13fa630-0cd2-4ec6-bd0a-e0a2fadbc1af,7aa17e5b-6a22-4a52-96ed-408a9aa53bd2,686,purchase,103,Keyboard,Accessories,Nigeria,desktop,facebook,2,70,0.17,2026-06-21 07:33:57
ee9c62d6-f8c9-46bf-bfa1-f65c23806a2e,3ed1a912-6566-4439-a016-f3b8a75f87cb,391409,view,101,Laptop,Electronics,Kenya,mobile,facebook,2,1200,0.19,2026-06-21 07:33:58
537dad69-403f-484b-812f-74b497dd0d71,55126937-6f58-451a-8638-af169e9fcec6,477,view,104,Mouse,Accessories,Ghana,mobile,organic,3,40,0.02,2026-06-21 07:33:59
faa496f6-8556-4581-b7b3-099dd065b647,6c3baa02-9e24-4ad3-b90d-6a4253448195,991585,purchase,104,Mouse,Accessories,Ghana,desktop,facebook,2,40,0.1,2026-06-21 07:34:00
ab1ac166-001c-41a8-806b-9a7ceb74bee8,f9f16650-e17f-495b-8585-96ebf0448ed2,328115,view,102,Phone,Electronics,Kenya,desktop,organic,4,800,0.17,2026-06-21 07:34:01
a7515f78-d6a5-481d-8e7d-0383849cccfc,e5047518-26aa-47cf-8dbf-baa160e53d55,21,view,101,Laptop,Electronics,Nigeria,mobile,organic,4,1200,0.02,2026-06-21 07:34:02
864c3e8a-e8a8-421e-8f91-9b033804fdf0,41a85f89-d5a7-4e47-9f5f-c486ce9d365a,137385,purchase,101,Laptop,Electronics,Kenya,mobile,organic,2,1200,0.05,2026-06-21 07:34:03
815ec295-94f5-44c5-bde0-2731ee14e2f1,17d5224c-7a01-41df-a1a0-70fbacaa03e4,999,view,104,Mouse,Accessories,Nigeria,mobile,facebook,5,40,0.12,2026-06-21 07:34:04
be51e299-a162-488d-90f2-97e5184575eb,c55dc9ab-876b-48b1-8bc9-d5f77a037790,142587,purchase,102,Phone,Electronics,Ghana,desktop,organic,2,800,0.07,2026-06-21 07:34:05
67732ef5-b801-496b-aa2c-2808cef7c1cf,a4801b30-9c82-4d01-8d7c-80f1b69d3555,863141,view,102,Phone,Electronics,Ghana,mobile,organic,1,800,0.03,2026-06-21 07:34:06
af8732f3-8777-432e-85aa-de196a9234c1,f31fb17e-ca92-453b-aeb6-8d8e046624b8,335635,view,103,Keyboard,Accessories,Kenya,desktop,organic,4,70,0.11,2026-06-21 07:34:07
06ed7f07-de9d-48e7-af90-76905672bfe1,8f87097d-ea64-45f6-92d6-4aae224a984a,901235,view,101,Laptop,Electronics,Nigeria,mobile,facebook,1,1200,0.16,2026-06-21 07:34:08
a5f85308-1512-4365-91f0-72321e14b59b,250fd19f-bed3-4cc0-a5c6-ef2836804e2a,362,view,102,Phone,Electronics,Ghana,desktop,organic,4,800,0.16,2026-06-21 07:34:09
bf72ded1-f88e-48cf-87c7-66e44cd65690,b9e5e43d-349d-4046-9352-9c7222124d93,405180,view,104,Mouse,Accessories,Ghana,desktop,facebook,2,40,0.19,2026-06-21 07:34:10
931b857f-7eaf-4164-9814-95ec52b4d20f,1d51d7a2-b881-4a6d-a1c3-9368fe83f98f,605498,purchase,101,Laptop,Electronics,Ghana,mobile,google,4,1200,0.16,2026-06-21 07:34:11
b584557c-6d80-417f-a81d-412027860ce4,79f14187-880d-4832-b5c7-77743b84ccaa,563390,purchase,104,Mouse,Accessories,Nigeria,mobile,facebook,5,40,0.18,2026-06-21 07:34:12
1dc9f376-f9b6-42a0-9c45-050d1c303c65,f3a5502e-2dd8-4588-b4f9-74bca7e31086,866777,purchase,102,Phone,Electronics,Kenya,mobile,facebook,4,800,0.17,2026-06-21 07:34:13
bda72e6b-7749-4314-9f0e-8a641ec1875a,2eb0afa6-aa37-4d6b-bd6d-c1218e17387d,775,view,103,Keyboard,Accessories,Ghana,mobile,google,2,70,0.04,2026-06-21 07:34:14
e216e2ca-a208-4661-9986-a4ed6f532461,b18687af-d43f-485a-9bf3-a58c3d395340,99,purchase,102,Phone,Electronics,Ghana,desktop,facebook,3,800,0.05,2026-06-21 07:34:15
0abb2eaf-b62e-4abe-abb3-262768a3bd4c,1c1e0176-58cd-4fc9-b09d-b0732ca31a9c,351,view,104,Mouse,Accessories,Kenya,mobile,google,1,40,0.08,2026-06-21 07:34:16
18e900ed-5906-4db4-bb26-43e5443967bd,9c6eae5e-d525-4f3b-b6cb-5abe954033b5,35893,view,102,Phone,Electronics,Kenya,mobile,organic,2,800,0.03,2026-06-21 07:34:17
6f254bec-46ce-4c87-85ff-a4da146e6bf5,74110359-4e46-4bb4-8fc3-1f2d5abca10b,193,purchase,102,Phone,Electronics,Nigeria,mobile,organic,2,800,0.13,2026-06-21 07:34:18
9f0a6a7f-f82d-457a-bcd0-88199c7fac9f,39ec745a-7b0a-42fa-8ef5-aeff5af15fd0,123509,view,101,Laptop,Electronics,Nigeria,desktop,facebook,4,1200,0.05,2026-06-21 07:34:19
d9777980-8ab7-4cff-a6c1-db08f0ee7efc,1c27f5e7-2f1b-48d9-8f46-63f8595299d8,28652,view,104,Mouse,Accessories,Nigeria,mobile,organic,3,40,0.07,2026-06-21 07:34:20
f69f227d-0722-47be-bf1f-08d077b570fd,bff9c253-ea2d-4a0f-b1e4-1fdbe573a573,960,purchase,101,Laptop,Electronics,Nigeria,desktop,facebook,1,1200,0.12,2026-06-21 07:34:21
27291fe0-6920-404c-9245-4e38fe66daa5,e8b6a5fb-fbe3-4334-bc6b-1a9c59e944fc,261165,purchase,102,Phone,Electronics,Rwanda,mobile,organic,5,800,0.04,2026-06-21 07:34:22
65f246c8-e376-458a-852f-7c8b248a8662,044aa345-9bf4-42e2-b136-9429ae77835c,145045,purchase,103,Keyboard,Accessories,Kenya,desktop,google,4,70,0.03,2026-06-21 07:34:23
9f66d36b-2a3f-41cd-8bcd-9fa54e29332c,deaf634f-5f04-47aa-82a0-017806b375a6,573,purchase,103,Keyboard,Accessories,Kenya,desktop,facebook,3,70,0.17,2026-06-21 07:34:24
2178a956-fe52-4563-9090-45187596ab3b,c7b4f8c3-74f0-479c-a4a8-19f6be016bc4,704561,view,103,Keyboard,Accessories,Ghana,mobile,facebook,3,70,0.15,2026-06-21 07:34:25
d03eecee-cffb-4853-aaac-a6ec4643aced,930e5ddd-e2b2-4ee7-a2db-0f23097f54fc,879704,purchase,104,Mouse,Accessories,Kenya,mobile,facebook,5,40,0.03,2026-06-21 07:34:26
f28c44ad-22ef-4c7f-8d77-c4e0980498f0,9b228e89-7ed8-4792-9a6c-6a50d13f9212,141,view,104,Mouse,Accessories,Rwanda,mobile,organic,3,40,0.06,2026-06-21 07:34:27
75c3b410-a554-44ed-90e9-a9344fa37b39,e65cf3f8-b898-418f-be1a-6f2e0df5a1d5,547236,view,103,Keyboard,Accessories,Nigeria,desktop,facebook,4,70,0.04,2026-06-21 07:34:28
143b59ed-026e-4ed4-8e88-4c7c6ce6834b,a19cdf5a-1fe8-44d1-8b50-9e93a61e8551,751,purchase,101,Laptop,Electronics,Rwanda,mobile,organic,2,1200,0.18,2026-06-21 07:34:29
d49aa9fc-11bd-43b5-8117-8518e7bcf053,b9365bbf-e2f3-4932-bdd7-e7cbac394506,948,purchase,104,Mouse,Accessories,Kenya,mobile,google,2,40,0.12,2026-06-21 07:34:30
6899dc16-76a0-41d4-bd3e-af658d427b85,88cf7cdc-02b0-4e34-bfb1-00659cc2dee9,286951,purchase,103,Keyboard,Accessories,Kenya,desktop,google,5,70,0.0,2026-06-21 07:34:31
3f15d7fa-2767-45b2-9614-f4464528d22d,b23457ad-a210-4924-9f28-8fd43a94635c,565,view,102,Phone,Electronics,Kenya,mobile,google,4,800,0.09,2026-06-21 07:34:32
79a81339-4309-461e-810d-28c080c773d7,61a92bea-ccc5-4076-9302-60c6dbbd7738,142013,purchase,104,Mouse,Accessories,Nigeria,desktop,organic,4,40,0.18,2026-06-21 07:34:33
a5206b25-490d-4367-92d3-0228a6f46ddc,3eeacdfd-0f22-4086-8ccc-68969821fb6f,827952,purchase,104,Mouse,Accessories,Nigeria,mobile,google,2,40,0.14,2026-06-21 07:34:34
20893ba3-0870-450a-8077-1305758d61f4,3dcf9879-c188-4ca7-830c-1008c0261164,776,purchase,103,Keyboard,Accessories,Nigeria,mobile,google,5,70,0.11,2026-06-21 07:34:35
446fbba6-4164-4ace-bc9a-bddd5bbba027,1e69fe63-4876-4888-9dc4-2d9620ea2573,246,view,104,Mouse,Accessories,Ghana,desktop,google,4,40,0.11,2026-06-21 07:34:36
21cab60c-cc59-4d89-ace1-fe9b438cdf99,bceb4aca-5696-48ba-8c17-d87b12532350,727,view,103,Keyboard,Accessories,Rwanda,desktop,facebook,5,70,0.0,2026-06-21 07:34:37
60a06f81-1410-47fc-bdd6-45772a3b1137,a4211871-96a6-4ecb-a083-926b007cd60d,271,purchase,102,Phone,Electronics,Rwanda,desktop,google,3,800,0.17,2026-06-21 07:34:38
5ff18da1-6049-499d-b425-9a4745615b6a,7cfe8695-f712-41bc-b65c-8cd6a695e27a,509119,view,101,Laptop,Electronics,Rwanda,desktop,google,2,1200,0.02,2026-06-21 07:34:39
4e512623-5bde-4fd2-8354-0e5b8a62b400,dc500fc9-bd38-4248-b753-57c4ea2c06fa,221,purchase,102,Phone,Electronics,Rwanda,mobile,organic,3,800,0.19,2026-06-21 07:34:40
6d529b89-8306-430f-be51-fd99754eb5e0,c934c3a9-5ba7-4697-b85e-3d87eba2b11e,413,purchase,101,Laptop,Electronics,Rwanda,mobile,facebook,1,1200,0.17,2026-06-21 07:34:41
691ed28d-721d-40ce-9af7-67096e9fac18,b2e52db4-da64-4a2c-be75-108cf8b77daf,6,view,103,Keyboard,Accessories,Nigeria,desktop,google,1,70,0.2,2026-06-21 07:34:42
a61a3cd6-bfbf-4feb-a3bb-0be01405bd40,5c0253bd-b9af-48c3-87e2-ffe27c245182,424,purchase,102,Phone,Electronics,Rwanda,desktop,organic,1,800,0.09,2026-06-21 07:34:43
51fcbc74-f65a-47f1-a168-a3508c2427a7,55cfedba-cb96-427b-be16-505f916d95e3,298,view,103,Keyboard,Accessories,Kenya,mobile,facebook,4,70,0.17,2026-06-21 07:34:44
28faa79b-41dd-4037-8f92-2c8dfcc14356,dc83a19a-f28f-4adc-8fec-3d4bebc6f470,103812,view,103,Keyboard,Accessories,Rwanda,mobile,google,3,70,0.16,2026-06-21 07:34:45
7823c278-f8e9-478b-9c42-b9f5085c1873,9b6db34b-2191-45a3-9792-5f6f1acfd11f,80144,view,102,Phone,Electronics,Kenya,desktop,organic,2,800,0.19,2026-06-21 07:34:46
e2944e90-4930-49d4-baa4-7f9dcf0e0e88,e3a326bf-a274-43e2-a80f-898856ad42f4,509188,purchase,102,Phone,Electronics,Nigeria,desktop,google,5,800,0.12,2026-06-21 07:34:47
c8bcc083-4b21-4c61-a10b-bc57279ee480,d5ee68ee-3502-421d-95d2-b50a5012049a,252238,view,101,Laptop,Electronics,Ghana,desktop,google,4,1200,0.1,2026-06-21 07:34:48
93f32859-5620-4ff5-bf25-a49f507fc9dd,e494a515-bab2-4a72-a9d3-e6fc31987872,711891,purchase,101,Laptop,Electronics,Ghana,mobile,facebook,2,1200,0.06,2026-06-21 07:34:49
a0c22628-1c5d-4f48-a41f-875c796e7515,897730e6-932f-496a-85d7-b1845be4ff46,97442,purchase,104,Mouse,Accessories,Rwanda,mobile,organic,4,40,0.02,2026-06-21 07:34:50
9b4eb6ff-d6f9-4327-8cb1-5f203d0d60b5,fc6b954b-faed-4eaf-b64a-4d6ce85b1202,119527,purchase,101,Laptop,Electronics,Ghana,mobile,facebook,2,1200,0.2,2026-06-21 07:34:51
4dec81c2-146c-4186-8662-da09e5d5ec35,f2ee44ce-bb8e-4833-b7b9-f6d2668eed2d,652206,view,103,Keyboard,Accessories,Rwanda,desktop,facebook,5,70,0.02,2026-06-21 07:34:52
8c770cac-0368-4ecf-9ccc-fffcede64de9,65d837a0-7a7a-4245-a9d8-e92c2d18344b,166154,purchase,102,Phone,Electronics,Nigeria,desktop,google,3,800,0.08,2026-06-21 07:34:53
61a94469-4924-44a4-9b8b-75370a817b6c,45658eb3-c819-4088-963a-82709a556937,528717,view,101,Laptop,Electronics,Nigeria,mobile,google,4,1200,0.03,2026-06-21 07:34:54
5025fa11-2323-4152-9525-daa9c59880f8,fbe2999c-7ed5-422b-b441-83377d902eb8,197,purchase,102,Phone,Electronics,Ghana,mobile,facebook,4,800,0.03,2026-06-21 07:34:55
8bd5282b-3f38-4c99-ab54-ae563d10a06a,8e0efcd9-a130-4c30-aa9b-0c7dc47b05ea,218564,view,103,Keyboard,Accessories,Ghana,mobile,google,3,70,0.13,2026-06-21 07:34:56
1d297f91-3c79-48e1-8aa1-b7c1dfc8a53c,7e64a54f-10b1-44c4-8d5c-1b41e913cc44,51868,view,104,Mouse,Accessories,Rwanda,desktop,organic,3,40,0.18,2026-06-21 07:34:57
03eec313-7f57-4e8f-9482-0cf82c4299f1,047d5b91-3305-4981-a9c3-6246acd0f9c8,474165,view,102,Phone,Electronics,Ghana,mobile,organic,5,800,0.15,2026-06-21 07:34:58
af7378f6-4f7a-4c72-a70a-a376e8d654ba,529dd060-5a2f-4d68-9643-65cac5261a69,415,view,104,Mouse,Accessories,Rwanda,desktop,facebook,4,40,0.08,2026-06-21 07:34:59
fe14ae1d-6b51-4910-9d84-05f7db4d6f18,9c583d53-d3e5-44c5-a515-a5528fd0fa3a,760823,purchase,104,Mouse,Accessories,Nigeria,desktop,facebook,4,40,0.04,2026-06-21 07:35:00
050accf6-0cce-4818-a79f-d5ab616d8935,cbaa4d16-e48c-4abe-b730-5d09e682d7f0,347608,view,103,Keyboard,Accessories,Ghana,desktop,facebook,4,70,0.19,2026-06-21 07:35:01
25b9c458-b945-45ab-86a3-7d219f3de60e,15de184c-fb92-4580-9083-76f6c5f31928,868,view,102,Phone,Electronics,Nigeria,desktop,google,2,800,0.02,2026-06-21 07:35:02
b468d8da-6dea-4857-a404-332915d906ac,a3af0752-5174-4e40-9f8a-3de0e2f69c53,298218,view,103,Keyboard,Accessories,Ghana,desktop,google,4,70,0.06,2026-06-21 07:35:03
8b35c893-48ca-4ae7-9930-f9171c9b905f,b3be325a-a50a-4ce0-bb73-48067ebef13b,4,view,104,Mouse,Accessories,Rwanda,desktop,google,2,40,0.06,2026-06-21 07:35:04
37ff8be5-8151-455e-9b81-8d5421b7de98,25e2975f-d31e-48d5-9477-93ad5b6b58df,768576,view,101,Laptop,Electronics,Ghana,desktop,facebook,1,1200,0.17,2026-06-21 07:35:05
c29ae473-447e-4793-8e64-88b702bc3f48,5d837fd2-fa36-4319-bf06-55f79a215b54,644588,view,101,Laptop,Electronics,Rwanda,desktop,organic,3,1200,0.19,2026-06-21 07:35:06
ffe93d0b-e880-43d2-a533-0fada91597cc,f271c339-56cc-4c9b-ad59-1de203c8370a,412855,view,102,Phone,Electronics,Rwanda,mobile,google,2,800,0.05,2026-06-21 07:35:07
6f804dd0-4ce1-475a-b30c-dde19328f59a,f0504c65-b8ce-4d25-81de-02de7d382287,594153,purchase,102,Phone,Electronics,Rwanda,desktop,google,2,800,0.16,2026-06-21 07:35:08
686ad560-ee9c-4660-8474-3f0d855fdb5a,fcdda252-3810-47a5-9fbf-57dbf6ec98ed,427755,view,101,Laptop,Electronics,Ghana,mobile,organic,1,1200,0.11,2026-06-21 07:35:09
06fd0bcd-1f81-44a7-94eb-4f81543b155a,ab85ef24-f17d-4c7b-bd94-34c4b7daa0a0,983,purchase,101,Laptop,Electronics,Ghana,desktop,google,3,1200,0.11,2026-06-21 07:35:10
8b7ca145-34ea-49c4-b78e-beee6a682186,dad274ce-eb89-4732-aa21-89683690cb01,611804,view,101,Laptop,Electronics,Kenya,mobile,facebook,4,1200,0.06,2026-06-21 07:35:11
52687c33-4118-4a33-b4c6-c231a3d6c031,09545b05-7f68-4b05-bb5c-fe659529304e,560,view,101,Laptop,Electronics,Nigeria,mobile,google,2,1200,0.09,2026-06-21 07:35:12
701d3db0-8431-4cc4-9f6f-05441c75ff0c,7a786e6e-970f-4f5d-bd80-8531f528388d,999,purchase,102,Phone,Electronics,Nigeria,mobile,google,2,800,0.2,2026-06-21 07:35:13
4b661242-538f-40cb-b53b-11df3ec9ec35,779384cd-4060-4be8-825e-14a89e7bef17,103718,view,102,Phone,Electronics,Nigeria,mobile,google,5,800,0.1,2026-06-21 07:35:14
ad0ae474-880d-4f6c-b6b9-8759ca955fde,f893bcd5-5bb8-4c62-8d7a-a9623cdeb8db,753871,purchase,104,Mouse,Accessories,Nigeria,desktop,organic,3,40,0.06,2026-06-21 07:35:15
2996350c-28eb-4495-983b-387776d007e5,ab185ad2-1d85-4f1e-8510-f95d8a007b42,686814,purchase,102,Phone,Electronics,Nigeria,desktop,organic,5,800,0.01,2026-06-21 07:35:16
6b9a4bd4-2e98-4221-af29-acfc73b8232f,3d587aa4-eabc-44f3-8f30-a29ee427c113,639737,purchase,102,Phone,Electronics,Ghana,mobile,google,3,800,0.11,2026-06-21 07:35:17
157aa0fb-dab9-4b71-a5b4-82d9a6018639,bb6ba83f-bf76-4843-948e-7218d106dd13,526045,purchase,104,Mouse,Accessories,Ghana,mobile,google,1,40,0.17,2026-06-21 07:35:18
f8f0cd22-f578-4235-a560-b5ee70097040,b1d4f305-27ad-4cd1-bf48-bd808abc30af,211,purchase,103,Keyboard,Accessories,Kenya,desktop,facebook,2,70,0.13,2026-06-21 07:35:19
1931cdf3-72ea-44bd-a380-bb2e1bee2642,5998c750-a060-48cd-8ea2-9947d3666a2f,758667,purchase,103,Keyboard,Accessories,Kenya,mobile,facebook,3,70,0.06,2026-06-21 07:35:20
3085a50f-3c49-49e2-b242-561393a5cf2f,dab2ed52-ff46-4a18-b2cf-03f8fecf6294,816996,view,104,Mouse,Accessories,Rwanda,desktop,organic,3,40,0.14,2026-06-21 07:35:21
0a275ea2-f6bf-4298-8024-102effad259c,a413a3db-b8f8-48e8-8c43-cf921eb2b1b9,23562,purchase,102,Phone,Electronics,Kenya,mobile,google,1,800,0.02,2026-06-21 07:35:22
39989a39-40f1-4d59-a892-98c9c5504e4f,e38039cc-5913-4c6b-bce3-979e3ce07a1a,191540,purchase,102,Phone,Electronics,Rwanda,desktop,google,1,800,0.03,2026-06-21 07:35:23
fa28215d-71cb-48c2-b91a-75e4be37b02b,f2a1262e-d591-42b2-bce3-a93f4db3afb8,977485,view,102,Phone,Electronics,Rwanda,mobile,google,4,800,0.17,2026-06-21 07:35:24
08cc1f24-4394-42ff-93f8-3072f7a80048,ac0a6035-2db7-4c63-b6c5-ac412c9510d4,714522,view,101,Laptop,Electronics,Kenya,mobile,organic,2,1200,0.09,2026-06-21 07:35:25
76f3f331-1eaa-4a6b-b152-06553914b8a0,abb7a49e-9b9a-4540-8f89-798686b0d6f0,384737,purchase,103,Keyboard,Accessories,Rwanda,mobile,google,5,70,0.08,2026-06-21 07:35:26
a869d099-d7d6-4fc0-99b3-cd35bafda167,aa6bbf61-b27b-46da-9e01-31df5945e389,720312,view,102,Phone,Electronics,Nigeria,mobile,organic,3,800,0.16,2026-06-21 07:35:27
0616ca4c-e68d-44a2-947e-f1c3b625bb19,1f5d4081-6ad5-4f0f-932d-21ff4561bb54,916,view,103,Keyboard,Accessories,Kenya,mobile,facebook,1,70,0.05,2026-06-21 07:35:28
f352b224-ea59-4c4f-99f6-c5afbb1fbb64,6a47424a-95e7-4d36-bb38-e3ca61d075b4,727175,view,101,Laptop,Electronics,Nigeria,desktop,google,5,1200,0.04,2026-06-21 07:35:29
a0006d6d-0867-44ab-800b-7350357db9c9,aff1665c-a737-47c6-a14d-22f1ac541e97,821,view,104,Mouse,Accessories,Kenya,desktop,google,4,40,0.04,2026-06-21 07:35:30
b0e7eedc-a99c-4917-b465-641250333f9d,26ce55a8-f75e-4afd-81ee-74e079850d41,867664,view,104,Mouse,Accessories,Ghana,mobile,google,2,40,0.02,2026-06-21 07:35:31
64267f8c-5cbc-4897-8b0c-8b743859c64e,22b034a2-d10d-4c98-82a7-1f46e2f82458,989,view,104,Mouse,Accessories,Kenya,mobile,google,1,40,0.07,2026-06-21 07:35:32
95e78942-1956-4407-95db-622c55b6c6b8,cd9bf7d1-1aef-44c6-97e1-f318764bf6d7,215,purchase,103,Keyboard,Accessories,Ghana,desktop,google,1,70,0.18,2026-06-21 07:35:33
98c72945-eb25-42ae-8f3b-1c4f2bdbcfaa,7441d755-799e-4083-a9c9-51ca809abd6b,345348,purchase,101,Laptop,Electronics,Ghana,desktop,google,2,1200,0.03,2026-06-21 07:35:34
150b7fb0-e30d-4393-8c9d-b3408199c88f,2283e4e6-31f2-4e26-a0d3-4d366150117a,565808,view,102,Phone,Electronics,Ghana,mobile,facebook,3,800,0.1,2026-06-21 07:35:35
bbf01837-6a7d-4121-9734-777f34b05543,2b0a4782-1997-4a3b-87ce-1d8af04a461e,865,purchase,103,Keyboard,Accessories,Kenya,desktop,google,3,70,0.14,2026-06-21 07:35:36
c6343636-63fd-4659-aee6-2157a887225e,2bfd4a43-8401-4e63-a300-1a52d96cb66a,929611,purchase,102,Phone,Electronics,Ghana,mobile,organic,4,800,0.15,2026-06-21 07:35:37
2696fa7e-2bd1-453f-952a-aa0b35dbb01e,0889a8b5-f6b8-4262-8f76-419cf3c0461f,884,purchase,101,Laptop,Electronics,Ghana,desktop,organic,2,1200,0.05,2026-06-21 07:35:38
76bd142d-6b3c-4467-a219-2619f95126f7,df811b92-2c93-4728-bc6a-afef0204d2dd,851345,purchase,102,Phone,Electronics,Rwanda,desktop,google,4,800,0.01,2026-06-21 07:35:39
1b4b66d5-ce06-426e-a2ad-8c309e39117a,5259c37b-9aec-4479-aaed-6261ac0a1741,614,view,104,Mouse,Accessories,Ghana,desktop,google,2,40,0.14,2026-06-21 07:35:40
4fcc2fc2-729d-4264-809b-7adb11693a08,34da646b-22c5-4ded-999e-746035c0af94,303,view,101,Laptop,Electronics,Kenya,desktop,facebook,2,1200,0.02,2026-06-21 07:35:41
a2407192-aa07-4ca8-9845-94e70a0933f8,245d8f31-910f-42e3-90da-5da230c8a102,75360,purchase,103,Keyboard,Accessories,Rwanda,mobile,google,4,70,0.11,2026-06-21 07:35:42
4d84cd38-a698-4542-b886-b56ad50b44e3,d7d7f4ae-0734-46a5-91e8-e90c814f6283,338,purchase,102,Phone,Electronics,Kenya,mobile,organic,3,800,0.17,2026-06-21 07:35:43
db085a4b-a089-4baa-98c6-702b7457e8ca,ee9bf415-2151-4b7b-a6dd-f1b4f9641be3,129,purchase,103,Keyboard,Accessories,Rwanda,mobile,organic,5,70,0.19,2026-06-21 07:35:44
650d15a5-319a-44bc-9753-9ec96fa18026,3edf82cc-27b1-4cbe-98c7-42a493658d4a,351794,purchase,104,Mouse,Accessories,Kenya,mobile,google,2,40,0.14,2026-06-21 07:35:45
aee37d55-f41b-4444-b78f-ec2a57272b9c,3993b78f-d1a8-4871-9a58-7994c98664c8,947414,purchase,102,Phone,Electronics,Nigeria,desktop,organic,5,800,0.13,2026-06-21 07:35:46
77d1125d-441b-441b-811d-4c7773a509bd,9a6d3d45-2a84-4a28-81dc-7e494d240555,455798,purchase,101,Laptop,Electronics,Kenya,desktop,organic,3,1200,0.13,2026-06-21 07:35:47
2d7749a9-c547-44cc-b9a0-697601e9d88f,887845c2-d8d9-4eb9-a86a-eb5ada3b89d6,301626,view,104,Mouse,Accessories,Ghana,mobile,facebook,3,40,0.05,2026-06-21 07:35:48
2d5ac83c-ffe8-41d4-b590-03c69cd5e54f,deada7b6-ab11-455d-bd37-d2f127276187,13,view,103,Keyboard,Accessories,Kenya,desktop,organic,4,70,0.02,2026-06-21 07:35:49
7d46bad3-d25f-4eb6-9380-a2957c95104f,67387fa8-15b8-499c-a738-bb609f40ab31,238944,view,103,Keyboard,Accessories,Nigeria,desktop,organic,3,70,0.18,2026-06-21 07:35:50
c5f3bb4c-3599-45d0-b6d6-08442c30b646,609a7774-8beb-4a2c-81f2-757a7dc2ae1e,490693,purchase,102,Phone,Electronics,Ghana,desktop,google,4,800,0.07,2026-06-21 07:35:51
cb4c3a06-d48e-4930-8684-2a1cd03732e5,839df2f1-6bb4-45d9-838b-1475e94f2563,888715,purchase,104,Mouse,Accessories,Ghana,desktop,organic,3,40,0.16,2026-06-21 07:35:52
0bbd83f2-9acd-45b5-937b-884ab2cba270,d0c0e4e5-dc54-444e-8ac4-72c0861e0dae,964,purchase,101,Laptop,Electronics,Kenya,mobile,google,1,1200,0.11,2026-06-21 07:35:53
e1643d11-85ba-4247-8162-1fddfd44cb1c,229f118f-cdd9-4d47-b836-e3c61bdb3844,874,purchase,103,Keyboard,Accessories,Rwanda,desktop,organic,1,70,0.04,2026-06-21 07:35:54
d36d59e1-2fbd-4723-b5f9-9c57313e0973,8669c097-c4b8-4555-8972-532630d89a19,390,view,104,Mouse,Accessories,Ghana,mobile,organic,4,40,0.15,2026-06-21 07:35:55
8bf80eae-7703-4baf-83c8-5283a2382350,268f0a36-c985-481d-b983-5b19a0cd390a,214494,purchase,104,Mouse,Accessories,Ghana,mobile,google,5,40,0.18,2026-06-21 07:35:56
3d95ffa0-9605-4ff0-9b17-4731815eb744,a5752bd1-d468-4af6-b9d9-4fdad7e8cec8,468208,purchase,103,Keyboard,Accessories,Rwanda,mobile,facebook,3,70,0.11,2026-06-21 07:35:57
007d96f1-199d-4cee-a01c-a0d385761fd7,183d6b14-4a0f-4ec0-8f27-c7313c3cdd55,110291,view,103,Keyboard,Accessories,Nigeria,desktop,facebook,5,70,0.19,2026-06-21 07:35:58
983535e7-2c4a-46d5-b2e2-df9dd344ee35,760f98bc-cbeb-44a4-94ba-dbe10bfe363c,727852,view,101,Laptop,Electronics,Ghana,desktop,facebook,3,1200,0.13,2026-06-21 07:35:59
1b75da8d-dd8b-4f9c-834a-199c3930870d,eac0ca36-094d-4510-b181-88c2b4b7821b,810579,view,101,Laptop,Electronics,Kenya,mobile,organic,3,1200,0.13,2026-06-21 07:36:00
1049250b-df31-456a-954b-1c8b70bbf3c6,98bf33f4-7a5b-4db3-a58e-5d2c9ed42b62,921342,purchase,103,Keyboard,Accessories,Ghana,mobile,organic,4,70,0.04,2026-06-21 07:36:01
0f71725c-0480-441b-9c96-74e2133fff2a,bba11416-67b2-4abc-bcbc-9fce93de681b,321,view,102,Phone,Electronics,Rwanda,desktop,organic,5,800,0.11,2026-06-21 07:36:02
24e886d3-cdb7-46ba-a4df-32ba449a156a,fb7d23c3-d601-4de6-b618-6d60dbc26886,713,purchase,101,Laptop,Electronics,Rwanda,desktop,google,2,1200,0.1,2026-06-21 07:36:03
4f56c96c-bfb3-44db-a0a8-2ae8c1713b6c,361719ec-9552-4d57-a959-b382ca90a0da,252,view,104,Mouse,Accessories,Kenya,mobile,facebook,1,40,0.08,2026-06-21 07:36:04
c7033299-7fd2-41a7-8b31-9f5e07817003,fa40b1d2-fa3a-43de-b92f-0ddb6a218963,611912,purchase,102,Phone,Electronics,Nigeria,mobile,google,3,800,0.1,2026-06-21 07:36:05
b6b86840-3f3d-4a6c-8704-0cffe1a728f8,5daa26ad-bed6-47e4-99e7-735cbeb1101b,592992,view,103,Keyboard,Accessories,Nigeria,mobile,facebook,5,70,0.06,2026-06-21 07:36:06
bf88084b-42db-4533-8daf-34d9c01c2724,5960a023-7c46-41c2-972f-b9c518e51bab,127,view,101,Laptop,Electronics,Ghana,desktop,facebook,5,1200,0.07,2026-06-21 07:36:07
ca9c3d4c-d96e-4925-9f45-277b8d9b587e,90ebd202-238b-4831-8184-aa57ff55923f,360,view,101,Laptop,Electronics,Ghana,desktop,facebook,5,1200,0.04,2026-06-21 07:36:08
7ccbb06a-73c0-4f42-8c03-5b870c312199,1685c8ac-1ad8-4ea6-b269-9a1a2a5b5594,143,purchase,102,Phone,Electronics,Nigeria,mobile,google,5,800,0.16,2026-06-21 07:36:09
cf108c30-acb7-4225-9e69-e08123315343,5b9fa49f-e527-4478-98cb-a23aa331d7ed,385405,purchase,101,Laptop,Electronics,Rwanda,desktop,google,3,1200,0.17,2026-06-21 07:36:10
ef943482-0ac0-4f0e-a12b-b1e9a5ef0548,a22ca7bd-c080-49db-877b-2f97778966cd,947,view,104,Mouse,Accessories,Rwanda,mobile,facebook,3,40,0.06,2026-06-21 07:36:11
f580d2a7-7249-4308-a197-153bf6982c7a,de62fa24-ee77-4528-b973-585a1e99aa8a,79613,view,102,Phone,Electronics,Ghana,mobile,organic,2,800,0.1,2026-06-21 07:36:12
1ec324d9-a728-403c-9c06-1c63ae4d5c60,1d116589-94ca-462f-8708-9f1ea09f88a0,287288,purchase,103,Keyboard,Accessories,Rwanda,desktop,organic,1,70,0.16,2026-06-21 07:36:13
f5afa444-ced5-4b68-a2cf-fcc394b2fe71,ab3b0480-ac85-43a8-b596-eb19332e5aaf,751473,purchase,101,Laptop,Electronics,Rwanda,desktop,facebook,4,1200,0.02,2026-06-21 07:36:14
199ce833-cfe6-47f6-8e56-44f840af2894,29129821-f223-4e83-b9fc-965fd1fc71c4,612,view,102,Phone,Electronics,Nigeria,desktop,google,3,800,0.17,2026-06-21 07:36:15
c884beaa-e71a-4bec-9754-5c38b923309a,33a38537-04b5-4a57-addd-6c4a4696d720,939,purchase,103,Keyboard,Accessories,Rwanda,desktop,facebook,2,70,0.03,2026-06-21 07:36:16
aa536037-008e-43a3-af48-f0c22470b006,f7fba995-8b4d-421a-8a92-0cf26dfa4c38,571480,view,103,Keyboard,Accessories,Kenya,desktop,facebook,4,70,0.07,2026-06-21 07:36:17
ffa9f8ae-ab2c-4353-baa8-91d15e172bbb,ef00f35f-10e6-4890-8b07-28b7e57544e3,4563,view,102,Phone,Electronics,Kenya,desktop,facebook,4,800,0.18,2026-06-21 07:36:18
325807bd-c632-4c30-8ea2-2f4639dbbeb7,d94c379d-8489-49ec-ade2-bf40ef77370e,92751,purchase,102,Phone,Electronics,Nigeria,mobile,facebook,1,800,0.11,2026-06-21 07:36:19
e141bf92-ffae-4eeb-8688-dd40b28602ea,8edfc9ea-4eea-4c7b-b673-307474b74f32,433142,view,101,Laptop,Electronics,Rwanda,desktop,facebook,1,1200,0.15,2026-06-21 07:36:20
c569d46f-2da9-439c-a2f8-675c2e14ef4f,5b705840-5b53-491c-9bdf-40f6e7e37da4,10,view,102,Phone,Electronics,Rwanda,desktop,organic,4,800,0.16,2026-06-21 07:36:21
8a9484a2-7cba-4a1d-bb9e-7496723a4792,8495e9ad-528b-46b9-8760-55e92d37bb25,410697,view,102,Phone,Electronics,Rwanda,desktop,facebook,5,800,0.04,2026-06-21 07:36:22
a5977f52-531b-4f2a-9abe-4fd248e9572b,797a1b0b-eef0-451c-a853-7118f8567864,287967,purchase,102,Phone,Electronics,Rwanda,mobile,google,1,800,0.19,2026-06-21 07:36:23
0f07c3f1-edb1-454b-aa36-14b09b2353a5,f1da6682-28d7-4ebc-bca7-9a8c1203ab23,384590,view,101,Laptop,Electronics,Kenya,desktop,facebook,3,1200,0.19,2026-06-21 07:36:24
a586d98e-6dc0-4094-8abb-b8ab1fb2d1a5,6448de88-f9b6-483a-8a61-2c7d6b8ef54d,381,purchase,103,Keyboard,Accessories,Kenya,desktop,facebook,1,70,0.05,2026-06-21 07:36:25
f15f9930-c0a9-45be-8cff-7b2b5f275674,cda7e83c-3a51-4c02-8280-ab6b96c46138,993075,purchase,101,Laptop,Electronics,Rwanda,mobile,google,2,1200,0.2,2026-06-21 07:36:26
a7c82174-02fe-4699-a38d-beca5d1be8b6,2966abb0-22f7-49ec-bddf-3b6946a85f95,612896,purchase,102,Phone,Electronics,Nigeria,desktop,organic,4,800,0.03,2026-06-21 07:36:27
1b3a9ca4-ab37-464b-90ed-2f4fa63946dc,bb8cd95b-e7a6-461b-96bb-510b7d3daed8,644,view,102,Phone,Electronics,Nigeria,desktop,google,5,800,0.13,2026-06-21 07:36:28
a9eaaf80-4b22-4703-9ced-df87de6876b7,a52bb5b6-8e63-4a75-9fc3-a7be40dc7557,302354,view,104,Mouse,Accessories,Kenya,desktop,organic,2,40,0.05,2026-06-21 07:36:29
79aa2e0d-69b9-43a1-99c0-9d2ffd5f7498,6b5d5b3a-27c5-40d9-90f6-d3e0ba7c0181,538549,view,101,Laptop,Electronics,Nigeria,desktop,facebook,3,1200,0.15,2026-06-21 07:36:30
40674776-7cc2-48d5-8d88-16d68179c179,44602a24-8df8-48ef-93ef-21e39b21442d,455,purchase,102,Phone,Electronics,Nigeria,desktop,organic,5,800,0.05,2026-06-21 07:36:31
98d6c901-66b5-4575-bb66-9caba3b40f4a,de9c6fa4-502d-4a66-981a-1180135a19cb,603,view,104,Mouse,Accessories,Kenya,mobile,organic,1,40,0.08,2026-06-21 07:36:32
ff776cc8-29f2-4147-a017-6f715bdd82d1,32c0737a-63c6-4690-920d-c6961b2bc346,575068,purchase,103,Keyboard,Accessories,Rwanda,desktop,organic,4,70,0.11,2026-06-21 07:36:33
0fc54f01-cf19-4b70-beb4-0c6ad3acac07,0cd8a668-f929-46ae-bca8-53767fa2429a,448469,view,104,Mouse,Accessories,Ghana,desktop,facebook,2,40,0.05,2026-06-21 07:36:34
d16e0ebc-18bb-43f0-ae66-1b826c1ec039,c97c6118-5548-4482-8015-f2e74a5b090d,886704,view,102,Phone,Electronics,Kenya,desktop,google,4,800,0.14,2026-06-21 07:36:35
a971a424-41c3-48d0-8dd2-e3c153e2a82c,ee94e5a7-2137-48dd-a600-28b19f51956a,598712,view,102,Phone,Electronics,Kenya,mobile,organic,1,800,0.02,2026-06-21 07:36:36
cc67188c-bb79-41a0-9ffa-8d1104f42599,939fb2b0-ce1f-4f67-8c5a-96b91d5cdf30,214105,view,102,Phone,Electronics,Rwanda,mobile,organic,2,800,0.05,2026-06-21 07:36:37
eefaa783-00dd-406c-80e9-e0a06a6f5135,cea048ea-57a9-4f05-8c1d-5a6cbb6c683e,9253,purchase,101,Laptop,Electronics,Kenya,mobile,organic,3,1200,0.1,2026-06-21 07:36:38
02dc3e9e-5221-4eae-a10f-4a0a9a108f0d,0000cbd4-2802-4518-a77c-838cf50186cf,34824,view,103,Keyboard,Accessories,Rwanda,desktop,organic,1,70,0.07,2026-06-21 07:36:39
0be3b827-36f5-445e-8510-c2e41eafd578,2ae82992-03d9-4ad7-b450-5c65e2eb2e6c,343660,purchase,101,Laptop,Electronics,Nigeria,mobile,organic,5,1200,0.18,2026-06-21 07:36:40
e2f2e817-374c-4ac9-9bb3-42e2d2bb1a9e,8b572401-4802-48ff-9342-09f1d33b1736,155739,view,101,Laptop,Electronics,Ghana,desktop,organic,2,1200,0.1,2026-06-21 07:36:41
27fc39c8-25f5-44d2-b88b-7b67b46ff696,37802dd5-db84-430d-a2ff-cb400a472c22,726821,purchase,104,Mouse,Accessories,Kenya,desktop,facebook,4,40,0.08,2026-06-21 07:36:42
925c18d9-6795-49a9-9f3b-daca5753f0ee,dc773094-7c56-491a-b1f4-0a75d620d61d,860592,purchase,104,Mouse,Accessories,Kenya,mobile,google,2,40,0.06,2026-06-21 07:36:43
0f4e33af-0ef8-47dd-a673-607ee050783d,8c69833a-51a9-4318-bea1-a8987d1417d3,181,view,101,Laptop,Electronics,Ghana,mobile,facebook,1,1200,0.06,2026-06-21 07:36:44
bcd618c3-3ecd-4bed-9f46-d9b813aac23b,996b4b1d-ec35-42da-8210-a726398a86d4,542136,view,104,Mouse,Accessories,Rwanda,mobile,organic,1,40,0.15,2026-06-21 07:36:45
a48cc11b-23f5-4c7b-8829-8c03d62874b2,0f3afc61-a3cd-4cd5-a622-8e4d543b65ef,594514,view,103,Keyboard,Accessories,Kenya,desktop,facebook,3,70,0.1,2026-06-21 07:36:46
428633c9-e1a0-4ec6-9259-7a5ada301193,ba9cddbf-1a85-4527-a985-0f731e9ad983,467337,purchase,101,Laptop,Electronics,Ghana,desktop,facebook,4,1200,0.02,2026-06-21 07:36:47
0bdc56fd-4cd2-4c45-9d56-70425f3b7edf,199750bb-3f0c-4398-a3e7-a63ce8c39e4a,467794,view,101,Laptop,Electronics,Ghana,desktop,google,4,1200,0.12,2026-06-21 07:36:48
37d628af-77aa-4acc-bb20-e4b1559c1183,f3f9888e-af57-4164-9879-00b4ec6cb73d,328277,purchase,101,Laptop,Electronics,Rwanda,desktop,facebook,1,1200,0.07,2026-06-21 07:36:49
76aaa40c-a0da-44a8-9e0b-a3965281bef3,6a71965e-af10-470d-b9e5-d6ae57b944e1,153,purchase,102,Phone,Electronics,Ghana,desktop,facebook,5,800,0.01,2026-06-21 07:36:50
6ef00f06-6907-4d5d-af6b-3921b0c64264,3e912b32-4187-49cd-8cd9-d4a4c14e9a5e,173,purchase,102,Phone,Electronics,Kenya,mobile,google,2,800,0.05,2026-06-21 07:36:51
73dd567c-8d96-4c8a-9d39-541d02fb697b,e842acce-069b-40bd-87c5-a9a4b86324b0,728738,purchase,104,Mouse,Accessories,Nigeria,mobile,google,1,40,0.12,2026-06-21 07:36:52
9959bd08-3eb1-44a1-87c8-a19a070fb0dc,ad95d13c-5bab-44ef-8c5a-f8162695ace8,530,purchase,104,Mouse,Accessories,Rwanda,desktop,google,5,40,0.04,2026-06-21 07:36:53
2b91775f-c44f-4865-9948-3d133408e377,cf50cea2-a1df-4ef9-a10a-2b308e1984a7,985503,view,104,Mouse,Accessories,Kenya,desktop,google,5,40,0.14,2026-06-21 07:36:54
66998a0e-dad9-42fe-a17b-815286975bd0,6aefd230-a413-4cdc-afac-82bc50ee4a92,790,purchase,102,Phone,Electronics,Kenya,mobile,facebook,5,800,0.04,2026-06-21 07:36:55
8ba2690d-5ef9-4b7a-8765-97adf6f00642,44f7243b-78a6-4181-a858-787678de3c23,614,view,102,Phone,Electronics,Ghana,desktop,google,5,800,0.19,2026-06-21 07:36:56
83571dd6-76a8-4e53-8d02-6be6ad4f1830,21621e0b-7df3-4576-a977-95d954c26dff,188662,purchase,101,Laptop,Electronics,Nigeria,mobile,organic,2,1200,0.03,2026-06-21 07:36:57
ea805f8e-264f-44ac-83b9-f034f4d963f5,2186acd6-5508-42da-bdaf-0f45eb47d42a,437,purchase,101,Laptop,Electronics,Nigeria,desktop,facebook,3,1200,0.19,2026-06-21 07:36:58
5d809e35-aa3a-4c72-ae46-1051e29b8a0c,7f61b900-8412-42cc-b922-db4a0011f03a,272747,purchase,102,Phone,Electronics,Rwanda,mobile,facebook,4,800,0.04,2026-06-21 07:36:59
40f62d02-f21a-4bbb-acfc-deb3d098f5c5,936fc956-610e-48ad-910d-a682be3b317f,330152,purchase,104,Mouse,Accessories,Kenya,desktop,google,1,40,0.01,2026-06-21 07:37:00
86d620fb-6178-4b31-884a-4b0dc9a3008b,2b42b53a-be78-48e6-8e60-ab178b945eaa,332081,purchase,103,Keyboard,Accessories,Nigeria,mobile,google,2,70,0.04,2026-06-21 07:37:01
4362f669-afe1-477f-b62d-d767a02d10da,3221ed9d-21c9-4ad2-aec8-53535f2f0d84,454590,view,102,Phone,Electronics,Ghana,mobile,organic,2,800,0.14,2026-06-21 07:37:02
cfe278cf-6625-4324-bf3a-0fc7bd292e91,255fb8a6-cf60-460b-af27-903e4f277191,794812,view,102,Phone,Electronics,Nigeria,desktop,google,3,800,0.04,2026-06-21 07:37:03
37999226-3d2b-4b72-a420-01b0574a4f94,0f866ef5-bbed-41ff-a149-723f03ac875f,90170,purchase,103,Keyboard,Accessories,Nigeria,desktop,facebook,4,70,0.01,2026-06-21 07:37:04
62633232-f35e-4d41-8008-4215ca074ce1,c4b71870-54b1-439f-b01b-1b7c124bace2,710783,view,104,Mouse,Accessories,Kenya,mobile,google,5,40,0.13,2026-06-21 07:37:05
1f43129b-9881-4c0d-b8a6-f00e49d7f9d5,47e57fe8-9beb-4c29-b8ca-23ee40fb154d,730926,purchase,104,Mouse,Accessories,Ghana,mobile,facebook,4,40,0.1,2026-06-21 07:37:06
e2c7e1d6-8f62-44e6-b21e-a0ff6baf5451,9e969656-9520-4366-8918-d6a5ba13f713,793976,purchase,102,Phone,Electronics,Nigeria,mobile,google,3,800,0.15,2026-06-21 07:37:07
1e0d8b60-177b-4c4b-a928-454b3e1e36e7,ec06f6bb-ec26-4b65-bd6f-64411d4a496c,958552,purchase,103,Keyboard,Accessories,Kenya,mobile,google,1,70,0.08,2026-06-21 07:37:08
6724e387-9db7-4d5d-9052-0fee7400d780,5b075b04-59fe-40b4-8bf9-59462104fa05,972028,view,101,Laptop,Electronics,Kenya,desktop,organic,1,1200,0.08,2026-06-21 07:37:09
b44e3506-a2de-4f49-b6ab-259c1fb8a718,626f1480-3547-41ed-9aaf-54d7a3a3e226,724097,view,103,Keyboard,Accessories,Nigeria,mobile,facebook,2,70,0.02,2026-06-21 07:37:10
9dcefc1d-a8f4-4a8f-8b04-5267b642d06c,eea3935b-dcbe-4302-a7f3-ccdd9155ed29,571,view,102,Phone,Electronics,Rwanda,desktop,google,3,800,0.18,2026-06-21 07:37:11
ded4110c-aa52-4af0-a3a4-4a7b9aee6e31,c70676c9-8714-4064-958d-2f11432da245,517861,purchase,101,Laptop,Electronics,Rwanda,mobile,organic,1,1200,0.16,2026-06-21 07:37:12
58bfb229-8a81-489d-8d74-9349b96511bd,50e1ece1-94cb-4302-a75a-8e3c46bc7eb2,464,purchase,104,Mouse,Accessories,Ghana,mobile,organic,2,40,0.11,2026-06-21 07:37:13
b25a8972-c991-4d0b-bac2-08d94bf88024,67604670-0266-4c2b-ae9f-5a5651f3a9c0,411602,view,101,Laptop,Electronics,Ghana,mobile,facebook,4,1200,0.06,2026-06-21 07:37:14
1cba1128-92e9-4237-b8c9-736cf89b8150,ad441ff8-d00d-472d-8720-f4d955948a7f,63840,purchase,103,Keyboard,Accessories,Kenya,desktop,google,1,70,0.02,2026-06-21 07:37:15
1b511268-b4f3-4cd3-ade6-e0b2a19c5c1f,67fd3cbe-fa84-48e6-b317-3555c6d67597,670600,view,102,Phone,Electronics,Nigeria,mobile,organic,5,800,0.19,2026-06-21 07:37:16
6b14c1c9-9362-463a-92fa-8fc6963f9b98,99c69eb7-90bb-4b62-b305-a0010331515b,761869,view,101,Laptop,Electronics,Kenya,mobile,organic,1,1200,0.1,2026-06-21 07:37:17
5eaaf2ab-f27d-42c7-9b6d-b595ed1f70ca,0f66dd22-1d8b-4707-9f0c-c83ca604920d,864575,view,101,Laptop,Electronics,Kenya,mobile,organic,2,1200,0.19,2026-06-21 07:37:18
71c3618e-5b49-4edc-b076-3d4e3be62682,90ddffc1-1c43-4d87-a09b-67e871f2f829,44,purchase,102,Phone,Electronics,Nigeria,desktop,organic,2,800,0.06,2026-06-21 07:37:19
e82099f2-c301-4c96-8414-23bda16ba7eb,55a70ce7-7872-4468-8cf3-c97bb26717fa,279719,view,102,Phone,Electronics,Ghana,mobile,organic,5,800,0.11,2026-06-21 07:37:20
65399aea-1634-4ce7-8995-5c5512017853,732b701f-13e8-442a-b475-8eea843a55dc,914,view,101,Laptop,Electronics,Nigeria,mobile,google,2,1200,0.19,2026-06-21 07:37:21
5e25ad43-99a0-4d2d-b59d-7739d6e93212,69a15d78-4695-4b23-a78b-891c3e6c4079,254447,purchase,103,Keyboard,Accessories,Ghana,mobile,facebook,4,70,0.17,2026-06-21 07:37:22
0acfe9f3-39d2-43a7-bf5f-9ff9b7c49cca,b199fec7-62db-4c3f-bef5-74141ccfa6be,346,purchase,102,Phone,Electronics,Nigeria,mobile,facebook,1,800,0.04,2026-06-21 07:37:23
e85006b8-2245-4e24-9edd-187ef7fe0afe,451f854b-9196-46a3-a3bb-190bea1f6f21,93290,purchase,103,Keyboard,Accessories,Ghana,mobile,google,1,70,0.16,2026-06-21 07:37:24
ffdc3394-261b-4714-8df5-ba1ee1e46809,520e4089-389b-44d8-8445-494139e14c10,729750,view,103,Keyboard,Accessories,Kenya,mobile,google,5,70,0.06,2026-06-21 07:37:25
56b63052-83d1-4cdb-a283-a895aca50c78,337a762f-15d6-420e-a16e-99cd3d836268,383896,purchase,102,Phone,Electronics,Rwanda,mobile,organic,1,800,0.08,2026-06-21 07:37:26
56644832-6b45-4dca-9c84-3de024ca49d6,8d6dea2b-a7e1-476b-b258-ba62ff6aef5a,345885,purchase,103,Keyboard,Accessories,Kenya,mobile,google,1,70,0.1,2026-06-21 07:37:27
bc2a7939-abfe-4edd-9764-9fdc137a4691,0c857240-2995-4266-a037-c5e86ba6e028,937613,purchase,101,Laptop,Electronics,Rwanda,desktop,organic,3,1200,0.18,2026-06-21 07:37:28
8c2cc5bf-4efe-4041-a896-6cddeacdf12a,3172d8b4-8f30-4dd0-8fc9-bde9a7fa32cc,478,purchase,101,Laptop,Electronics,Nigeria,mobile,organic,2,1200,0.17,2026-06-21 07:37:29
bddd5d79-ce4e-4f13-89ad-d31709fba497,83e208c7-e643-41b6-9875-20809edab290,548799,purchase,101,Laptop,Electronics,Kenya,desktop,facebook,2,1200,0.06,2026-06-21 07:37:30
b2a7fcf1-0ad8-4a57-911a-3f9d5496d5bc,7dd965c0-0053-4b05-8bed-149880a1524f,749955,purchase,102,Phone,Electronics,Nigeria,mobile,facebook,3,800,0.03,2026-06-21 07:37:31
15446d25-387b-4ab8-bb15-8a382b6bba5c,848be240-9e58-4bb8-8afc-0fcac4565f93,504766,view,104,Mouse,Accessories,Rwanda,desktop,facebook,2,40,0.09,2026-06-21 07:37:32
ee12feb0-e9e8-400d-98f7-aafe88e332a3,53240750-84cc-4ea2-bf20-22d220dc1630,679280,purchase,103,Keyboard,Accessories,Kenya,mobile,facebook,2,70,0.13,2026-06-21 07:37:33
2b0d8361-8b28-485b-a6f4-069b0e8a616e,6aad07d5-02c2-419d-8f02-1d99884d32ea,161246,view,103,Keyboard,Accessories,Rwanda,desktop,google,5,70,0.12,2026-06-21 07:37:34
0b14e315-053e-42cf-849b-777c44503540,20489753-42c2-4b22-b47b-f74d460f5a19,180348,view,102,Phone,Electronics,Nigeria,mobile,organic,1,800,0.01,2026-06-21 07:37:35
c9540d23-5f7b-448f-a998-5c84b43aea90,7fb84cb9-954d-4d76-88ba-c5afb0fb16cd,334883,view,103,Keyboard,Accessories,Kenya,mobile,facebook,3,70,0.02,2026-06-21 07:37:36
cd556b7c-ffef-4a5d-a798-f254e8cd5ede,f99debc6-a1f3-4355-95b0-3abb0998a2c9,372039,purchase,103,Keyboard,Accessories,Rwanda,mobile,google,3,70,0.15,2026-06-21 07:37:37
8bb1db9c-c7ff-4f5b-83a1-3ea343f71db4,0e7e5efd-8811-4f36-a029-00543bbf0564,736900,purchase,104,Mouse,Accessories,Nigeria,desktop,google,3,40,0.15,2026-06-21 07:37:38
34b992b5-6afe-497e-aed4-26f2e626f9cd,a4485da9-d8ce-4a5a-9750-07cbef63e03e,505110,purchase,102,Phone,Electronics,Ghana,desktop,facebook,2,800,0.09,2026-06-21 07:37:39
08dd8a89-dc07-4878-a690-569940b2cc75,83555493-d994-4498-ae64-837926105d4e,762,view,104,Mouse,Accessories,Ghana,desktop,organic,1,40,0.02,2026-06-21 07:37:40
8cc203ac-b897-4abf-922a-d9ddaf5d585b,803359ae-d89f-45cb-966c-ddbff7ce6161,557080,view,102,Phone,Electronics,Kenya,desktop,organic,1,800,0.13,2026-06-21 07:37:41
03a4d86b-42d6-4474-a760-693b57d6b841,7b1d2d56-6d8f-4bb4-aded-6b59f310a13f,416374,view,103,Keyboard,Accessories,Ghana,mobile,facebook,1,70,0.13,2026-06-21 07:37:42
e0979904-3572-4343-b532-a845ea71972f,daba442a-dfda-46bd-8b60-f7f7bedaccda,363217,view,103,Keyboard,Accessories,Rwanda,mobile,organic,2,70,0.05,2026-06-21 07:37:43
04598223-2012-47de-b2fb-bd1361c84c69,8dd5e4af-012d-4c1d-ad86-d6458c7b20b9,886330,view,104,Mouse,Accessories,Nigeria,mobile,google,1,40,0.11,2026-06-21 07:37:44
6724ad01-c9fd-47b4-82bd-613216763a10,9bec410c-27b8-4f1f-a79d-97eda44fd8ad,539167,view,102,Phone,Electronics,Rwanda,mobile,google,5,800,0.11,2026-06-21 07:37:45
68ccccb5-242e-4131-97d3-d57b2f7c47a5,e839c854-95ff-42eb-a540-1c71f881067c,684164,view,103,Keyboard,Accessories,Kenya,mobile,organic,5,70,0.09,2026-06-21 07:37:46
040f9681-304f-4c95-97c2-efb036eac652,70a60c5b-bbc9-4072-a6e3-fc005ce93287,627,view,101,Laptop,Electronics,Ghana,mobile,organic,1,1200,0.16,2026-06-21 07:37:47
451accf8-1446-4a5d-a06b-d2e3c0938acc,1abaa49e-5b20-49cd-a3e9-28384a6dcbc4,598158,purchase,103,Keyboard,Accessories,Ghana,mobile,google,2,70,0.07,2026-06-21 07:37:48
5da0c389-dd5d-4cae-8e1d-06080c955bf1,2a892463-bd0e-4c79-b1ce-9491e4794ceb,705,view,103,Keyboard,Accessories,Nigeria,mobile,facebook,4,70,0.15,2026-06-21 07:37:49
174cbcfc-97f7-43b2-abb4-88512ebd30a8,7a7447a5-a129-4e41-a6bd-349cd5f6c829,166596,view,103,Keyboard,Accessories,Rwanda,desktop,organic,1,70,0.11,2026-06-21 07:37:50
2747ee65-f397-473f-8015-c69728155c41,6a0ace79-9f52-46b8-ba04-516b5de3a655,781,view,103,Keyboard,Accessories,Ghana,mobile,google,4,70,0.1,2026-06-21 07:37:51
896eb22a-14ca-48a2-8a18-5fd4bec63c3b,5770b52c-25ce-47b9-99fa-f5b92c01daae,458,purchase,102,Phone,Electronics,Nigeria,mobile,google,3,800,0.03,2026-06-21 07:37:52
e62fa0f6-2b43-4a6f-88b9-3acea45c243f,eb10c68f-362b-498a-b89b-245c502891d1,545332,purchase,102,Phone,Electronics,Kenya,desktop,organic,1,800,0.08,2026-06-21 07:37:53
e858e998-de98-4890-bb47-0536a0a6c82a,34c85b68-c911-4d73-be69-d2b4eb001364,757,purchase,103,Keyboard,Accessories,Nigeria,mobile,facebook,4,70,0.03,2026-06-21 07:37:54
1e98c7f8-3fe6-4582-b025-a94d8458f437,c129f9d4-aec1-4db9-96d0-f4dfc3fffc60,202,view,102,Phone,Electronics,Rwanda,desktop,organic,2,800,0.0,2026-06-21 07:37:55
2962a76c-1030-4b6b-b5f3-cf022f6879e3,243b3202-d6b7-4bf6-a0fe-8de3a62047f8,610,view,102,Phone,Electronics,Ghana,mobile,google,2,800,0.17,2026-06-21 07:37:56
9491a7f3-ac66-4865-a761-f001b2af9d63,e771df47-272b-4f94-84ee-2c003bc1c4a8,405909,view,103,Keyboard,Accessories,Kenya,mobile,organic,5,70,0.01,2026-06-21 07:37:57
327b149c-b44c-4154-ba28-0ca73fde5575,c296ebd2-ab36-441e-b817-7a9c79899be6,50009,purchase,101,Laptop,Electronics,Nigeria,mobile,organic,1,1200,0.08,2026-06-21 07:37:58
f028c426-59dc-4b94-ab2e-90a9847d9405,ef0de522-b8b1-481e-94b1-d03b3bb696af,543127,purchase,103,Keyboard,Accessories,Kenya,mobile,organic,5,70,0.01,2026-06-21 07:37:59
e6ae12b4-3772-42b1-a9fa-4e7855b60da5,f89c3bf5-b806-4e66-9b1f-b4deae20f603,959935,view,102,Phone,Electronics,Nigeria,desktop,facebook,4,800,0.03,2026-06-21 07:38:00
8de60768-58e6-4afc-a3bb-2de60e4d442d,13fc12ac-1a16-457c-8b32-ba7cc89270aa,306,view,103,Keyboard,Accessories,Ghana,mobile,facebook,3,70,0.1,2026-06-21 07:38:01
e67f7a98-3a91-4d4a-83f0-b59cad6c1f79,0d046490-cb8e-4618-97a0-5840598896dc,574586,view,102,Phone,Electronics,Ghana,mobile,google,5,800,0.01,2026-06-21 07:38:02
4b4a5f5d-d33b-4fcb-a566-329273949081,9a0f0185-5afd-4545-b3dc-cb15495caa15,246684,purchase,104,Mouse,Accessories,Kenya,mobile,facebook,1,40,0.17,2026-06-21 07:38:03
1c97608b-93a7-46fd-8851-824558552302,cc21aafd-1e85-4b89-bd73-32d728005640,503222,purchase,102,Phone,Electronics,Ghana,mobile,google,1,800,0.03,2026-06-21 07:38:04
f42b1fb5-7873-44ff-9463-e2a3012a94e4,5b836687-2e2f-4e2e-b36b-0476541618be,444445,purchase,103,Keyboard,Accessories,Kenya,desktop,organic,1,70,0.07,2026-06-21 07:38:05
9ced3186-06bc-4bc2-80b3-65b4fade4f2b,b6dfc807-f108-4e94-930f-a08a52d9fcdf,86,purchase,104,Mouse,Accessories,Rwanda,desktop,organic,5,40,0.06,2026-06-21 07:38:06
c473becb-59ce-4875-8735-06eccb976bc7,41552a5a-e7fe-4515-b7f3-0f256798bf74,764460,purchase,104,Mouse,Accessories,Nigeria,mobile,google,5,40,0.08,2026-06-21 07:38:07
e0b0f87b-64ce-48db-a8d3-e8dbbaf0d3a9,06638271-8e28-489c-b522-f15cae359d1b,854871,view,103,Keyboard,Accessories,Rwanda,mobile,google,5,70,0.01,2026-06-21 07:38:08
6edec934-f751-4f4f-93a2-509bc2aaf8be,0100b970-b760-4fc6-a1c7-893d8c0a691c,646,view,103,Keyboard,Accessories,Nigeria,desktop,google,3,70,0.02,2026-06-21 07:38:09
37cad85b-2aaf-468c-8918-12d49023f40c,e4fdccc2-be50-49f9-8ae0-677d2e227748,776112,purchase,103,Keyboard,Accessories,Nigeria,mobile,organic,4,70,0.15,2026-06-21 07:38:10
a39df3fb-cdd6-48cb-80f4-fc2c41beed30,b3f185ea-e37b-4093-b099-27329aa5be20,846112,view,102,Phone,Electronics,Ghana,mobile,facebook,4,800,0.07,2026-06-21 07:38:11
f063069a-5f9b-4236-813a-e03e6a497f14,19bf85b2-8086-402f-b20c-019eaab2de38,666481,view,102,Phone,Electronics,Rwanda,mobile,facebook,5,800,0.2,2026-06-21 07:38:12
29b312f5-b71e-4e80-8bf6-a1c6cb905a46,43d7547d-4589-412f-9ef7-b1d3711c4cb1,816490,purchase,104,Mouse,Accessories,Kenya,desktop,organic,1,40,0.04,2026-06-21 07:38:13
b409a03b-cb11-4cc8-bd40-2b8ac1958d1c,59fecf52-4be1-4a34-a9e7-059719700aaa,191572,purchase,101,Laptop,Electronics,Nigeria,mobile,google,1,1200,0.13,2026-06-21 07:38:14
0e70e5d3-a9d7-4327-9787-77c9022a0078,fff7a5e1-0862-4a73-884c-2f10db759716,230093,view,102,Phone,Electronics,Nigeria,mobile,facebook,1,800,0.02,2026-06-21 07:38:15
24e6586c-beb7-44c8-a5a6-b9ff9eecfba7,9e67da5a-cc1c-4122-a779-bc1710754f73,883077,purchase,104,Mouse,Accessories,Kenya,mobile,organic,2,40,0.12,2026-06-21 07:38:16
d3e099b3-9f4d-4409-a33f-0cfd8eefa3d0,a06565dd-610c-4bce-8c4b-2c46427c2711,952515,view,102,Phone,Electronics,Nigeria,desktop,google,1,800,0.18,2026-06-21 07:38:17
129179d2-4bba-4a39-8f11-536939b19548,65cf6596-2560-47f1-9b26-d4385a324d10,231818,view,104,Mouse,Accessories,Kenya,mobile,google,5,40,0.03,2026-06-21 07:38:18
fe946606-7f49-4284-acc4-d54d34c09405,a544c51d-6ca3-4ea0-b900-7f6f0f6e80ce,91063,view,102,Phone,Electronics,Kenya,mobile,organic,2,800,0.07,2026-06-21 07:38:19
1882a94d-2db8-45c4-8be1-ac176619821a,4ff9167d-50cc-44c1-8e1e-3f47e4465873,487,purchase,104,Mouse,Accessories,Nigeria,desktop,facebook,5,40,0.16,2026-06-21 07:38:20
955b8d52-6bd1-4716-b960-91cd7f682910,b65694ed-eb93-4268-8e18-1859db727b4e,321,purchase,102,Phone,Electronics,Kenya,mobile,google,3,800,0.14,2026-06-21 07:38:21
a8f231ac-c9ce-41d8-a13a-da521cbd0d09,a00673dc-6b93-4fa9-a35d-396339775c85,22375,view,102,Phone,Electronics,Kenya,desktop,google,3,800,0.02,2026-06-21 07:38:22
9edb3aaf-b19c-42a1-934b-e6ae90bf1883,e709bdc4-5f5c-4667-85d2-0496a3e46280,919450,purchase,104,Mouse,Accessories,Ghana,mobile,organic,3,40,0.01,2026-06-21 07:38:23
35c98132-3150-4faf-a492-c37b1e609020,1019e1ab-fe09-44b7-8613-874ad9be7ab6,915,purchase,101,Laptop,Electronics,Kenya,mobile,organic,2,1200,0.04,2026-06-21 07:38:24
b0e6e1b3-4324-4bff-9c7c-3a1248c01899,f8db6597-ac16-4deb-a1b7-b18607b5b285,13,purchase,102,Phone,Electronics,Rwanda,desktop,facebook,2,800,0.03,2026-06-21 07:38:25
f3a44cf4-4eaa-4ec9-9301-6b146b704027,4683d164-65b6-4b32-8efe-7ecec141d370,520031,purchase,103,Keyboard,Accessories,Ghana,mobile,google,3,70,0.09,2026-06-21 07:38:26
47c6ccc9-5ce8-45a3-87c4-e373c857c2b8,dca017d8-0f87-4926-994c-5d5c646397ef,345476,purchase,101,Laptop,Electronics,Nigeria,desktop,google,5,1200,0.16,2026-06-21 07:38:27
c8acfe04-1d22-45aa-8123-2005bab49768,79111578-f8d8-42ad-84c1-584ab838ce36,612,purchase,102,Phone,Electronics,Kenya,mobile,organic,3,800,0.18,2026-06-21 07:38:28
afd8d5f6-9988-4787-bf10-ab7ac3634e5b,6c988824-51ee-4d9a-8e9f-697d12ea9b62,263251,purchase,103,Keyboard,Accessories,Rwanda,mobile,organic,2,70,0.14,2026-06-21 07:38:29
2a341321-8a25-4e8f-ab01-454205137174,db9e85e2-756c-4dd8-823b-abf057e7c469,414700,purchase,102,Phone,Electronics,Rwanda,desktop,organic,2,800,0.09,2026-06-21 07:38:30
adcdf5d9-eeba-4ffc-9cc1-339514a0d8c3,a3fced50-372c-4868-bd6d-7e0fdf13277a,397903,view,102,Phone,Electronics,Nigeria,mobile,google,4,800,0.19,2026-06-21 07:38:31
24ac5aab-e7bb-451a-8c76-3e90932dd05d,0b3d09fd-a19a-4d55-a4f5-e4b990aa68c3,396265,view,102,Phone,Electronics,Rwanda,desktop,facebook,4,800,0.02,2026-06-21 07:38:32
301946ec-46b5-42db-a847-89766540d7f4,d0c41fb6-9036-41ef-b01c-aef39540196a,70170,view,104,Mouse,Accessories,Rwanda,mobile,google,5,40,0.17,2026-06-21 07:38:33
e4fab77a-9516-427c-a520-4093dc4a1a9b,1731176e-9803-425d-8810-9fc3698e9733,41961,view,101,Laptop,Electronics,Rwanda,desktop,google,4,1200,0.15,2026-06-21 07:38:34
ea7a8eb7-4af9-4ec1-a859-9931ecdcb6c2,cc33a451-70d4-4b48-9797-e00c86a5f0e8,491825,purchase,101,Laptop,Electronics,Kenya,mobile,facebook,4,1200,0.17,2026-06-21 07:38:35
d2e9f569-6a3f-4709-97d6-0a339abb6119,1c874c03-7cdd-4cdd-843d-7cdcb695003c,908655,view,102,Phone,Electronics,Kenya,desktop,google,3,800,0.14,2026-06-21 07:38:36
7cf69043-72f2-4963-abd7-3c64bacdb6ce,ff31fe4a-6460-4ea9-aeaf-89bba90ca857,384158,view,104,Mouse,Accessories,Ghana,mobile,google,1,40,0.13,2026-06-21 07:38:37
035de0eb-fedb-4eb2-bd00-43bc23664980,9cc32410-2ae2-4256-9329-a0d716152cbd,151,view,101,Laptop,Electronics,Ghana,mobile,facebook,5,1200,0.01,2026-06-21 07:38:38
bfd80909-dce7-4f5f-a4bf-563eeaab193e,d0e94767-6128-4535-9a0e-a1556314a5a6,227,view,101,Laptop,Electronics,Kenya,mobile,facebook,1,1200,0.19,2026-06-21 07:38:39
b382c35e-4fb9-471d-8090-548b6d975597,4b24d200-76a7-40a3-aea2-e2bbfbb5c62b,789,purchase,103,Keyboard,Accessories,Rwanda,mobile,facebook,3,70,0.1,2026-06-21 07:38:40
11e92817-7a6a-48e7-a1b1-a24bebd50b36,f37b17e8-776f-4452-bf6c-9bd103be6e40,227735,purchase,104,Mouse,Accessories,Kenya,mobile,organic,1,40,0.07,2026-06-21 07:38:41
6decb018-c15b-46c1-bf09-24dc56bb6464,d801db87-122f-42b4-a4bc-3289fc3cd267,365936,purchase,102,Phone,Electronics,Kenya,desktop,facebook,4,800,0.06,2026-06-21 07:38:42
ab55465a-c0dd-42a2-9102-7f45e9f044aa,90acb741-b3af-4021-bd75-66f01fb3c5ec,84,view,104,Mouse,Accessories,Nigeria,mobile,organic,1,40,0.09,2026-06-21 07:38:43
0228ff5b-e041-4d33-a36e-922ec5270c59,5ab944b2-68e5-4a54-9898-023e74c488ec,860509,view,103,Keyboard,Accessories,Ghana,mobile,organic,2,70,0.09,2026-06-21 07:38:44
a5d2e15f-c42f-4add-87ea-5492cd8e4ec3,8408066b-bf68-4a29-8fdb-23a518065c49,691,purchase,103,Keyboard,Accessories,Rwanda,desktop,organic,2,70,0.11,2026-06-21 07:38:45
b06f0f56-1423-4a5c-9b8c-aab64155be0a,de42cd80-9b44-4e1e-851a-5550210e3a15,675,purchase,101,Laptop,Electronics,Rwanda,desktop,facebook,1,1200,0.12,2026-06-21 07:38:46
56f3cd90-d243-4366-aac2-1066f15e2493,b08cb14b-fbad-453c-9671-678dc7c1c108,630522,purchase,102,Phone,Electronics,Nigeria,desktop,google,2,800,0.08,2026-06-21 07:38:47
e1027586-896c-43d9-a3b9-de6f85ebf5eb,4891174a-7b3b-4d35-8352-dbed9d61c2f0,207167,view,104,Mouse,Accessories,Rwanda,desktop,facebook,5,40,0.08,2026-06-21 07:38:48
11ee670b-0a16-4b2a-9c8a-ebe04aeaa21e,061eb5d6-cc47-4e87-bec1-76d3e7ce3597,477,view,103,Keyboard,Accessories,Nigeria,desktop,organic,5,70,0.07,2026-06-21 07:38:49
58eadf96-7ce3-4f7a-b557-660a659fe586,067d0a83-5647-4730-8291-3c980ecc771c,687079,purchase,103,Keyboard,Accessories,Kenya,desktop,organic,3,70,0.18,2026-06-21 07:38:50
2a1dcda1-a7b2-4dab-a89f-ead845e4ee6c,dd97a833-076d-414e-97f4-28b3be0a52ba,106,purchase,104,Mouse,Accessories,Rwanda,mobile,facebook,3,40,0.11,2026-06-21 07:38:51
a8f5fcf0-42d5-48e2-bb59-a32764e372c9,13049a7b-134f-4ee5-91b8-4643cd8dda50,776007,purchase,101,Laptop,Electronics,Kenya,desktop,organic,4,1200,0.11,2026-06-21 07:38:52
4a21d96c-0808-460e-a589-16de39823f03,06f261d2-e36f-4ff8-b72c-f2fd55382ce3,988755,view,103,Keyboard,Accessories,Ghana,desktop,facebook,1,70,0.17,2026-06-21 07:38:53
b6e3f6fa-ea3e-4315-bb3f-4dc9c58c6e30,1f899abd-0ca2-4a17-a480-945897cc41a7,936543,purchase,102,Phone,Electronics,Ghana,desktop,organic,2,800,0.14,2026-06-21 07:38:54
15daac4c-9bbc-4736-a5a8-d8661a7442b5,029dadfd-dc18-48ae-8434-1b0906ec4c5b,515734,view,102,Phone,Electronics,Ghana,desktop,facebook,2,800,0.13,2026-06-21 07:38:55
6e16b20c-d4d9-4037-886c-ebc7f8c6f2db,529a85bc-6549-434c-82fb-3d0cc5e76dd2,87634,view,101,Laptop,Electronics,Rwanda,desktop,organic,2,1200,0.13,2026-06-21 07:38:56
f7860258-6f9c-4e9f-9ab0-96de1167ff09,6a15df31-da1f-4b53-96ea-cf628de59b08,106867,purchase,102,Phone,Electronics,Nigeria,mobile,facebook,3,800,0.12,2026-06-21 07:38:57
e3ec8767-5136-4bd9-927b-c683afd813f2,3c68064c-1650-42d2-a2f2-b8842eb6f516,370,view,102,Phone,Electronics,Rwanda,desktop,google,5,800,0.07,2026-06-21 07:38:58
033602a6-9642-43db-834c-6bd4b4c1ad25,66f0e791-003e-4af4-92e3-f555b3c44546,768020,view,101,Laptop,Electronics,Nigeria,mobile,google,1,1200,0.16,2026-06-21 07:38:59
2e7c387d-606c-4175-a778-73140a329e20,8cd4f5c5-e606-4789-9081-8d7fa94f7a06,55123,purchase,103,Keyboard,Accessories,Rwanda,mobile,facebook,1,70,0.16,2026-06-21 07:39:00
650b2a19-2e51-4d3f-9d6b-2def29433059,22e83a4d-2f72-4c3d-9088-ef318c9ea317,768535,purchase,103,Keyboard,Accessories,Rwanda,mobile,organic,5,70,0.04,2026-06-21 07:39:01
000130d3-20d5-4f68-bce1-e1b79a7ff8b4,4d16c093-5c5c-4e3e-a778-d80597c7a6f1,785707,purchase,103,Keyboard,Accessories,Nigeria,mobile,google,2,70,0.17,2026-06-21 07:39:02
c63e2925-882c-4f84-be32-b4bd477b6197,9a45cd6d-ae66-44c2-8701-12870c6abaf1,269,purchase,101,Laptop,Electronics,Nigeria,desktop,organic,5,1200,0.07,2026-06-21 07:39:03
9c6b3cca-ad1c-46d9-919a-e6cf7930d76b,2bfdefdb-b181-401e-8d75-3811136651cf,889174,view,102,Phone,Electronics,Rwanda,desktop,organic,4,800,0.05,2026-06-21 07:39:04
410b82e8-d1c7-415b-bb3b-6ce7a46e09e8,19d76115-cf69-481d-969b-8270692a8207,571,view,103,Keyboard,Accessories,Nigeria,desktop,facebook,1,70,0.15,2026-06-21 07:39:05
d7a83895-397b-4c87-9fc8-f6e526044aad,d878864c-44a4-4c0d-b670-7a5a0c8cd73e,700666,view,101,Laptop,Electronics,Ghana,mobile,google,3,1200,0.06,2026-06-21 07:39:06
123d15e8-3a0b-4f92-bb5a-9f8484465e0b,18194726-0721-455e-b694-b0deea15fc2c,578007,purchase,101,Laptop,Electronics,Rwanda,desktop,facebook,3,1200,0.15,2026-06-21 07:39:07
e7d35cac-1aa3-45eb-a41a-2e9ee5563794,b0a66ecd-29ae-4549-a8c2-704f7798ab10,898810,purchase,101,Laptop,Electronics,Ghana,mobile,google,3,1200,0.08,2026-06-21 07:39:08
fc95bf30-650a-4751-b0b2-604b3573eecf,7e2d1861-ad30-419c-aac5-8833d5d9f824,757692,purchase,101,Laptop,Electronics,Ghana,desktop,facebook,5,1200,0.03,2026-06-21 07:39:09
1f65220d-2a78-45d0-a403-2f087ba91580,1b10a538-8248-4789-bee1-2b83d3bafa9a,549,view,102,Phone,Electronics,Nigeria,desktop,organic,2,800,0.18,2026-06-21 07:39:10
78a076d3-06a1-4dd1-bedc-595e59da81a0,689f5daf-8cb7-4147-8f50-8b41f11e2bb6,119972,view,102,Phone,Electronics,Nigeria,desktop,facebook,4,800,0.03,2026-06-21 07:39:11
8f9c6325-55c1-4e5d-8513-32dc683d8791,90c8b33f-2d8f-4e56-a3be-4f97b02109ea,601,purchase,104,Mouse,Accessories,Nigeria,desktop,google,3,40,0.16,2026-06-21 07:39:12
fda6a146-0c80-4493-9c7f-fbc6cbab9d50,82be6fbb-2109-4126-9847-368361e27d65,911,purchase,101,Laptop,Electronics,Nigeria,mobile,google,1,1200,0.19,2026-06-21 07:39:13
fdc46f5f-291e-46b4-823b-730e6e483237,b25e636c-346e-4799-ac96-679ca366b362,814386,view,104,Mouse,Accessories,Kenya,desktop,organic,3,40,0.18,2026-06-21 07:39:14
2280e148-0e4f-4d28-894d-ab6baebcc715,325324e4-8488-4bca-9623-3cd125fc8cbd,132,view,104,Mouse,Accessories,Rwanda,desktop,google,1,40,0.07,2026-06-21 07:39:15
31a1ae72-f873-4ff5-874f-e0aeb4ebb234,9ba48805-7eae-4216-a6b6-16cf5d0677cc,802,view,104,Mouse,Accessories,Rwanda,mobile,organic,4,40,0.07,2026-06-21 07:39:16
a344119d-5421-4039-b997-7baf22b8636f,56a725a9-d2e5-45b0-8a12-64b2142083c8,479,view,103,Keyboard,Accessories,Ghana,desktop,facebook,4,70,0.09,2026-06-21 07:39:17
aa422d3d-9c96-433b-83e2-76d170729bb5,bf8f9513-6347-425d-958e-199beafb71e4,436,view,102,Phone,Electronics,Rwanda,desktop,google,4,800,0.06,2026-06-21 07:39:18
dad31c2f-1f1a-4a92-a2a7-ed2ad6c4d309,c96388b8-38b7-46e2-842d-60f050989c81,336,purchase,103,Keyboard,Accessories,Kenya,mobile,google,1,70,0.16,2026-06-21 07:39:19
65edca1c-4d69-4c4f-8ffb-3e55b6bbdf19,84f34274-4943-4335-b9d6-589f10a3ef0d,877,view,104,Mouse,Accessories,Nigeria,mobile,google,3,40,0.01,2026-06-21 07:39:20
4d466e93-005a-49ab-8751-772046e926b2,4447d7f7-28e7-43de-913a-853fc52f1586,578862,view,102,Phone,Electronics,Nigeria,desktop,facebook,3,800,0.14,2026-06-21 07:39:21
b4099938-18c7-4941-a331-b3e5c3380390,be1ffd4d-d163-4be9-8ed9-2971a9648f5a,286969,view,102,Phone,Electronics,Rwanda,mobile,facebook,2,800,0.06,2026-06-21 07:39:22
bb0ef5bf-3a71-4f5c-bd79-43d08ffaccd2,85263167-564d-4813-a51a-530d2031b91f,636038,purchase,102,Phone,Electronics,Ghana,mobile,facebook,5,800,0.15,2026-06-21 07:39:23
ef1fee10-b659-439b-9a5d-6549d55e2cd6,2e61666b-8efd-44ee-8097-cc86b1c4d280,320554,view,101,Laptop,Electronics,Kenya,mobile,organic,5,1200,0.17,2026-06-21 07:39:24
806879ca-9f6c-44ea-8b5d-ee4a90ee3710,c725473b-b6e8-4b8d-ab2e-f40fb47afd09,32458,purchase,101,Laptop,Electronics,Ghana,mobile,facebook,4,1200,0.0,2026-06-21 07:39:25
9f083444-7ab7-4bbb-94d8-4016e7cdced5,20c342c8-31ca-4f13-81da-5aa06bca76ac,565376,purchase,103,Keyboard,Accessories,Kenya,desktop,organic,3,70,0.11,2026-06-21 07:39:26
5c8462f2-e440-4c8e-821b-1f040f787056,ad6cabee-d607-423b-b438-7a835999198e,388,view,104,Mouse,Accessories,Ghana,mobile,facebook,1,40,0.07,2026-06-21 07:39:27
9a81b46c-701a-45f6-8782-dcc8f28424cc,7a7f45a5-d688-44b7-ac75-d80560a6d408,979640,view,102,Phone,Electronics,Nigeria,mobile,organic,1,800,0.1,2026-06-21 07:39:28
4d8c3027-50ba-4f19-97ad-66f5804a0e4c,43d34387-4394-42b5-a3f0-2e78d6b72adb,296969,view,101,Laptop,Electronics,Ghana,mobile,facebook,1,1200,0.05,2026-06-21 07:39:29
7d344b65-6bbc-4090-948c-99638aa9b581,796d818a-345b-496b-ac77-ddc72af0affd,943385,view,101,Laptop,Electronics,Kenya,mobile,google,1,1200,0.03,2026-06-21 07:39:30
480fa2f8-37fe-436c-9cb5-e32e1677f91b,8b9e39f0-7775-4733-8976-c3fd1b378a02,150630,purchase,104,Mouse,Accessories,Kenya,mobile,google,2,40,0.16,2026-06-21 07:39:31
8668060f-227f-49bf-a54a-05469add031d,b2109022-29a0-4127-ac78-ceaf7205cd16,970672,view,104,Mouse,Accessories,Rwanda,desktop,organic,2,40,0.02,2026-06-21 07:39:32
9303515f-adac-4ca8-8d9c-8730de268dd1,e56bca19-eb5f-4073-bd9b-b3f033d8ddd7,594773,purchase,102,Phone,Electronics,Ghana,mobile,google,5,800,0.15,2026-06-21 07:39:33
c5658e42-6629-4300-a6b9-4e9b670a1696,170b292a-6a41-49ce-a0db-67f457e39b02,142158,purchase,104,Mouse,Accessories,Rwanda,desktop,google,1,40,0.15,2026-06-21 07:39:34
0d01061d-3f65-4ca7-a156-281cce2bc2d5,a971bd2e-c4bb-42e2-b2a4-153f80f073c4,189337,view,104,Mouse,Accessories,Ghana,desktop,google,5,40,0.15,2026-06-21 07:39:35
6ce05d37-5c91-4076-85ac-f11f122500e4,20504a71-038f-4289-8a39-aed9041d4ba7,99968,view,102,Phone,Electronics,Kenya,desktop,facebook,5,800,0.09,2026-06-21 07:39:36
c779f687-9509-46fe-b975-0a54179f15a6,d4c250ac-eb04-4df2-9e7c-56014decf302,143467,view,102,Phone,Electronics,Ghana,desktop,google,1,800,0.12,2026-06-21 07:39:37
54cda321-d0df-4d2b-b586-4064cf7667e8,ed76decc-a46e-4b87-9b52-1d6315be2507,437,view,101,Laptop,Electronics,Nigeria,desktop,google,1,1200,0.12,2026-06-21 07:39:38
79121e92-4e1e-4579-ac4d-ff304b5e3c66,c19c7e4c-102d-4c4c-b3eb-b5c5b528e6c5,840823,view,103,Keyboard,Accessories,Ghana,mobile,organic,5,70,0.06,2026-06-21 07:39:39
e82a3af8-27cf-42fa-a237-a6bb2a70f607,67c58b45-48bf-4f0a-a91e-afc5df88d9a0,593075,purchase,104,Mouse,Accessories,Kenya,mobile,google,4,40,0.2,2026-06-21 07:39:40
e9c859fd-97ac-4d63-a132-239af5397b41,4dce51b2-484b-4fbe-8c12-686fb86e88b3,702054,purchase,101,Laptop,Electronics,Nigeria,mobile,facebook,3,1200,0.19,2026-06-21 07:39:41
b1bee2af-4378-49ea-a452-f004b2e974c7,852cb7e4-98d1-4d8c-a935-be64627c6cb1,925,view,104,Mouse,Accessories,Rwanda,desktop,facebook,4,40,0.08,2026-06-21 07:39:42
4d467e5f-2170-44ab-9534-aa9d6524ef7f,8e3297f3-e95f-462f-b802-9f055ecbfff6,724902,purchase,101,Laptop,Electronics,Kenya,desktop,organic,2,1200,0.04,2026-06-21 07:39:43
40ece3ec-ad1b-4b31-9637-e114708cd790,9f2b6318-20fe-4e0e-bcea-f775702172c4,564,view,104,Mouse,Accessories,Kenya,desktop,organic,4,40,0.02,2026-06-21 07:39:44
dd4e8629-5bf9-4a8e-b771-8024121c7224,81ee7e50-27bf-4992-a3ae-9430c0ede4ff,671854,purchase,104,Mouse,Accessories,Kenya,desktop,organic,5,40,0.04,2026-06-21 07:39:45
775ae663-239a-4731-b41b-80b71b8d2cfa,14b8f1f5-c852-486e-b28c-f2306fd48de1,307825,view,101,Laptop,Electronics,Rwanda,mobile,facebook,4,1200,0.16,2026-06-21 07:39:46
cfb83bf3-e159-4da6-99aa-0d54a1c4ae1f,cc8d0f9c-c8f7-41a7-954f-4cb7820e7ced,757772,purchase,104,Mouse,Accessories,Ghana,mobile,google,1,40,0.17,2026-06-21 07:39:47
accc554c-a94a-4564-9141-d65592cfaa09,0c3e0b56-5f0c-492f-8220-aa55fc9667f8,296,purchase,103,Keyboard,Accessories,Rwanda,mobile,organic,2,70,0.15,2026-06-21 07:39:48
440a569c-bbc0-4f24-b8fa-d1f22b082273,bd6b0115-567e-4603-a684-fa0dc46d5f0c,654668,purchase,104,Mouse,Accessories,Nigeria,mobile,google,3,40,0.12,2026-06-21 07:39:49
7d40c773-c9a6-4806-8085-b2bc7caaf1dd,3250328c-e946-423b-8a71-8efc99d7c7d7,168778,view,104,Mouse,Accessories,Kenya,mobile,organic,3,40,0.16,2026-06-21 07:39:50
1b14fb74-ae79-44a1-9954-2ddf21039af4,60b6ffba-3f0f-40bc-af3d-f537e2fdf502,37482,view,104,Mouse,Accessories,Kenya,mobile,facebook,5,40,0.08,2026-06-21 07:39:51
37a8d38a-2cf8-4d32-94f5-0a282b63d5f7,eda5de22-ca68-43d5-916a-d0703d899ed6,139761,purchase,104,Mouse,Accessories,Ghana,mobile,organic,4,40,0.11,2026-06-21 07:39:52
960b7b00-84e4-4e9e-8941-73b76ac24640,9fd219f8-b55b-4f21-9513-508b22067ea8,489,purchase,102,Phone,Electronics,Kenya,mobile,organic,3,800,0.16,2026-06-21 07:39:53
793eeeac-ac9a-4cb4-ab3c-e3bb9ca962c4,950c6d2a-9d06-4c9f-a281-ecc302276ac9,727726,purchase,104,Mouse,Accessories,Ghana,desktop,facebook,4,40,0.14,2026-06-21 07:39:54
ded30036-a757-4912-9be9-1ffdab021a57,62ae43af-b9c2-4fa9-8aeb-45f57ee0dd32,618,view,103,Keyboard,Accessories,Kenya,mobile,organic,3,70,0.06,2026-06-21 07:39:55
aa173f3d-1860-4efa-b164-df28089f76d4,57d1f856-9cf7-4928-9b0f-ef8d1bbce1c0,972267,view,102,Phone,Electronics,Rwanda,desktop,google,4,800,0.02,2026-06-21 07:39:56
91b22c43-1c69-47d6-a618-b520e2ac087b,ac9aafa9-86f5-4e17-8259-80deb7e0b5c4,522769,view,104,Mouse,Accessories,Kenya,mobile,facebook,2,40,0.04,2026-06-21 07:39:57
b1307684-72d5-4599-ae34-076462c10da3,42e5a890-d4be-4123-9982-27535e3b8387,579270,view,101,Laptop,Electronics,Ghana,desktop,google,2,1200,0.19,2026-06-21 07:39:58
a0cc3f6b-9b15-432b-9ef3-9dbf99dc147e,af15ba26-ca75-4a7d-b1db-2e61c7fc5230,746485,purchase,102,Phone,Electronics,Kenya,mobile,organic,4,800,0.12,2026-06-21 07:39:59
eb66e48e-7785-4ece-a182-814c002ae4ec,ed0d3576-39ac-4bb4-833a-3a782f674b9e,986,view,101,Laptop,Electronics,Ghana,mobile,organic,2,1200,0.2,2026-06-21 07:40:00
814f7b0b-7ec1-4491-b87c-9c1371728d2f,8752ff34-b535-49e7-bfb9-6ec8a41550c4,326,view,101,Laptop,Electronics,Kenya,mobile,google,4,1200,0.1,2026-06-21 07:40:01
cbfaf74d-3dfe-42dd-bf1f-d73260abc486,1f8edfc9-bf24-4cdc-925a-8f6a81f96947,746769,view,102,Phone,Electronics,Ghana,mobile,google,5,800,0.18,2026-06-21 07:40:02
e32521fb-3d97-4a11-b281-07957a21d6b7,0db26732-548a-4ec2-b222-fc86dc6f8bbb,815166,view,101,Laptop,Electronics,Ghana,desktop,facebook,1,1200,0.09,2026-06-21 07:40:03
4567199f-c7d7-4661-999a-6a497f5d552b,8e9e812c-0a7f-4d98-8048-52e791fcfb80,26435,purchase,102,Phone,Electronics,Rwanda,desktop,google,4,800,0.1,2026-06-21 07:40:04
a373fce1-8f9a-4495-986b-520ba03049f9,a712f2fc-ce8a-4706-aa27-fc577c49be53,829,purchase,102,Phone,Electronics,Nigeria,desktop,google,2,800,0.19,2026-06-21 07:40:05
3ac6c050-4da0-4197-88ea-e548a9b8a8f0,be527eae-1fc4-4ad4-82b6-f48c821ea117,351,view,104,Mouse,Accessories,Rwanda,mobile,google,2,40,0.03,2026-06-21 07:40:06
2032398f-b882-4340-b229-ee485ed54ae3,7feae70c-033e-4b38-a86d-3ae72cf8ee25,444387,purchase,103,Keyboard,Accessories,Ghana,mobile,facebook,2,70,0.1,2026-06-21 07:40:07
49f00839-27fd-4f4b-8e23-76277418911f,6bc23b31-da13-46f8-b9fb-d92eb5effd1a,732,purchase,104,Mouse,Accessories,Nigeria,desktop,google,1,40,0.05,2026-06-21 07:40:08
ec3ddad5-83b2-484b-b330-0f43998c465e,7ba951fa-957b-49b3-bdb0-dfa7f9834a91,722,purchase,101,Laptop,Electronics,Kenya,mobile,google,2,1200,0.14,2026-06-21 07:40:09
ee49fbb6-fd32-42e2-85e9-1874f2b8ed7d,24f2c82a-eb62-47c5-9830-77a3a9183649,507943,view,103,Keyboard,Accessories,Rwanda,mobile,facebook,4,70,0.16,2026-06-21 07:40:10
4b0c642a-8f3f-4992-95dc-c5c903c65606,c24383bd-7379-4d2e-a917-5de3c4424992,211068,view,102,Phone,Electronics,Rwanda,desktop,google,4,800,0.01,2026-06-21 07:40:11
00e839ea-feb1-46f2-afb6-5fd8f84c4715,c194a1f4-a157-40ed-95a5-d44172ce27df,299714,purchase,102,Phone,Electronics,Nigeria,mobile,facebook,4,800,0.05,2026-06-21 07:40:12
d3dfc9ed-2b28-4605-9724-9f54bd0ff68a,59d3490c-47f1-47e2-9bdf-ed5389ff46cc,71923,purchase,102,Phone,Electronics,Kenya,desktop,google,5,800,0.08,2026-06-21 07:40:13
288486ad-75f0-429a-add3-31c9020840fe,c3d10f48-79fb-49c6-8b51-958ce60fa322,542028,view,104,Mouse,Accessories,Kenya,mobile,facebook,2,40,0.09,2026-06-21 07:40:14
0b97b1ba-2a4a-489c-8780-5d26f1b08646,88e16354-e120-4ac6-b6e1-13a212c6a3aa,961343,view,101,Laptop,Electronics,Rwanda,mobile,organic,3,1200,0.17,2026-06-21 07:40:15
f4dd1559-a8f3-4904-9af3-07ec59dfabdd,74c3a0a7-0fb7-4cb9-b8a4-4675a50b6a12,876,purchase,102,Phone,Electronics,Nigeria,desktop,facebook,3,800,0.11,2026-06-21 07:40:16
4e95420f-bde2-4b9d-89d5-7f7c795a1d81,d5e73c38-05ce-45f2-9ea6-9a89fa85b592,705768,view,102,Phone,Electronics,Ghana,mobile,organic,3,800,0.17,2026-06-21 07:40:17
63886b7f-4d2d-4c75-9f23-a96339c53d71,a97ba3f1-a026-4752-8590-f946eaba395c,939576,purchase,103,Keyboard,Accessories,Kenya,desktop,facebook,2,70,0.02,2026-06-21 07:40:18
a0e8f696-1d9e-415b-9f81-d156e1631422,d6b7ea8c-b492-4167-a9d7-abb3ac7631de,322123,purchase,102,Phone,Electronics,Rwanda,mobile,organic,4,800,0.18,2026-06-21 07:40:19
efb7b00b-70da-4708-9158-2dc7c31e00b8,5bb40f3d-c671-46de-8f5b-d447828ae6d3,627376,purchase,104,Mouse,Accessories,Rwanda,mobile,facebook,2,40,0.18,2026-06-21 07:40:20
ce356b48-d948-47cc-8faa-70eba9c5ef83,a9fd5105-54b9-461b-929e-8d24780f6ace,38,view,102,Phone,Electronics,Nigeria,mobile,google,5,800,0.18,2026-06-21 07:40:21
4e50ec38-c0ce-429e-8092-091c764e0948,2d63b8e8-7b66-40e1-8a8a-5bc6348510f3,579908,purchase,101,Laptop,Electronics,Rwanda,mobile,facebook,4,1200,0.06,2026-06-21 07:40:22
932c693a-9cce-4bc6-b7ba-216c9c038f7e,5bf3bce0-0f3f-4ab4-a9a0-e68c5eee5d9e,729,purchase,104,Mouse,Accessories,Kenya,mobile,facebook,3,40,0.07,2026-06-21 07:40:23
a26bc66e-e325-48b2-8674-3021a36242dc,70418032-2ad0-46ec-ac86-51187e3dae9d,87897,view,101,Laptop,Electronics,Nigeria,mobile,facebook,5,1200,0.03,2026-06-21 07:40:24
95befeab-cf09-4a5a-bb6e-4c46e4d90118,c9e1bd64-a9ae-4ad4-ad0b-c10cfc2489d2,660232,purchase,103,Keyboard,Accessories,Ghana,desktop,organic,4,70,0.04,2026-06-21 07:40:25
37cfab52-c670-46f6-9bcb-8570f57f1792,40c9e47b-1c5d-40e4-bc77-ac69e00df95c,993029,view,103,Keyboard,Accessories,Rwanda,mobile,facebook,1,70,0.16,2026-06-21 07:40:26
1a4686b1-010d-4869-b1f5-13b896100b44,ecf5508e-5935-4f29-80a3-dcaeecc958f0,500,purchase,102,Phone,Electronics,Ghana,mobile,facebook,1,800,0.19,2026-06-21 07:40:27
88d769a0-4792-47ed-b71a-0b016652a887,ed574579-296c-4dbb-93cd-e09141ae3f9a,134502,view,103,Keyboard,Accessories,Nigeria,desktop,organic,5,70,0.1,2026-06-21 07:40:28
7459dbdd-6fbc-482e-a4fa-de9d78fbe2f5,a754fb5b-2d3f-469a-be52-ad005ed3dcb2,938169,view,104,Mouse,Accessories,Nigeria,desktop,google,2,40,0.04,2026-06-21 07:40:29
7054ff81-f56b-4612-9179-216b761b5425,1af2f4d8-f6a7-42dc-b03b-333fba5c91de,556699,purchase,104,Mouse,Accessories,Rwanda,desktop,facebook,4,40,0.1,2026-06-21 07:40:30
a15db7a6-e4ae-47d6-8508-5d4ee5f370ac,c268d1a8-6872-44ed-ae97-862add5688a9,838,purchase,104,Mouse,Accessories,Nigeria,mobile,facebook,5,40,0.19,2026-06-21 07:40:31
0d2048a9-4d9e-43e7-aa7c-468f2900d6c7,c9ecb759-e7b6-4a16-a98d-bd7f16f0aec6,292921,purchase,103,Keyboard,Accessories,Rwanda,desktop,facebook,2,70,0.09,2026-06-21 07:40:32
1d9654f1-7ddc-4108-86be-95353fc8c59b,92d70bf3-efd4-47f0-8fdc-d1f07beca206,428,purchase,102,Phone,Electronics,Nigeria,mobile,google,4,800,0.05,2026-06-21 07:40:33
cf828078-b4ae-439e-a58c-383a8b2559e9,cae703c0-a00f-4894-addf-bf5f81ec7571,213293,view,102,Phone,Electronics,Ghana,desktop,google,2,800,0.15,2026-06-21 07:40:34
7242e7ef-dcfb-4ba2-a377-0e694e02c88d,cdd608b3-40e9-49b9-b1f0-81d8a7fdd5a6,110912,view,102,Phone,Electronics,Nigeria,desktop,facebook,5,800,0.19,2026-06-21 07:40:35
29b37758-f7f5-4ad4-9f80-eb98821c0b2f,c689be9f-42a9-4b97-b162-cbe355525287,548,purchase,104,Mouse,Accessories,Ghana,mobile,facebook,4,40,0.18,2026-06-21 07:40:36
de1ccf60-484d-425f-8886-4cbe6f70468d,6e039bea-b381-4d03-a6ad-09e2db5af964,948208,view,103,Keyboard,Accessories,Kenya,desktop,facebook,3,70,0.11,2026-06-21 07:40:37
85426c51-a63e-46ec-ae5f-38f998a730f7,0df311be-f33f-4806-ad2a-e716cdea1981,326,purchase,104,Mouse,Accessories,Ghana,desktop,organic,3,40,0.04,2026-06-21 07:40:38
f7f0e82d-ce2c-49b5-93d8-b87541b5d7b8,c6930509-f2e6-40a3-b7af-f285e76a38d5,616691,purchase,101,Laptop,Electronics,Ghana,desktop,facebook,3,1200,0.04,2026-06-21 07:40:39
55865e26-5123-41f8-9b84-6ca910bdd65d,5d80129a-edb8-4e12-b186-b6a7afb9cb78,932157,purchase,104,Mouse,Accessories,Ghana,mobile,organic,1,40,0.12,2026-06-21 07:40:40
7bfcae36-df33-43aa-9057-ac4d6beda95d,07fa29cd-9185-48ec-829b-37e0736ba3a2,484214,purchase,102,Phone,Electronics,Ghana,mobile,facebook,2,800,0.18,2026-06-21 07:40:41
ccf41079-0181-4033-aa61-f789c89c35ec,18a8fdde-0aca-4407-8192-606a1dd52610,394772,purchase,103,Keyboard,Accessories,Rwanda,desktop,organic,5,70,0.11,2026-06-21 07:40:42
a968ddbb-4654-4388-8551-ab3479e0522e,34c6cd70-d5f6-4492-b173-588996940701,900,purchase,103,Keyboard,Accessories,Ghana,desktop,google,3,70,0.03,2026-06-21 07:40:43
68ed843e-0d8b-4f04-aba6-9f6ca202a943,5f970d71-868d-45f8-96be-c767d566f1ab,658068,purchase,101,Laptop,Electronics,Ghana,mobile,google,2,1200,0.13,2026-06-21 07:40:44
adacd748-fbfd-4d41-90c2-042b4c539409,8adc9cf2-25b9-4097-8cb2-9dddbef81831,966,purchase,101,Laptop,Electronics,Kenya,mobile,organic,5,1200,0.17,2026-06-21 07:40:45
1b3c7b9f-3929-4a24-867d-9de6f5427bad,3e580ecb-3f69-4d5a-acf3-e4813db2f102,62780,view,101,Laptop,Electronics,Rwanda,mobile,google,1,1200,0.14,2026-06-21 07:40:46
1a682d92-6cb4-4220-a38c-9fe3b61b11ab,34cd61ec-efc5-4024-bb70-7dc8a440d5e4,785814,purchase,102,Phone,Electronics,Nigeria,mobile,organic,2,800,0.19,2026-06-21 07:40:47
a2563a0a-3c3d-423a-9803-1abcb32c2e64,6dedd780-7907-4e0f-bd4a-bb121bafe097,422113,view,102,Phone,Electronics,Kenya,mobile,organic,5,800,0.04,2026-06-21 07:40:48
030ac7de-ef77-46b0-9d48-5399e6fec9a6,5d1199dc-6d25-4bc7-953e-e56ff09147f5,472878,view,103,Keyboard,Accessories,Nigeria,desktop,facebook,5,70,0.17,2026-06-21 07:40:49
6a11a354-f87b-46a7-9e81-094c7bb4bc64,e0a7b99e-8e0b-4bfd-a875-1cd7bc2de5e2,470727,purchase,102,Phone,Electronics,Nigeria,mobile,facebook,1,800,0.19,2026-06-21 07:40:50
63cfb05d-0d1f-4ff8-9af0-aba5ddaed4ad,fe73f25a-4579-45ce-855d-1cb998a0e961,897203,purchase,101,Laptop,Electronics,Ghana,desktop,facebook,1,1200,0.17,2026-06-21 07:40:51
bad26a04-7ea8-4bb2-a059-9ca89466fa6e,105aed22-3d54-4fd5-9bff-77e27d6c04cf,267,purchase,101,Laptop,Electronics,Rwanda,mobile,organic,4,1200,0.15,2026-06-21 07:40:52
9f8d4a31-e74b-4757-a3a8-9dc460b54270,c5b0e988-c5fd-48cb-ae7a-ffa9f8433dc6,350549,purchase,102,Phone,Electronics,Ghana,mobile,organic,3,800,0.09,2026-06-21 07:40:53
b3538b49-fed0-426f-b7ba-1278bae081cc,58cdba45-a9e6-44aa-9f4f-790cf1a84403,550,purchase,101,Laptop,Electronics,Nigeria,mobile,facebook,4,1200,0.07,2026-06-21 07:40:54
b2c24e0c-4e59-4033-8543-c7345ad53f85,88ff46a7-cb8a-450c-b37c-7ee5a2ae5221,416536,purchase,102,Phone,Electronics,Rwanda,mobile,facebook,1,800,0.06,2026-06-21 07:40:55
e8058326-e368-49a9-8cdd-fbdd2eebb0fe,aaaf1e42-7f6f-478f-9f18-5d81ff546109,839547,view,101,Laptop,Electronics,Ghana,mobile,google,2,1200,0.1,2026-06-21 07:40:56
7aa3132d-75bc-43e1-b419-d9508a831413,17bdb464-c5dd-4869-b1e9-4a583367af6c,846,view,104,Mouse,Accessories,Nigeria,mobile,facebook,5,40,0.03,2026-06-21 07:40:57
b03ad745-f322-47f6-aded-3e233331998a,291ee280-40ab-47e4-ad9f-9ffd48b1f011,952185,purchase,102,Phone,Electronics,Kenya,mobile,organic,3,800,0.1,2026-06-21 07:40:58
f1540ed1-6bf8-4dd4-a66b-82ab75554a0f,36b2f667-a29d-433f-88bf-8e4d9fc33e89,336,purchase,103,Keyboard,Accessories,Rwanda,mobile,google,4,70,0.08,2026-06-21 07:40:59
6cf82167-d035-425f-bce9-b05199009347,3f17d224-5dff-4e09-8767-edccea41799d,528,purchase,104,Mouse,Accessories,Rwanda,desktop,facebook,1,40,0.16,2026-06-21 07:41:00
93160b8e-429c-4282-bc41-0f505901b2b4,db6b7677-e7ed-48d9-96f5-31fe60914835,298164,purchase,104,Mouse,Accessories,Nigeria,desktop,facebook,1,40,0.13,2026-06-21 07:41:01
f716c083-bb63-48fc-952b-51fd6853061f,8392467f-f664-4da1-bb6d-5f36418d8994,557124,purchase,101,Laptop,Electronics,Rwanda,mobile,google,5,1200,0.14,2026-06-21 07:41:02
77751db2-aa33-4a81-96dd-5f180eeef026,672d54de-8be0-4b1b-af16-2f6e31f98d2e,16391,purchase,102,Phone,Electronics,Nigeria,desktop,facebook,2,800,0.06,2026-06-21 07:41:03
de4c8778-4be4-49a5-8844-24f088e4f84c,a546e17c-e4bb-4ab7-8d1a-75d2500f6ebb,823519,view,104,Mouse,Accessories,Rwanda,mobile,organic,1,40,0.14,2026-06-21 07:41:04
cf338c63-a142-4623-8c01-56c5a9e77094,af74dafb-5faa-49db-82c2-75b1aa1d64a3,389,purchase,104,Mouse,Accessories,Kenya,desktop,organic,2,40,0.2,2026-06-21 07:41:05
11ccfeca-c3bd-4733-86db-f24ece2cf380,f9d7d9df-4acb-4fdf-9e83-eeb5a9df947e,959646,purchase,101,Laptop,Electronics,Nigeria,mobile,facebook,4,1200,0.19,2026-06-21 07:41:06
9153a403-3084-4de5-9afa-8f9dbb433923,a47f97e2-8101-463f-818e-6e9370044d1d,260137,view,104,Mouse,Accessories,Ghana,desktop,google,3,40,0.19,2026-06-21 07:41:07
a79663c6-43c6-45c4-8bf6-9a100de00818,573ac44b-14a0-4563-b662-149d0996b61d,264714,view,104,Mouse,Accessories,Ghana,mobile,google,1,40,0.1,2026-06-21 07:41:08
ed842359-848b-4309-a65c-03fd62c92278,bcaec34d-a07a-4edc-ab4b-e4cb4ec77895,630,view,102,Phone,Electronics,Rwanda,desktop,facebook,5,800,0.12,2026-06-21 07:41:09
d8d2416c-fd8b-4528-ba7f-155d486122dd,0985e435-f0d1-485c-93c4-d5c5f1bb7ea3,884,view,102,Phone,Electronics,Nigeria,desktop,facebook,4,800,0.02,2026-06-21 07:41:10
0afc88f4-9647-41a4-a8d3-2a9203dc5483,4b363e57-b802-47e7-8c2c-05ed0a297bcd,105428,view,101,Laptop,Electronics,Ghana,mobile,organic,4,1200,0.0,2026-06-21 07:41:11
0914f3ef-cb89-4212-8fd8-4819244d9135,580acf7b-3b61-4ca9-b0f7-80345219bebb,868789,view,104,Mouse,Accessories,Kenya,mobile,facebook,4,40,0.0,2026-06-21 07:41:12
e66bff42-de0e-4656-b448-25a3dc86cde3,bb43bfe6-92ff-4157-ba27-7cd2767ecfe3,577,purchase,103,Keyboard,Accessories,Kenya,desktop,google,4,70,0.19,2026-06-21 07:41:13
fa62b77b-93fc-492f-944c-5552b72496c0,65471e1e-f501-4b08-9f7a-14b3e09efc30,54079,view,101,Laptop,Electronics,Ghana,desktop,facebook,5,1200,0.11,2026-06-21 07:41:14
bfc452c2-3052-409e-ba4c-5d752ca4b347,a5743be0-dfe4-4f76-ae13-a895c71783a8,305124,purchase,104,Mouse,Accessories,Nigeria,desktop,organic,2,40,0.04,2026-06-21 07:41:15
e71e0465-227f-4924-b1bc-ca2c6bd79a9c,4f59ccee-e089-4ba0-98e3-c80bc689a40e,767,view,101,Laptop,Electronics,Nigeria,desktop,google,2,1200,0.12,2026-06-21 07:41:16
09ee470c-3918-4858-a85b-44663d56bb9d,ced2d6df-edc8-4c5f-a6f8-adea7b70f6dc,517471,purchase,102,Phone,Electronics,Rwanda,desktop,google,3,800,0.13,2026-06-21 07:41:17
e1ce0b19-9ada-478c-9211-5914fbc30e0f,7e68e10a-1e88-4428-88d0-ada24ee30d8f,926,view,104,Mouse,Accessories,Ghana,mobile,facebook,5,40,0.05,2026-06-21 07:41:18
1701dfef-0f9e-4bfc-b8ee-9edd38fd9dba,6a7e1280-477b-4b49-a77a-1afd9f7d4bd5,368224,purchase,103,Keyboard,Accessories,Nigeria,mobile,facebook,3,70,0.1,2026-06-21 07:41:19
4c0bd1e0-97c5-4367-81e3-5ff0acda22ab,141bd74d-5c70-4270-beb8-5235977464d4,643297,purchase,101,Laptop,Electronics,Nigeria,desktop,google,2,1200,0.12,2026-06-21 07:41:20
be8f56e7-3d11-4320-803a-e73441a081af,22554674-0e81-49dd-be9c-94d20b48c67b,297603,view,101,Laptop,Electronics,Kenya,desktop,facebook,4,1200,0.13,2026-06-21 07:41:21
8f49be99-5167-4c17-9fbb-6090d474d6fd,018515b2-aadc-4caf-bda3-b9b9153cebaa,717544,view,102,Phone,Electronics,Rwanda,desktop,facebook,1,800,0.07,2026-06-21 07:41:22
56c99c62-0ad9-499e-b640-7973b3fee468,d9b0fd60-2d62-4d31-8732-bc72aa02e742,381699,purchase,103,Keyboard,Accessories,Ghana,desktop,facebook,3,70,0.03,2026-06-21 07:41:23
e0e772fc-4f06-4869-ba37-dddc2362a092,3869abed-2e6f-43e8-bc16-c4ed26b1765f,181844,view,101,Laptop,Electronics,Ghana,mobile,google,4,1200,0.04,2026-06-21 07:41:24
719b3c98-0456-4dfd-a423-32a554d353db,cd55f2ac-2a06-43b6-be7b-44626412482c,692166,purchase,103,Keyboard,Accessories,Nigeria,mobile,facebook,1,70,0.05,2026-06-21 07:41:25
a26e6dad-52c9-4c12-973e-3a8bbd09a277,20e52213-5be4-485b-8796-d7e5693365f5,609461,purchase,103,Keyboard,Accessories,Kenya,desktop,google,4,70,0.1,2026-06-21 07:41:26
0f28f2a8-81db-4995-a20e-cf972b66d644,4ccb3662-0301-4485-a5ee-e16777ebfe6e,260,purchase,104,Mouse,Accessories,Ghana,mobile,facebook,1,40,0.15,2026-06-21 07:41:27
cddfa9b7-bf38-485e-b2ef-287414087c67,0ac0a24f-a2e3-42a3-a1ac-58be9188ea1e,610870,view,104,Mouse,Accessories,Kenya,mobile,organic,3,40,0.03,2026-06-21 07:41:28
1e5d6aeb-1ca9-49ff-97ff-8ce775cc94b9,b0e4012b-4b86-4d7c-9734-631099b40937,493770,view,103,Keyboard,Accessories,Rwanda,mobile,google,2,70,0.01,2026-06-21 07:41:29
e2b76010-42be-4da3-886d-f75fc234cedd,480fe219-e6d8-4878-84f1-ba0d63c1ecd3,889970,purchase,103,Keyboard,Accessories,Nigeria,desktop,google,2,70,0.1,2026-06-21 07:41:30
ab7ab293-4183-4cf6-9514-3f935767e973,2be0b696-350a-4e91-bc21-ecc3b32607fd,242327,view,104,Mouse,Accessories,Kenya,desktop,google,2,40,0.15,2026-06-21 07:41:31
57fedfd3-227c-42cc-a6d4-d36cd950aae1,da2accee-eb04-4dbd-8a95-9e2560575c11,114,view,103,Keyboard,Accessories,Kenya,desktop,facebook,3,70,0.15,2026-06-21 07:41:32
5e707a3c-fee7-4eb2-86d0-cfe3efb14a9b,57bf38d7-decd-44e3-a82c-59f68b37dc85,399786,view,103,Keyboard,Accessories,Kenya,desktop,facebook,4,70,0.14,2026-06-21 07:41:33
643d2cac-4459-4d87-92f0-da582da04788,07083ea9-8262-412a-9c76-572233090b5d,346,purchase,101,Laptop,Electronics,Kenya,mobile,google,3,1200,0.03,2026-06-21 07:41:34
2277b637-c062-42ae-b83c-dd1961f4f2e5,ed716689-bda5-4e97-9f64-0154c39c4a1d,80670,purchase,104,Mouse,Accessories,Nigeria,mobile,facebook,4,40,0.11,2026-06-21 07:41:35
b8de8d67-ba8e-4cd0-aa5f-83be044a6d3e,29e134bd-97e8-42ce-bc2b-895204d30001,132,view,104,Mouse,Accessories,Kenya,desktop,facebook,3,40,0.1,2026-06-21 07:41:36
be1008ef-abd2-486e-9cea-796fe3700a4b,15029ed2-327d-4377-9b10-f20e9b66bdd0,693434,view,101,Laptop,Electronics,Kenya,desktop,google,4,1200,0.18,2026-06-21 07:41:37
2d1fb1b3-31ae-4c7e-b6c8-c36facc1bda1,581dcab3-0d3e-4cff-9a64-82bb39d96f75,354145,view,101,Laptop,Electronics,Nigeria,mobile,facebook,3,1200,0.0,2026-06-21 07:41:38
bf62d08a-da3b-48b1-ad30-7a6bf00e79be,4175a2fe-3f54-44a3-a091-658283c9c91c,626960,purchase,103,Keyboard,Accessories,Kenya,mobile,google,5,70,0.08,2026-06-21 07:41:39
c27152d3-2e82-44a5-a053-24ac78748d2e,e6608f53-b531-493e-a594-fa896d91e870,212669,purchase,103,Keyboard,Accessories,Ghana,mobile,google,3,70,0.07,2026-06-21 07:41:40
8ded00a2-c535-47c5-a5b1-8827f0d096fc,ae54cdeb-513d-4299-b647-2439ef9b6c25,304064,view,103,Keyboard,Accessories,Kenya,mobile,google,3,70,0.08,2026-06-21 07:41:41
23562fd5-436e-4ede-9dae-1b37b92001cd,4cb942ae-1328-4bb8-98ba-e9d27f8176fd,261248,view,104,Mouse,Accessories,Rwanda,desktop,google,3,40,0.19,2026-06-21 07:41:42
c6f2c67f-071b-4a6b-b283-aa2406e7fb93,fa0b08c9-ed1b-44fb-ae50-4a814ca55121,84,purchase,101,Laptop,Electronics,Ghana,desktop,organic,1,1200,0.01,2026-06-21 07:41:43
592bd605-8d8c-4f87-b723-b33bc1261219,98b394e0-025a-4750-bb8a-2d294eb5b41d,568422,view,103,Keyboard,Accessories,Nigeria,mobile,google,2,70,0.03,2026-06-21 07:41:44
395a7bff-af45-49b0-9ff2-2da2c43a199f,30a5d860-03ea-4c94-8b16-5420a7c9b841,79973,view,101,Laptop,Electronics,Ghana,desktop,facebook,3,1200,0.17,2026-06-21 07:41:45
532dbac5-f80e-4be2-af16-b2e5c19cae90,2244f803-1afe-43c3-ab54-601f64105b6c,667682,view,103,Keyboard,Accessories,Ghana,desktop,google,2,70,0.09,2026-06-21 07:41:46
f6670a1f-6183-401c-884e-183952ea6d74,3f155a97-16ea-4752-8f21-5d302552ddf8,814084,purchase,102,Phone,Electronics,Kenya,mobile,google,2,800,0.04,2026-06-21 07:41:47
7e59eca6-ad51-4781-8144-d7623bd3ea0d,e4b47d85-7b5c-494e-9839-9a62f068b04a,882,view,102,Phone,Electronics,Kenya,mobile,google,2,800,0.02,2026-06-21 07:41:48
320b6af2-e8b3-4bdf-853f-635470b893fa,a60457e2-cb58-42c2-88ae-a5777a2583fd,49708,purchase,104,Mouse,Accessories,Ghana,desktop,google,4,40,0.17,2026-06-21 07:41:49
6f6af107-f560-4b40-8341-f7a427b4a090,786d78c3-e048-4a01-8048-dd61a958e3a6,765648,purchase,102,Phone,Electronics,Nigeria,mobile,google,2,800,0.07,2026-06-21 07:41:50
0b078968-9474-494d-b9d2-57da38b70b78,e915d75e-6f69-4429-85af-a048dac72291,616490,view,101,Laptop,Electronics,Ghana,desktop,organic,4,1200,0.14,2026-06-21 07:41:51
7d530852-397a-4dd7-9f05-5efb637724c6,f3134ff1-b700-43f9-86cc-cf90a6efe5b7,970977,view,104,Mouse,Accessories,Ghana,desktop,facebook,5,40,0.01,2026-06-21 07:41:52
ba94776f-5d38-478f-b83a-687aa8186fb4,9c2e0bf7-cb1c-4b13-8b60-ea314357e9e3,744,view,103,Keyboard,Accessories,Nigeria,mobile,facebook,1,70,0.02,2026-06-21 07:41:53
57cb3aa7-d884-410b-bff4-5d1ef11ad0cf,8d12d35c-2315-472d-8fb2-db92e6cce4a3,963599,purchase,102,Phone,Electronics,Nigeria,desktop,organic,5,800,0.12,2026-06-21 07:41:54
4f9a116b-f727-4719-9574-77905cb52eeb,59d29e46-33c1-4527-b44b-04c001d7a24c,704180,view,104,Mouse,Accessories,Nigeria,desktop,google,1,40,0.07,2026-06-21 07:41:55
f01b4cde-d17f-4286-aaf4-3989be97e2c7,da474e47-01d6-4354-863f-3c3b425a923e,700107,purchase,102,Phone,Electronics,Rwanda,mobile,organic,2,800,0.03,2026-06-21 07:41:56
f5a8d5e7-b3b3-47f2-aa3d-254229021414,cc9ee9c4-60bd-4645-be34-83d54d4cc935,586081,purchase,103,Keyboard,Accessories,Rwanda,mobile,facebook,3,70,0.17,2026-06-21 07:41:57
6332e61e-e6ec-40ca-b524-a945d77b8b6e,7d665b29-cf94-406c-916f-bee96c758aba,167542,view,103,Keyboard,Accessories,Rwanda,desktop,facebook,4,70,0.16,2026-06-21 07:41:58
de74488b-4b6e-4fac-9990-74193d744c40,2d087353-49ce-47ae-b8c5-d8e8f890fed1,640299,purchase,104,Mouse,Accessories,Ghana,mobile,facebook,4,40,0.11,2026-06-21 07:41:59
60a36d6f-460c-4806-9d39-d53d18a08262,57f06253-baad-447d-8733-e0cc1dc4f42f,386354,purchase,102,Phone,Electronics,Kenya,mobile,facebook,5,800,0.11,2026-06-21 07:42:00
45558d39-8219-4c1b-9013-df36751f54f7,e6fed7d6-c9bb-4fae-985a-5b63b043a824,980764,purchase,101,Laptop,Electronics,Nigeria,mobile,organic,2,1200,0.02,2026-06-21 07:42:01
5ad704ac-c965-446a-b164-9df3867649e2,a29d89f6-9f49-4a3b-a9c4-1544cbb07025,983,view,103,Keyboard,Accessories,Kenya,desktop,google,3,70,0.18,2026-06-21 07:42:02
2d7e6e89-cbbc-4b55-8bd9-c71be1cb5480,da1fa70a-4dbd-46ee-8637-9eced77c60b8,350728,view,102,Phone,Electronics,Ghana,mobile,organic,4,800,0.09,2026-06-21 07:42:03
34f7d2ef-6c66-492d-a070-125533fb0d46,154db330-dee7-4107-a52a-2279aeb91019,618118,view,101,Laptop,Electronics,Kenya,mobile,google,2,1200,0.01,2026-06-21 07:42:04
5cc0b394-dedf-4cf6-9091-d6d640cd9deb,9691b63a-b101-4884-b21f-aeb77dd0f0e2,415,purchase,101,Laptop,Electronics,Nigeria,desktop,facebook,5,1200,0.17,2026-06-21 07:42:05
f3a34447-7a5b-4cc2-904c-182109ae75ff,000a3d4d-c4bf-4166-83e4-c94b6c5a62a2,508633,view,104,Mouse,Accessories,Rwanda,mobile,google,1,40,0.1,2026-06-21 07:42:06
53e76da5-2c25-4133-a9b1-7763772f7605,6213a06e-03fc-4ce1-8c4f-d1a2fe1f36b0,376,purchase,103,Keyboard,Accessories,Ghana,mobile,facebook,4,70,0.01,2026-06-21 07:42:07
95e79e37-c563-4b13-9bff-ad955beafd2a,9a1000ba-87e7-4ead-a770-2f26d811b959,476,purchase,102,Phone,Electronics,Rwanda,desktop,google,4,800,0.14,2026-06-21 07:42:08
44a2ac04-e4cb-4767-8ed6-0911c64d2dfa,b5d8bd87-3580-4c93-b78d-bd231cf39c49,415575,view,101,Laptop,Electronics,Kenya,mobile,google,1,1200,0.19,2026-06-21 07:42:09
df3ea5c9-2799-41c0-bb55-7e0faf3ec5b8,92d4d5c6-40cc-4ea9-88ec-9c7e3ed4ee27,860759,view,103,Keyboard,Accessories,Rwanda,desktop,facebook,3,70,0.03,2026-06-21 07:42:10
10330a4d-2719-4a2f-ad0e-9a330407c5ea,a4fa618c-6d21-49f9-bf65-60e70f5bea89,771784,view,103,Keyboard,Accessories,Rwanda,desktop,organic,2,70,0.16,2026-06-21 07:42:11
eff81dda-32b0-4920-bc3d-d29f20723b42,9bd959de-2322-433c-99b1-712141731c00,175,purchase,103,Keyboard,Accessories,Rwanda,mobile,google,3,70,0.06,2026-06-21 07:42:12
d88f0377-5877-488f-a7d8-e3eb2b0d1e73,051f1c56-2589-4a87-9bd6-83aa1e8fd529,890355,view,103,Keyboard,Accessories,Nigeria,mobile,facebook,2,70,0.01,2026-06-21 07:42:13
dd8e66b3-ecd4-4a2f-901a-c41182ad6ff2,fbb5eb1c-94da-490c-931e-d00c9fd1aa37,227227,view,102,Phone,Electronics,Ghana,mobile,organic,3,800,0.16,2026-06-21 07:42:14
1843360d-d021-4651-b173-f7e7672d9caa,d2a37b27-05f1-4eff-a21a-51f5c47d6ded,613799,view,104,Mouse,Accessories,Kenya,mobile,organic,3,40,0.12,2026-06-21 07:42:15
7c31f2e2-d7e2-4dcf-bf23-18767f4442cc,9c018134-9292-477e-8c6a-08e159c8d2c5,243,purchase,103,Keyboard,Accessories,Ghana,mobile,google,2,70,0.05,2026-06-21 07:42:16
ff5895b7-5727-4923-936f-f51e602dd0f6,a6435aee-b117-4259-92d3-8c8bbf155626,850353,purchase,103,Keyboard,Accessories,Ghana,desktop,facebook,4,70,0.1,2026-06-21 07:42:17
379d645c-3cf1-4d7a-a626-5634383fc36f,6f52e817-66ec-409f-a150-07779acacfc5,434,purchase,102,Phone,Electronics,Kenya,desktop,google,2,800,0.02,2026-06-21 07:42:18
a26474cd-d03c-45b2-a0b8-cf26f4ffb525,06a36e04-4d94-4493-b46d-dc1361f0fb33,520695,purchase,101,Laptop,Electronics,Rwanda,desktop,google,2,1200,0.11,2026-06-21 07:42:19
45696933-1ef2-40cd-88fe-4a97a9cf34cb,e19a1dad-b36e-4c50-b6eb-9f668e155e40,961989,purchase,101,Laptop,Electronics,Kenya,desktop,organic,4,1200,0.1,2026-06-21 07:42:20
725f18c4-92f0-4e7e-8527-8b7f16d17f00,779561e0-7d0d-4543-bbaa-121adf594337,671915,view,102,Phone,Electronics,Ghana,mobile,google,4,800,0.2,2026-06-21 07:42:21
54b368f9-8bd7-4bf5-91e1-fd0258fd28af,af8c42c5-bc5c-485d-997d-2cf9494b9bb2,367895,view,103,Keyboard,Accessories,Kenya,desktop,organic,3,70,0.05,2026-06-21 07:42:22
633f5a52-28d7-4973-9cd5-766d0d8328bc,0a363538-cbce-4424-9144-fdd994951528,921960,purchase,104,Mouse,Accessories,Kenya,mobile,facebook,5,40,0.12,2026-06-21 07:42:23
095de538-0822-4b26-86ad-33db02aa8c84,0f88833a-f238-4703-ac06-af673c1a85f8,108569,purchase,103,Keyboard,Accessories,Nigeria,desktop,facebook,1,70,0.0,2026-06-21 07:42:24
e1154b9f-c81b-4f3b-9a1a-d10cee27f725,30b68bfb-6218-4235-88d9-629e0e543f20,910360,purchase,101,Laptop,Electronics,Rwanda,desktop,facebook,2,1200,0.04,2026-06-21 07:42:25
d51ccdcb-8d9f-4455-b8eb-df8a3e44e6ff,27f4e0f6-ec36-4c5d-8d63-a7858d1117c3,517151,view,104,Mouse,Accessories,Rwanda,mobile,facebook,1,40,0.05,2026-06-21 07:42:26
f48c82ac-b235-4da8-aeae-c4be970b92c5,a416b59b-ea4f-4f7f-9183-1af6b60c69fb,203178,purchase,103,Keyboard,Accessories,Nigeria,mobile,organic,4,70,0.1,2026-06-21 07:42:27
2fc43f9d-9e6a-456e-837e-75ee1597d394,6fa80ac7-375c-4eba-85eb-4f822f79117e,850854,purchase,104,Mouse,Accessories,Kenya,desktop,google,5,40,0.0,2026-06-21 07:42:28
45489581-3363-4bdb-ba0b-730ed9ab4eb9,74065ca6-bf38-416f-835c-e43017e30970,790549,purchase,103,Keyboard,Accessories,Rwanda,desktop,facebook,2,70,0.0,2026-06-21 07:42:29
a145b870-70ab-475f-84f4-25cc45cd2831,273906e6-8a74-4078-8ce9-e871203292ab,513,view,102,Phone,Electronics,Kenya,desktop,facebook,2,800,0.04,2026-06-21 07:42:30
acdee6b2-0c24-4534-91d3-ac37b4c60a1c,27d46156-78ad-4baf-ba6b-bdd45691b0ed,185376,purchase,104,Mouse,Accessories,Rwanda,mobile,facebook,4,40,0.15,2026-06-21 07:42:31
68ce8909-c8ec-4f87-96ca-d7924d198465,83178b8c-fa8d-4316-95ee-4c6b14545faa,498158,view,102,Phone,Electronics,Nigeria,mobile,organic,4,800,0.08,2026-06-21 07:42:32
5968aebd-9e7e-46ec-b0a3-291a6d657819,12831342-72c0-4943-ac5e-65d1dbbb849d,986203,view,101,Laptop,Electronics,Rwanda,mobile,organic,1,1200,0.17,2026-06-21 07:42:33
636c19d0-1fec-4234-a65d-bc07c73e3557,34611ec8-f039-473d-88f8-5c62ab4c2871,500406,view,102,Phone,Electronics,Nigeria,mobile,facebook,3,800,0.04,2026-06-21 07:42:34
83ad3f25-eb38-48fa-8966-449f5c57659f,fe8c6662-d366-47f0-bdc0-b79cd877f971,680409,purchase,102,Phone,Electronics,Rwanda,mobile,google,2,800,0.01,2026-06-21 07:42:35
d5dba934-1aab-4a3c-87c2-b4bae8610261,9bf9f468-0f4a-469d-85c0-9737065f6dff,557056,view,102,Phone,Electronics,Ghana,desktop,google,5,800,0.07,2026-06-21 07:42:36
86a18b44-c5f3-4395-9fee-c062bcde583e,2e31d177-5ad5-4f1f-8e99-1d7889bb719b,404718,view,103,Keyboard,Accessories,Nigeria,mobile,facebook,5,70,0.0,2026-06-21 07:42:37
408cbe90-e18a-442b-b71f-f2fff341869d,e04dc0a2-b244-423b-920f-3a5af4e8e2a4,319488,purchase,102,Phone,Electronics,Kenya,desktop,facebook,4,800,0.08,2026-06-21 07:42:38
ee2c403d-c797-487d-b5e8-019b7b0dbf9b,1269e435-1b23-47b9-b856-15825a7fb715,226131,purchase,104,Mouse,Accessories,Ghana,mobile,organic,1,40,0.04,2026-06-21 07:42:39
9060ac3d-21b3-4bf2-9679-6a884f6d82da,c85b5fc1-165e-4d9a-9375-eb14d4681fa2,931163,purchase,101,Laptop,Electronics,Kenya,desktop,google,2,1200,0.0,2026-06-21 07:42:40
d3c63620-a334-4244-8e5c-d5f7467ea92a,1fd491da-fefb-4b25-977e-c839d296cde7,328529,view,102,Phone,Electronics,Nigeria,mobile,facebook,1,800,0.05,2026-06-21 07:42:41
4c146a2c-2ddf-4244-b7b8-9bdf85f6ec83,94dec70a-5960-4dfa-9faa-0b406d93e687,261,purchase,101,Laptop,Electronics,Rwanda,desktop,facebook,5,1200,0.06,2026-06-21 07:42:42
e4bcdcda-2e1a-46c1-bfcc-f8f4ed33e658,f9c6c959-b862-47f0-a3d5-dbf72a76ec91,117,purchase,103,Keyboard,Accessories,Nigeria,desktop,facebook,2,70,0.1,2026-06-21 07:42:43
9ffc5c37-5ad6-4368-8128-fed05599fffe,59e4b9c0-3309-4cb9-9ee5-8516895056ea,452226,view,101,Laptop,Electronics,Rwanda,mobile,facebook,1,1200,0.18,2026-06-21 07:42:44
e35564e2-29e5-4c7c-b1bd-cb84acd83647,06123d95-132e-4d4b-a429-03cba6278142,553987,view,101,Laptop,Electronics,Rwanda,mobile,google,4,1200,0.0,2026-06-21 07:42:45
94534703-f6a9-46fd-b018-409bb7dae327,35e90521-cd2f-4206-91f1-b2bebdc54de6,181201,view,103,Keyboard,Accessories,Kenya,mobile,facebook,1,70,0.05,2026-06-21 07:42:46
a1f43603-c36b-48a7-9138-8209f5099aed,ea4b67bc-0450-4f49-baef-d0c1e51fc861,343202,view,104,Mouse,Accessories,Nigeria,mobile,facebook,2,40,0.05,2026-06-21 07:42:47
d447f978-0ed8-484d-abe7-37c04df5849e,82f35ee5-bb92-4a00-98df-0821652f1d72,633,purchase,102,Phone,Electronics,Rwanda,desktop,organic,3,800,0.14,2026-06-21 07:42:48
5952e133-9203-4964-9268-ffdaa01e9230,f0fe0bc4-b7cc-4e17-aaa9-fd41b267378a,233362,view,104,Mouse,Accessories,Ghana,desktop,facebook,1,40,0.12,2026-06-21 07:42:49
53d85c2d-9dd1-4767-82fa-7e1e53d65929,f649a440-108a-488c-9478-baa0c6b91694,150085,purchase,103,Keyboard,Accessories,Rwanda,mobile,organic,1,70,0.02,2026-06-21 07:42:50
213d19fe-0501-43ff-b9d7-217a41e5a57d,4d673d24-19f9-4b36-8202-eb276cfe2ed9,136219,purchase,104,Mouse,Accessories,Rwanda,mobile,google,3,40,0.12,2026-06-21 07:42:51
ae4361b1-8740-4474-b6d4-516a5da075db,e97934a5-2c83-4b3a-b5ff-a8086c5334bb,68275,purchase,102,Phone,Electronics,Rwanda,desktop,google,5,800,0.06,2026-06-21 07:42:52
0a87cff0-29f6-4839-8cc4-8c67a16da836,80ea2399-ae9a-43d6-9c03-c20b451e1982,894276,purchase,104,Mouse,Accessories,Kenya,mobile,google,5,40,0.19,2026-06-21 07:42:53
08b8069a-23e2-4fcf-9a24-848af4d33c01,4a53efd1-82c7-461f-9ac1-0a514d5a0dca,292,purchase,102,Phone,Electronics,Rwanda,desktop,google,3,800,0.19,2026-06-21 07:42:54
579d5a6d-e133-4f7b-aa3b-e8133606767f,deff6986-4bd3-4432-ba8e-fd3b34f17585,272503,view,103,Keyboard,Accessories,Rwanda,desktop,facebook,3,70,0.13,2026-06-21 07:42:55
273b0f7e-a606-4565-9f8a-0a0df8f84a86,b5c3584e-03c5-47c7-aa4b-83bee7bbd307,481,view,102,Phone,Electronics,Rwanda,desktop,google,5,800,0.17,2026-06-21 07:42:56
52933449-95ef-4f7f-98be-6f9d55a5cf8b,5cad3efa-962d-4580-8896-ad1dc928a095,874,view,101,Laptop,Electronics,Rwanda,mobile,google,5,1200,0.06,2026-06-21 07:42:57
8b38a706-507f-455f-95da-9d158754b227,e6d7133f-2ba2-4425-b667-a855eaa8e3e4,386670,purchase,103,Keyboard,Accessories,Ghana,desktop,organic,2,70,0.04,2026-06-21 07:42:58
6ff3c7f0-bf74-4010-9859-7afe85d6bf12,c9b514ef-c516-4736-8550-2ccbb1d5a5ab,408964,purchase,101,Laptop,Electronics,Nigeria,mobile,facebook,5,1200,0.04,2026-06-21 07:42:59
48d654d8-7568-4330-b53e-abc049a47f40,1adda99d-d42d-4bb8-80b9-23e21218f458,824048,view,102,Phone,Electronics,Rwanda,mobile,facebook,3,800,0.14,2026-06-21 07:43:00
5f2fd58f-ac21-4e29-b53c-01254ca95531,78a4a972-5b22-4083-bef3-691863866019,389939,view,103,Keyboard,Accessories,Rwanda,desktop,facebook,2,70,0.19,2026-06-21 07:43:01
63ef76f2-df68-4496-ae3d-590ede967f93,aa60ed7b-823b-4caa-ae08-f42e6e78f72b,304,purchase,101,Laptop,Electronics,Nigeria,mobile,google,3,1200,0.12,2026-06-21 07:43:02
51683780-e9e3-4e75-a89b-486555ce7b80,5e615f06-ff48-4f31-b82e-1b88c55465a1,925,view,103,Keyboard,Accessories,Kenya,desktop,facebook,4,70,0.1,2026-06-21 07:43:03
c1713111-e2e6-42b6-96c9-0c2bf4765428,6156ec13-5db5-47e6-97e6-d398f99d6b81,755992,purchase,102,Phone,Electronics,Ghana,mobile,google,3,800,0.17,2026-06-21 07:43:04
7bf62aa2-cf3b-4b1b-9ba3-27d05a25a55b,bb514654-e07f-4cda-851e-b2dad6585173,649,view,102,Phone,Electronics,Nigeria,mobile,facebook,3,800,0.15,2026-06-21 07:43:05
565bfdf3-03b6-4ac7-8152-c2d4a15731d2,b1abc11e-0e69-4234-9c87-21ad43bfdda8,747423,view,101,Laptop,Electronics,Kenya,desktop,organic,5,1200,0.19,2026-06-21 07:43:06
12a7e302-6fd4-4c7c-aee1-792bb6cb73ef,6c9a9352-ad6c-471c-8e89-4279371a2f89,457,view,102,Phone,Electronics,Rwanda,desktop,organic,3,800,0.03,2026-06-21 07:43:07
9a507a24-f14b-4cd3-9030-0738615c6033,d9393e55-7c7a-4057-91d3-222345acb94d,874472,view,104,Mouse,Accessories,Ghana,mobile,organic,5,40,0.17,2026-06-21 07:43:08
4402feec-00c5-453b-8642-9bb567e85e2d,8464b7df-5c22-4794-abf6-cb4dfde4ac01,888264,view,102,Phone,Electronics,Rwanda,mobile,facebook,1,800,0.09,2026-06-21 07:43:09
913a0eb6-6d2b-422f-b371-6c8a3735ed7f,25646faa-318f-44d9-ba61-ccf78a233e21,52,purchase,102,Phone,Electronics,Ghana,desktop,google,1,800,0.03,2026-06-21 07:43:10
666f7594-62f6-46e5-b7c4-2e73f72a175a,a6f66cfc-3d14-41ce-b183-88cd8a6eb1a8,431033,purchase,102,Phone,Electronics,Rwanda,mobile,facebook,2,800,0.11,2026-06-21 07:43:11
04c9c122-5923-46c3-aa58-686b79c0318a,11799d83-40c9-47f6-ac56-613c04915348,837,purchase,103,Keyboard,Accessories,Rwanda,mobile,google,1,70,0.2,2026-06-21 07:43:12
708ffc0e-a980-45df-900c-8d103cf960fe,bd01ecf3-1e52-433a-9762-52f63cf9edf5,960812,view,101,Laptop,Electronics,Ghana,mobile,facebook,4,1200,0.13,2026-06-21 07:43:13
d76f925e-4324-45fd-878a-9207f8c1b522,de549a61-d300-4a75-89da-20f169b0ad2b,22025,purchase,101,Laptop,Electronics,Ghana,desktop,organic,2,1200,0.16,2026-06-21 07:43:14
1ddcd46b-7fb9-47fa-9cbe-e324af5ba6fb,bdabf85d-f3f6-427b-9ed0-0d35739b3dc4,931924,purchase,101,Laptop,Electronics,Kenya,desktop,google,4,1200,0.17,2026-06-21 07:43:15
2411cabd-1a1c-4040-adbf-9083425c85eb,dd987791-5dff-4067-8702-03bf91191def,855346,purchase,102,Phone,Electronics,Ghana,desktop,google,2,800,0.16,2026-06-21 07:43:16
544bd21f-4596-4537-8275-0a4b718dc342,735f5561-14d8-4a19-bace-19b06489c807,801429,view,101,Laptop,Electronics,Kenya,desktop,facebook,1,1200,0.09,2026-06-21 07:43:17
43dea44d-8cf1-4aed-947e-d630eccec468,5a90f946-3fc6-4074-88c0-f2c875dbd356,219,view,104,Mouse,Accessories,Rwanda,mobile,google,2,40,0.14,2026-06-21 07:43:18
37fea2a8-c9c0-4c94-bb3e-94263b10cd2a,549dfc77-6d77-40d1-9066-1846c4eab086,967301,view,104,Mouse,Accessories,Ghana,mobile,organic,5,40,0.17,2026-06-21 07:43:19
b1487fc5-3490-4e15-aa1f-d01610e0c7ca,f5cf4d6c-e4ae-42ab-a2ee-4bab84b6d261,122556,view,101,Laptop,Electronics,Ghana,mobile,organic,1,1200,0.16,2026-06-21 07:43:20
6592ca7a-4a23-4b18-a633-f1cb3b9dd56f,3f5febce-d709-4115-b800-4ec4652d197c,170,purchase,102,Phone,Electronics,Rwanda,mobile,facebook,2,800,0.02,2026-06-21 07:43:21
247f0d78-5cc0-4ab3-af8b-3ac146be1489,3abd7796-9566-421c-9a54-977d2367d383,837711,view,104,Mouse,Accessories,Ghana,mobile,organic,2,40,0.0,2026-06-21 07:43:22
8d369fb1-6e22-4d9f-b1b5-6a6a44523545,651cea7d-d317-4249-9f35-66d1d2982323,398,view,104,Mouse,Accessories,Ghana,desktop,organic,1,40,0.17,2026-06-21 07:43:23
49e5e252-d14a-4ab5-80fc-e79a84eed83a,3bcf207d-c3ed-492c-a04e-01da10a1c4d7,917,view,104,Mouse,Accessories,Kenya,mobile,google,5,40,0.02,2026-06-21 07:43:24
8c7d10a6-7daf-43fb-b43e-feedaad844dd,2fcc4d8d-3740-49c8-8756-305e5f924607,869,purchase,101,Laptop,Electronics,Ghana,mobile,facebook,3,1200,0.07,2026-06-21 07:43:25
c16b1146-61bd-4d99-90d9-dc915a8b3caf,2c03b173-0f75-488a-b53b-7ea4ad1ea4d9,812188,view,103,Keyboard,Accessories,Ghana,mobile,organic,4,70,0.09,2026-06-21 07:43:26
0a8ff977-d2b2-4cf9-b8ef-2fd5a3205c1f,b4adee0e-c384-4d9c-85c0-5284ec104ac5,732,purchase,102,Phone,Electronics,Rwanda,desktop,organic,4,800,0.15,2026-06-21 07:43:27
a98a5302-27cb-47f3-b13e-42e64c9e8255,1ac30cdb-a6d0-4b20-ace7-1bd775ec38df,447914,view,102,Phone,Electronics,Kenya,desktop,facebook,1,800,0.11,2026-06-21 07:43:28
11741660-1b56-4e9f-bca9-102dbb9a1992,b8edcfa5-602b-47de-82b5-b89407d1c781,484232,view,104,Mouse,Accessories,Rwanda,mobile,facebook,3,40,0.06,2026-06-21 07:43:29
24a8d232-69ce-4273-93cc-4c376cebdf56,d05dabb3-0019-499b-b746-6667e37b75f0,269881,purchase,102,Phone,Electronics,Ghana,mobile,google,2,800,0.14,2026-06-21 07:43:30
e0d64a4a-21a2-4021-9e41-1d34a1545afe,fd04b859-3579-444c-9b36-0a725f8562cd,227,view,103,Keyboard,Accessories,Ghana,mobile,google,4,70,0.01,2026-06-21 07:43:31
d2dccba3-6595-485a-9de9-a6dd7459b017,1da43d36-97b7-4218-b645-7d03719e475b,207033,view,101,Laptop,Electronics,Kenya,desktop,organic,5,1200,0.08,2026-06-21 07:43:32
1ee2f3da-74ea-4432-9c16-e7ab13815b9c,f262c6fa-8cc3-4421-a081-b7f4ff606e99,470741,view,103,Keyboard,Accessories,Kenya,mobile,facebook,1,70,0.18,2026-06-21 07:43:33
6571ba09-e302-4f37-b6d6-bde217e5a572,4229f1ba-507e-4260-9f8c-1dedc781a25d,401,view,104,Mouse,Accessories,Kenya,mobile,organic,1,40,0.05,2026-06-21 07:43:34
f3ac53ce-a5aa-4c27-a010-df5f743e4f68,ed2872fc-1cc4-41ec-8c67-4bd72fe85dff,186186,purchase,104,Mouse,Accessories,Ghana,mobile,facebook,3,40,0.19,2026-06-21 07:43:35
3149a804-22b5-4d8d-95e2-4cd580b2c620,ee355326-21b6-48b5-b61e-a0946355a9f9,517499,purchase,104,Mouse,Accessories,Rwanda,mobile,google,1,40,0.07,2026-06-21 07:43:36
f2717b2c-401c-4336-a649-6b45f2bf397c,562af0e7-6df0-4a46-bbdd-d8cf2cd3c4dc,427226,view,104,Mouse,Accessories,Rwanda,desktop,organic,5,40,0.06,2026-06-21 07:43:37
289bd07f-1e4d-4068-adcf-dc17aabc0a02,60f34186-d21f-4c5a-84eb-6d930599b55e,424,view,103,Keyboard,Accessories,Rwanda,desktop,facebook,2,70,0.01,2026-06-21 07:43:38
742140e1-c59f-417d-9f22-efda8e82fc1d,d6b1c89e-c7ae-42a6-a2c5-8ea0ffaf3e11,239,purchase,102,Phone,Electronics,Kenya,desktop,facebook,1,800,0.04,2026-06-21 07:43:39
0e6045db-978f-4e41-865d-539c310d20d3,30efbeb9-d5cb-4d38-89f2-1c9b50021f67,567312,view,102,Phone,Electronics,Nigeria,mobile,organic,5,800,0.01,2026-06-21 07:43:40
423d1340-e45b-44c5-99dc-6cd9b0b77fe1,83d058e1-0a39-4439-a32d-1496bf336752,428368,purchase,101,Laptop,Electronics,Ghana,mobile,facebook,3,1200,0.12,2026-06-21 07:43:41
fc13cce9-ddc6-4eb5-982f-c2fbb338e6d8,5d286f5b-f728-4b6a-aabc-ae541268eccc,132749,purchase,102,Phone,Electronics,Nigeria,desktop,organic,4,800,0.07,2026-06-21 07:43:42
225696a2-7025-49d9-91ba-91057980eaeb,0bc20ee5-00c5-400f-af4c-7f17a7fa7da1,482,view,101,Laptop,Electronics,Rwanda,desktop,google,4,1200,0.12,2026-06-21 07:43:43
5ab51852-5e2e-4dfa-84c5-38ae1029a253,48fa449d-2016-4ab0-91bb-2d0134148c8e,978940,view,102,Phone,Electronics,Ghana,mobile,facebook,4,800,0.02,2026-06-21 07:43:44
349fec3a-6002-43b9-9b4b-65518afa1a0b,65de3f6a-d39f-4825-8838-8daadb4386cd,811,view,101,Laptop,Electronics,Ghana,mobile,google,5,1200,0.07,2026-06-21 07:43:45
c6dfbef5-0e23-4c41-8568-920f16fd6464,6467aad9-e984-4a44-ad66-327e90b2a136,159,view,101,Laptop,Electronics,Nigeria,mobile,facebook,3,1200,0.09,2026-06-21 07:43:46
4ec4a352-0aef-4eb9-8497-55e1b5662267,9646680c-6e04-4dc5-b1c9-c8cf375621c6,465825,view,103,Keyboard,Accessories,Rwanda,mobile,organic,2,70,0.11,2026-06-21 07:43:47
abad78c3-1507-4c41-b6b5-7edb25a7ce47,6444908b-7841-475a-8414-7f4f349eb79a,734499,view,101,Laptop,Electronics,Nigeria,desktop,facebook,4,1200,0.12,2026-06-21 07:43:48
cf7a9ffb-553b-42d3-862e-e91ce3627260,1b4670fe-ec0a-448d-b1db-5b6df070b935,871362,purchase,103,Keyboard,Accessories,Rwanda,desktop,google,3,70,0.15,2026-06-21 07:43:49
dbe31341-414b-441f-aef7-a1fd214ac4cf,ca5add25-044e-4090-a13e-4b1fc9ea63d1,716386,view,102,Phone,Electronics,Ghana,desktop,google,5,800,0.06,2026-06-21 07:43:50
d7ec211a-9142-48da-af85-a8dd08c145c1,df24d349-8218-4a42-9fa9-128d25e6a4d4,377,purchase,103,Keyboard,Accessories,Kenya,desktop,facebook,3,70,0.12,2026-06-21 07:43:51
5438c5de-e2f2-4bc3-9427-f5eb4507d695,e06a6120-7fe9-4239-9c30-88b2249fdcac,65,purchase,103,Keyboard,Accessories,Ghana,mobile,organic,5,70,0.14,2026-06-21 07:43:52
2950da89-c762-4131-ac64-7ed43514366f,8723051e-e196-4235-b894-d361945a46cb,475165,view,102,Phone,Electronics,Ghana,mobile,facebook,2,800,0.05,2026-06-21 07:43:53
9c3ea336-18cb-4eed-a3ea-7f2967c8ef15,dbf9e2a4-ded2-4a63-93c9-da63e240b2d4,798104,purchase,102,Phone,Electronics,Ghana,desktop,organic,2,800,0.03,2026-06-21 07:43:54
cb48b2bf-3d40-4955-808b-a7085acf9f9c,7d1457ab-695e-4577-b62d-dcc2c3dca3f6,236563,view,103,Keyboard,Accessories,Ghana,mobile,google,4,70,0.05,2026-06-21 07:43:55
fa3a70fa-b432-40f9-bbf3-0de5d56e307a,a8468b19-c5b2-4814-852c-edd61900168c,320268,view,101,Laptop,Electronics,Kenya,mobile,organic,4,1200,0.04,2026-06-21 07:43:56
b875a92c-05b2-4b5c-a69d-fbffb3393210,d1575ae0-ff86-4102-8eec-5a40266d5697,992741,purchase,101,Laptop,Electronics,Ghana,mobile,organic,4,1200,0.19,2026-06-21 07:43:57
b67605e4-9d71-4ed9-b598-13b424de7305,4ccb0f06-f17a-446d-95dd-f5784164e739,975,purchase,102,Phone,Electronics,Nigeria,desktop,organic,3,800,0.03,2026-06-21 07:43:58
44729adf-4885-4de4-b83e-5fdfc9c7efbe,5a26ad93-3b4d-4e7b-b19c-27eaf1a2e4f6,178910,view,103,Keyboard,Accessories,Kenya,desktop,google,4,70,0.02,2026-06-21 07:43:59
ddd5e90c-a20c-4b4f-a7f7-adff984980bc,4c2f36f4-d61e-46cd-90c0-5d1782c6bfc3,94176,purchase,102,Phone,Electronics,Rwanda,desktop,facebook,4,800,0.03,2026-06-21 07:44:00
f49cc514-08e7-47dc-a749-a94400ca5ae3,99aaa667-f02e-4eb4-aee6-d30cb21b8860,133051,purchase,104,Mouse,Accessories,Kenya,desktop,facebook,1,40,0.2,2026-06-21 07:44:01
4c20a45c-b629-4f45-afa2-e61eee53df8d,96641195-e48d-41ea-9555-931623729d55,122,purchase,102,Phone,Electronics,Nigeria,mobile,google,5,800,0.04,2026-06-21 07:44:02
cc787095-4b53-4576-91b5-c0502b028bfb,e99b1f4b-7d33-4a21-94a7-4ca471b9a35c,810067,purchase,101,Laptop,Electronics,Kenya,desktop,organic,1,1200,0.06,2026-06-21 07:44:03
fbbab920-a9c4-470c-98df-0881eec38539,2090231f-c974-43af-8e14-da0a5342969c,204264,purchase,102,Phone,Electronics,Ghana,mobile,organic,2,800,0.05,2026-06-21 07:44:04
bbc19a30-a580-4374-a60b-cd6d24643ba0,1df68eed-a187-48c6-a2bc-ecb936c8bcd8,44737,purchase,104,Mouse,Accessories,Rwanda,desktop,facebook,5,40,0.09,2026-06-21 07:44:05
602843b2-8d3c-4d1f-82f2-50bba327f964,1969c2b9-17fb-4182-a382-5120576f7834,896,purchase,103,Keyboard,Accessories,Nigeria,desktop,facebook,1,70,0.1,2026-06-21 07:44:06
19f0e5c1-e8b3-41e5-a085-ef0e0aed6bb2,53749380-922d-4b16-a358-b03e0f2e50ec,922,purchase,102,Phone,Electronics,Kenya,desktop,facebook,3,800,0.09,2026-06-21 07:44:07
3d1dfcca-272b-4455-9d1a-78c2a48d452b,f14679fd-2085-4342-9b09-32b7b8a19335,199430,purchase,101,Laptop,Electronics,Nigeria,mobile,facebook,2,1200,0.15,2026-06-21 07:44:08
213138f3-5555-434f-9a16-92505e553a7c,d9974362-4b8e-4e1b-86bd-dad8af999012,957228,view,104,Mouse,Accessories,Rwanda,desktop,organic,4,40,0.15,2026-06-21 07:44:09
6bfa0eff-69ec-4a77-b790-9081a5380ebc,deef269b-06c9-49e2-8863-8f51352d56c0,436257,purchase,103,Keyboard,Accessories,Kenya,desktop,google,2,70,0.07,2026-06-21 07:44:10
bb331a2c-a2cd-424a-88e5-81f2b8b9a0fe,ad0e92c6-7c5c-4d78-9251-0c35fac4e4d6,201446,purchase,102,Phone,Electronics,Rwanda,mobile,google,4,800,0.09,2026-06-21 07:44:11
0eac5af5-e334-4ecb-b7f1-7b9915b1c520,c8f8f3ca-a2a0-4cfc-87ac-194dce8fa40c,851,purchase,103,Keyboard,Accessories,Rwanda,desktop,organic,5,70,0.09,2026-06-21 07:44:12
8ebcab06-045e-40f1-9cd5-0692a733ecad,7e1bb9c7-64f9-4e36-8b32-7396561f8e81,986876,view,103,Keyboard,Accessories,Nigeria,mobile,facebook,1,70,0.07,2026-06-21 07:44:13
9b257f6f-1a68-4a96-8437-8abde7892438,b6227d63-c97c-4f4b-9e2b-fb1128ee24f8,103,purchase,102,Phone,Electronics,Rwanda,mobile,organic,5,800,0.15,2026-06-21 07:44:14
4ebf403e-9e8f-4d55-bff0-a3db6dd7520b,dba82f80-ea23-4f8a-bd1e-56c931e5ae68,799,view,102,Phone,Electronics,Ghana,mobile,google,5,800,0.09,2026-06-21 07:44:15
d6171ac5-565d-4fa7-9714-a66812497197,50190d01-2fab-494e-a6e2-f3d72717d155,605,purchase,103,Keyboard,Accessories,Rwanda,desktop,google,5,70,0.11,2026-06-21 07:44:16
ee48150c-110e-42df-8cd8-24da8e8526d6,6fa0c015-cc4f-49be-9ae3-b39540e9a3a2,275917,view,104,Mouse,Accessories,Nigeria,mobile,google,1,40,0.19,2026-06-21 07:44:17
959c715c-5b03-4f90-96cc-858939852bfd,c06d3334-efef-4157-838c-2a7e2305872e,425049,view,103,Keyboard,Accessories,Nigeria,desktop,facebook,5,70,0.16,2026-06-21 07:44:18
7aa45924-3a74-410c-98c9-b028627d8833,20ed5944-f555-4390-9ba4-9ccfc055317b,562935,purchase,103,Keyboard,Accessories,Ghana,mobile,google,1,70,0.13,2026-06-21 07:44:19
e92c8685-dbce-407e-aa3a-0da52f8f9f84,1c8ef911-81cf-4edb-92f3-c5980b20dcfc,867049,purchase,102,Phone,Electronics,Ghana,desktop,facebook,4,800,0.15,2026-06-21 07:44:20
0c932f74-adaa-473d-90a1-c2adac2ad01c,7871f152-aa90-4eff-8831-371def933c28,763019,purchase,102,Phone,Electronics,Nigeria,mobile,organic,4,800,0.12,2026-06-21 07:44:21
caf0c261-5e8a-4292-adb1-68b2dfd62a3d,8491d340-d5f3-4faf-b641-65ca8fb11f4f,758,purchase,103,Keyboard,Accessories,Rwanda,desktop,facebook,4,70,0.08,2026-06-21 07:44:22
5f456085-b6df-4602-927f-8d2b199c0c6a,f1946267-f555-4c31-ae51-23fa3489a686,353,view,103,Keyboard,Accessories,Nigeria,mobile,organic,2,70,0.1,2026-06-21 07:44:23
ca5aa0d4-2d05-4b94-9bf8-69024404a908,f6756276-efcf-4b74-8c6f-afb9b19e6071,699038,purchase,104,Mouse,Accessories,Kenya,desktop,facebook,5,40,0.17,2026-06-21 07:44:24
91f2cf0c-4bc5-48ec-beff-380a92bf98f2,90d85e08-3b00-4582-add8-abec2ea535dc,296207,purchase,102,Phone,Electronics,Nigeria,mobile,facebook,1,800,0.08,2026-06-21 07:44:25
30fcfed7-31c6-45d5-bb34-156740f13d5d,7472491e-deb4-4f19-a341-f3f86ba482d0,70014,purchase,101,Laptop,Electronics,Kenya,desktop,organic,2,1200,0.01,2026-06-21 07:44:26
778600db-8841-40d2-b1cf-0b0c13d85de2,9debf674-4919-4366-8d9e-d4a51049591a,69434,view,104,Mouse,Accessories,Rwanda,mobile,google,2,40,0.19,2026-06-21 07:44:27
b365d92a-c405-4367-a06b-b540dce66c56,a0ed8601-e084-4ca8-b725-4ed817a6711c,27,view,103,Keyboard,Accessories,Rwanda,mobile,organic,4,70,0.09,2026-06-21 07:44:28
7009638a-ce4c-44e2-b6cb-f5d4225a00f0,d4122fd6-4e67-494a-a9a8-bd434e014000,696,purchase,103,Keyboard,Accessories,Kenya,desktop,organic,5,70,0.14,2026-06-21 07:44:29
710a486d-656d-4817-9967-f4639260155a,74bb9a0e-ee9b-455c-b874-ae306e9c264c,737395,view,101,Laptop,Electronics,Nigeria,mobile,organic,4,1200,0.2,2026-06-21 07:44:30
dcb982f9-0815-4a16-b295-7b3abd25b943,3ab73096-b6ac-4339-818b-8417a34243b3,305942,view,101,Laptop,Electronics,Kenya,mobile,facebook,2,1200,0.09,2026-06-21 07:44:31
02fd411c-5732-472a-a5b4-039a43eb71c5,cac3ca63-8e18-4afb-a1fc-2251ac44e06d,177678,purchase,103,Keyboard,Accessories,Kenya,mobile,facebook,1,70,0.12,2026-06-21 07:44:32
3161e6f0-32dc-4e4b-8518-d4f72834640e,515c67ca-eb6e-4d09-ac3f-ca91e441e8ff,400935,purchase,104,Mouse,Accessories,Nigeria,mobile,facebook,5,40,0.17,2026-06-21 07:44:33
2f1edbb7-6aea-4eb6-b1e0-a67ccbf0521c,d98bdc5d-c499-4725-a1d0-f4e1fa39a73f,524898,purchase,102,Phone,Electronics,Kenya,mobile,organic,2,800,0.15,2026-06-21 07:44:34
301f3195-d0ed-421e-bafc-8c6a34580974,e038b50d-282f-45a4-b42b-8ddd4032bc62,973,purchase,103,Keyboard,Accessories,Rwanda,mobile,facebook,1,70,0.06,2026-06-21 07:44:35
dbd2b5ec-fe47-4e11-b373-23e9ad86abde,34ff7d1c-3317-4039-845b-ea0ba0762be5,388516,view,103,Keyboard,Accessories,Nigeria,desktop,google,2,70,0.08,2026-06-21 07:44:36
5fbd17d8-24d1-4bba-a1d9-c82ea7839de8,dbad9066-c5d6-442b-b8e2-39ad136d76a8,540494,purchase,102,Phone,Electronics,Rwanda,mobile,google,2,800,0.17,2026-06-21 07:44:37
95da2a22-c9d9-4e33-8f6d-a7b281b3cf5a,89e1f437-5bd0-4f3a-a301-750c17e4005d,734487,view,104,Mouse,Accessories,Nigeria,mobile,organic,3,40,0.11,2026-06-21 07:44:38
b7e5dbbb-ddd3-4a5b-807e-b8878491718e,b852bf60-6838-48a2-813c-4d1d6e535c74,705916,view,104,Mouse,Accessories,Rwanda,mobile,facebook,3,40,0.19,2026-06-21 07:44:39
29fc731e-66e8-4bcc-a746-4dbf73d3094d,be3a9e49-aefc-423d-8c26-e7ed96cb6323,455308,view,101,Laptop,Electronics,Kenya,desktop,organic,5,1200,0.03,2026-06-21 07:44:40
3a568176-1df4-45f7-addb-fca0fca06004,0255521a-804e-4da7-8df3-cd954b52fefd,430463,view,103,Keyboard,Accessories,Rwanda,desktop,organic,1,70,0.19,2026-06-21 07:44:41
228ce8c6-5289-4236-8fbf-8254eac2ac31,8357d4aa-37a6-47c1-8be1-afdf15bae27a,764,purchase,102,Phone,Electronics,Rwanda,desktop,google,1,800,0.02,2026-06-21 07:44:42
2ae633f6-62a7-4897-a53d-7e13516b2cf9,923332db-699b-4201-bc84-969228241b62,334744,view,104,Mouse,Accessories,Kenya,desktop,organic,4,40,0.06,2026-06-21 07:44:43
f5116a0e-3c07-46ac-9337-dbfdcc219715,f6faca85-03e0-4e41-9707-f2d372fea32e,829,view,104,Mouse,Accessories,Rwanda,mobile,google,4,40,0.15,2026-06-21 07:44:44
9ebd4a78-f3d9-4d1b-955d-4699de6c1483,cf4a9473-bba0-4ded-8bc3-17923c1d5c11,12149,view,103,Keyboard,Accessories,Ghana,mobile,organic,2,70,0.04,2026-06-21 07:44:45
6a4244de-3660-479c-aebf-a30b5b5961a6,5a45dfc4-78b8-42a9-9a4e-9b89484623dc,637230,purchase,102,Phone,Electronics,Rwanda,mobile,organic,4,800,0.02,2026-06-21 07:44:46
e9b874b8-5aca-41c3-bd8e-896a3c8bcbfc,85060e50-9a97-4467-b1d6-d90efca5616f,826546,purchase,101,Laptop,Electronics,Ghana,desktop,google,4,1200,0.18,2026-06-21 07:44:47
3ae175c8-fa10-433e-8928-c08f32fe76b2,fd6d05b3-5986-4934-9752-cf9e77e987c3,954639,view,103,Keyboard,Accessories,Kenya,desktop,facebook,5,70,0.18,2026-06-21 07:44:48
7bf9167e-2a28-4047-9d84-1dada67789a2,90124041-943d-4ed3-9268-b8c4544a3541,985,view,104,Mouse,Accessories,Nigeria,desktop,facebook,3,40,0.19,2026-06-21 07:44:49
6811b21b-bb20-4b0c-92a8-e8e7f61b6ccd,c2f92bea-4175-486f-a2dc-5b3d45f7d66a,169,purchase,102,Phone,Electronics,Ghana,mobile,google,4,800,0.09,2026-06-21 07:44:50
c82460e4-b18f-49ff-8d14-5d12a614c541,4dacbd03-6786-4b04-8622-3df5b7283e94,251,purchase,104,Mouse,Accessories,Nigeria,mobile,google,1,40,0.09,2026-06-21 07:44:51
14c939a5-7519-47ae-a009-c75dcac77f34,2ad78319-5572-4b86-95ef-535167ea8fc8,16,purchase,103,Keyboard,Accessories,Rwanda,mobile,facebook,4,70,0.06,2026-06-21 07:44:52
0142b64f-73a8-4dd3-ba0c-90abd7947363,f34d70a0-0409-4329-a72d-88b1dfb840f5,989,purchase,102,Phone,Electronics,Nigeria,desktop,organic,1,800,0.18,2026-06-21 07:44:53
b3e54547-6686-417d-817a-818cbb92dbe8,af1765d5-360b-46b6-8d16-1bc404c508d2,11,view,102,Phone,Electronics,Ghana,desktop,google,3,800,0.09,2026-06-21 07:44:54
c5a422c0-796e-4581-a939-226bd28fae69,193e4251-d3a5-476c-bb6a-8d4c3882130a,818190,purchase,104,Mouse,Accessories,Rwanda,desktop,facebook,3,40,0.08,2026-06-21 07:44:55
570e98b0-5708-4da0-86fc-aaebe057a02c,c8e7b11b-8b6d-423c-962a-c38b32a40fe7,718627,purchase,104,Mouse,Accessories,Nigeria,mobile,organic,4,40,0.1,2026-06-21 07:44:56
d9e6172b-8c50-4ed3-90bf-cc2bffddd126,8eb9c266-9eb0-4f74-a3a5-8237389d1109,254,view,104,Mouse,Accessories,Rwanda,mobile,google,5,40,0.05,2026-06-21 07:44:57
d5b278dd-9b62-4feb-af42-7452aac6045d,a2f118f8-a4ad-44c5-8d52-36bdd475d194,408734,view,102,Phone,Electronics,Nigeria,mobile,google,5,800,0.11,2026-06-21 07:44:58
205b1fd3-6fc4-4cf6-bb50-ca07f9667fea,1136daec-6ac9-4366-9144-cad9a814e6f4,531518,view,104,Mouse,Accessories,Ghana,desktop,organic,4,40,0.07,2026-06-21 07:44:59
0ba0027c-652f-47c6-9a73-68a5d28fb3e7,5bdca70e-7767-4432-8601-ad7feeae4fe1,760,purchase,101,Laptop,Electronics,Kenya,mobile,organic,2,1200,0.11,2026-06-21 07:45:00
74046ced-7388-43a3-bd89-2dbe7c4ee201,97f6c637-dd88-4bc9-9264-96b3e197feb6,300218,view,103,Keyboard,Accessories,Kenya,mobile,google,1,70,0.13,2026-06-21 07:45:01
a5b24989-5bfe-4a94-8ec7-bd1b8b323a5d,76e39513-a70c-4f6b-ab4c-32c51de6500a,382,purchase,104,Mouse,Accessories,Kenya,mobile,google,4,40,0.05,2026-06-21 07:45:02
8044d93d-41f6-4ac5-ba81-84768212f059,41af8d61-9a6d-4d47-abf8-aa3a2dfbbf79,107709,view,104,Mouse,Accessories,Rwanda,mobile,organic,5,40,0.04,2026-06-21 07:45:03
863ba73c-7dbd-454d-af23-be8a80aa9c17,4f025a27-4a79-4866-b70b-20596f84a4ce,350,purchase,102,Phone,Electronics,Kenya,mobile,google,2,800,0.18,2026-06-21 07:45:04
d8616590-6842-4fcb-bcba-75531d26aa7f,b74ff5b7-6321-4b71-8eea-f31614b7df22,686636,view,101,Laptop,Electronics,Nigeria,desktop,facebook,1,1200,0.01,2026-06-21 07:45:05
7cec755a-5c63-4081-9140-70c7f6e5d617,cc64eaa8-3e31-45dc-99a3-1e088eaa452f,279,purchase,101,Laptop,Electronics,Rwanda,mobile,organic,1,1200,0.09,2026-06-21 07:45:06
0f91799a-0978-4e0a-96f0-42fcf45ecc19,ea691e74-b68f-4936-bb92-e085515f6b82,445530,view,104,Mouse,Accessories,Kenya,mobile,facebook,4,40,0.16,2026-06-21 07:45:07
1a49a677-8698-4b07-9d0c-7e8964ed8949,d4005960-f30f-4ebb-b190-db5a4e4d0255,682,view,102,Phone,Electronics,Nigeria,desktop,facebook,5,800,0.19,2026-06-21 07:45:08
45d051ce-2073-4ea2-9230-66823bc97688,78cbb1b8-a653-417e-81e3-de903ec9de5e,672730,purchase,102,Phone,Electronics,Ghana,desktop,facebook,4,800,0.06,2026-06-21 07:45:09
985d1a93-dcda-4c98-8aca-9b7996b7d6fc,dced5073-b66f-4de3-8217-b030dbf0b518,736803,view,101,Laptop,Electronics,Ghana,desktop,organic,5,1200,0.13,2026-06-21 07:45:10
946cac5f-b475-4105-b318-a39399753595,330eaa52-8115-4ba8-a055-c44a1bdba341,822,view,102,Phone,Electronics,Nigeria,desktop,google,4,800,0.11,2026-06-21 07:45:11
e02ac835-2007-4543-af39-7a06611a2b95,14fdc2b0-2d0e-47ed-a0b1-22aa2bc536c9,604,purchase,102,Phone,Electronics,Nigeria,desktop,google,5,800,0.11,2026-06-21 07:45:12
0eb20974-8e6f-4dd6-9f41-d32bfaaa62ad,2732300a-6b5c-4af7-a5cc-8f0e84fc0f5c,763,purchase,103,Keyboard,Accessories,Kenya,desktop,organic,3,70,0.12,2026-06-21 07:45:13
327f97c0-575f-4d05-b299-f150ada6ebc7,8fa5a8cb-7c56-4496-8688-a65375a12b8b,805624,view,104,Mouse,Accessories,Rwanda,mobile,organic,1,40,0.04,2026-06-21 07:45:14
8eae09f3-f34b-4a5f-9360-dc0eb134447b,6214775a-1dac-43a7-8b7c-e7566d86d555,114,purchase,101,Laptop,Electronics,Kenya,desktop,organic,2,1200,0.14,2026-06-21 07:45:15
49e39e8c-7534-4f69-a314-37857c6cd189,e8d91f28-8903-4a2a-a1e4-70538fa728eb,74,view,104,Mouse,Accessories,Kenya,desktop,google,1,40,0.16,2026-06-21 07:45:16
9e61ce68-329e-436e-a960-cee6fc7e44f4,1537dfc9-8193-44a0-b5b6-77f426fe8abc,720894,view,103,Keyboard,Accessories,Kenya,mobile,google,5,70,0.09,2026-06-21 07:45:17
4d965117-cb41-40a0-93ad-e298a2e4b32f,9a2cd8b4-f8eb-491a-b6cf-f952cd1c6f10,554,view,101,Laptop,Electronics,Ghana,desktop,google,3,1200,0.1,2026-06-21 07:45:18
515fc629-a4d9-42bb-9238-ca47532daa8a,4fa5d6fb-39d7-4897-9d7d-665caef01cf1,848587,view,101,Laptop,Electronics,Ghana,mobile,facebook,3,1200,0.07,2026-06-21 07:45:19
8669b3d2-4b91-4226-bbe3-acbad63c2a89,a9084564-7b65-4c01-a8c2-d9b579db1ac8,975840,view,101,Laptop,Electronics,Rwanda,mobile,facebook,1,1200,0.01,2026-06-21 07:45:20
f8b93ef8-c10c-4da3-980b-ab89118f605e,665bb189-2289-4022-8e27-140f637b8639,149,purchase,101,Laptop,Electronics,Kenya,mobile,google,4,1200,0.04,2026-06-21 07:45:21
b10d5c20-4bd6-49a8-8553-55c8d322fa20,a64ce025-8bfb-421d-bf78-6b7b93bc5d73,801440,view,103,Keyboard,Accessories,Kenya,desktop,google,3,70,0.05,2026-06-21 07:45:22
c41c7eb1-f4e7-4949-874b-77a553c2e7c6,c9888ede-d356-42fd-b26c-4ed28b12656a,772936,view,103,Keyboard,Accessories,Ghana,desktop,facebook,2,70,0.18,2026-06-21 07:45:23
fa13498a-4d0c-4681-bb92-4b0092daa6e3,26470b52-797d-4cd4-b9cf-2c66d29feb13,143591,purchase,104,Mouse,Accessories,Kenya,desktop,organic,3,40,0.0,2026-06-21 07:45:24
f514468e-839d-4a12-ab11-e2ce6896ab3a,4b5e6eb4-4e61-4424-9ac6-dcb1539675dc,183237,view,104,Mouse,Accessories,Nigeria,mobile,facebook,1,40,0.16,2026-06-21 07:45:25
daa1a38a-782e-4745-976d-7b454883e63c,987d0c22-5bb0-408b-a972-ce1e584c1ba2,157819,view,101,Laptop,Electronics,Rwanda,desktop,google,4,1200,0.02,2026-06-21 07:45:26
dbb5d7a4-2d04-4e9a-bcc4-e81bddd47db6,b2635a59-0dc6-4abe-8ba5-7792a6695532,879894,view,101,Laptop,Electronics,Kenya,desktop,organic,5,1200,0.09,2026-06-21 07:45:27
53f4abf5-b45b-49f7-bea9-a2314db7d217,6be49ddb-edc0-4e3d-a35d-1672dc6f3a8f,791,view,102,Phone,Electronics,Rwanda,mobile,facebook,2,800,0.01,2026-06-21 07:45:28
b7d0515c-2862-4cd8-b517-9d9232acdc38,36763a68-a49f-4000-91f7-43cb1d8391ac,706,view,101,Laptop,Electronics,Nigeria,desktop,google,3,1200,0.19,2026-06-21 07:45:29
9ab4bc2b-5168-4bf6-b76b-7bf2899d323f,0e481b58-3fcb-42ed-92bb-37efdf6a8ca3,43143,view,103,Keyboard,Accessories,Kenya,mobile,organic,3,70,0.02,2026-06-21 07:45:30
f361b54f-1e20-467e-8af2-35675ed02bf8,24494778-876e-4ede-b435-f978cec4e54a,822229,purchase,101,Laptop,Electronics,Ghana,mobile,facebook,5,1200,0.08,2026-06-21 07:45:31
96379e11-6c56-434c-9342-200a91753d41,34b84b3e-d4d2-4333-a524-10e1147f9f99,580742,view,104,Mouse,Accessories,Rwanda,desktop,google,2,40,0.17,2026-06-21 07:45:32
1ee85fc4-4be9-4695-91c1-be73e71f86c6,f59a3cab-e168-4aae-b5bb-4ab483d627cf,639187,purchase,102,Phone,Electronics,Nigeria,desktop,facebook,2,800,0.17,2026-06-21 07:45:33
a1e00b9e-8259-4a1b-9229-8e2bff61e7e2,9e226b3f-f1bb-4b4c-af90-7966964df8ba,964874,purchase,101,Laptop,Electronics,Kenya,desktop,organic,4,1200,0.06,2026-06-21 07:45:34
fb3e720d-89a0-4c5f-8484-3876d0fe7ea9,89377f1f-a8c1-45b9-bec4-8ff3cc30ff9a,383848,purchase,103,Keyboard,Accessories,Ghana,desktop,facebook,1,70,0.04,2026-06-21 07:45:35
74bbc622-ce7c-44e5-8837-ab79dc0f70b6,3962fec8-ce2e-4b39-846b-8aa43f7a8353,370337,view,102,Phone,Electronics,Rwanda,desktop,organic,3,800,0.14,2026-06-21 07:45:36
1f3d73cb-0d6b-4dbc-8a1b-3b76580fdbf9,9868d14c-fdeb-4abf-8eca-832ea916c991,755204,view,104,Mouse,Accessories,Ghana,mobile,organic,2,40,0.02,2026-06-21 07:45:37
ba876aa3-1d06-472c-bba2-914d6db9739a,088d6c85-307b-464a-ad10-b2f73995f375,782,purchase,101,Laptop,Electronics,Rwanda,desktop,facebook,2,1200,0.17,2026-06-21 07:45:38
299a3e01-67bd-49c6-a365-a34a205e52a0,2115065f-882f-4d68-90d6-eb89e9839eb4,381680,purchase,101,Laptop,Electronics,Nigeria,mobile,google,1,1200,0.1,2026-06-21 07:45:39
c1374046-bdf4-418b-9ae4-7bcc237fd5a6,a010307a-7253-4c99-8b10-062fd447fc74,231575,purchase,102,Phone,Electronics,Rwanda,mobile,facebook,5,800,0.18,2026-06-21 07:45:40
19fde6aa-60dd-445b-8ef6-ff891f8e59f6,e9cc6854-5eb5-47bd-a563-cbee782a5f46,201372,purchase,101,Laptop,Electronics,Kenya,mobile,organic,3,1200,0.0,2026-06-21 07:45:41
9f2111a4-a468-4c34-b0e3-e1328a80136a,7b49c35f-3437-4167-97c6-01e928e3e456,74346,purchase,103,Keyboard,Accessories,Kenya,mobile,organic,5,70,0.07,2026-06-21 07:45:42
6471d350-22e2-4a22-b634-db098acd8691,0473f491-0e95-4962-b91e-c8a200d0ac2f,232433,purchase,101,Laptop,Electronics,Ghana,mobile,organic,2,1200,0.03,2026-06-21 07:45:43
8e888d6c-2c62-45b3-9743-3187899caabb,e1545add-8b95-41d9-8a71-b9e29e8ead77,456,view,102,Phone,Electronics,Kenya,mobile,facebook,1,800,0.14,2026-06-21 07:45:44
1040917f-ce43-41da-835b-715d2ddea522,9fd125c9-0bfa-4740-a82a-855316f83728,362128,purchase,103,Keyboard,Accessories,Kenya,mobile,organic,3,70,0.05,2026-06-21 07:45:45
ee8a870e-8146-49a5-aef0-0fcbf56de5ef,05fa409a-c28e-494c-a32b-78be45ace799,432798,view,102,Phone,Electronics,Kenya,mobile,organic,5,800,0.15,2026-06-21 07:45:46
689ab8ee-4a02-437b-bcc9-07ea4c592a44,45b84e42-a2a0-433f-852c-bb6f35433d04,90,view,103,Keyboard,Accessories,Nigeria,desktop,google,5,70,0.14,2026-06-21 07:45:47
6c87975b-5e76-4411-81d7-ba78e5ad58bc,e121f773-dc9c-4eff-aa22-21b7d3e8e7ee,343053,purchase,103,Keyboard,Accessories,Kenya,desktop,google,2,70,0.16,2026-06-21 07:45:48
9d7bdb5b-b519-4d4b-b731-57dd1dfd1af5,e94b79ea-2e34-4886-9214-5aaccaec8d03,263183,purchase,101,Laptop,Electronics,Nigeria,mobile,facebook,5,1200,0.1,2026-06-21 07:45:49
2837fc5b-68ca-4f75-b16e-59613605d7f5,5fec79a6-c1ba-48a4-b8d5-f49626e669b2,997,purchase,104,Mouse,Accessories,Rwanda,desktop,google,4,40,0.09,2026-06-21 07:45:50
22249fc1-1a69-4731-8a98-763bbbe074c5,7cca50ec-ac10-4d75-b494-ae3ced061530,167429,view,104,Mouse,Accessories,Nigeria,mobile,google,5,40,0.15,2026-06-21 07:45:51
a457fe91-c3b3-4868-8735-31aa95bf3b24,aa643ad5-cc31-4cdd-8f97-50afd06532f7,800,view,102,Phone,Electronics,Ghana,mobile,facebook,3,800,0.2,2026-06-21 07:45:52
30f327dd-44b6-49a7-940a-2ddb7123973e,159829c0-6272-4516-82ce-3918cfc92653,40777,view,104,Mouse,Accessories,Kenya,desktop,facebook,1,40,0.02,2026-06-21 07:45:53
f004b5e1-ef8c-4745-8ec2-8ccc087fc78c,8025f7bc-0f16-4636-a62a-93baa5700a45,551955,purchase,101,Laptop,Electronics,Nigeria,mobile,google,5,1200,0.01,2026-06-21 07:45:54
512edb71-4e61-4137-8281-ce00023dd5a8,e1d02b8e-2862-4957-9bad-1156988f72ca,644303,purchase,104,Mouse,Accessories,Rwanda,desktop,google,2,40,0.2,2026-06-21 07:45:55
a57c83f7-0501-452b-9896-2dc1d42b9a05,21d8507e-186d-43f4-8f77-0712850a433f,393,view,103,Keyboard,Accessories,Ghana,desktop,organic,3,70,0.14,2026-06-21 07:45:56
ff2d34a8-89f1-4bb6-8165-170af063a7b8,7d599a4f-6fc3-47ab-abe8-412591483be5,961072,view,104,Mouse,Accessories,Kenya,desktop,facebook,3,40,0.09,2026-06-21 07:45:57
e8d3582d-fe1d-49cb-b739-6d1b7e1296cc,6bbe1249-7560-4efd-9edb-b9122a66fa8a,946448,purchase,102,Phone,Electronics,Nigeria,mobile,organic,1,800,0.19,2026-06-21 07:45:58
0b44b580-bda1-4893-bd61-1382549b900c,c7b2795e-1ead-43f2-8c0f-f466fc99cfc9,542,view,101,Laptop,Electronics,Nigeria,desktop,facebook,1,1200,0.13,2026-06-21 07:45:59
671d3651-9eb1-45fd-9e98-a3a06b2e6aa3,b32022df-9171-483f-8498-a92231564a95,214,view,102,Phone,Electronics,Ghana,mobile,facebook,2,800,0.12,2026-06-21 07:46:00
21ca124f-288f-441d-b354-0f4d6fafe4ed,506c3126-a5bb-4ab2-b8df-4fab25525e07,319068,purchase,104,Mouse,Accessories,Ghana,desktop,facebook,5,40,0.07,2026-06-21 07:46:01
6c90d896-704a-46fa-b057-de3eb0092d09,bbe87316-3379-4865-93b7-957c0e561e3d,843689,purchase,102,Phone,Electronics,Ghana,desktop,organic,2,800,0.13,2026-06-21 07:46:02
7da5b9f4-8b9c-4832-9dc9-c4afb15f86b2,7f1fe1a0-8e84-41ba-90ee-a7874f323de3,364385,purchase,101,Laptop,Electronics,Ghana,mobile,organic,4,1200,0.03,2026-06-21 07:46:03
601ac35c-b2cd-4f46-baea-8531f9004350,12658ab2-8921-4de7-95dc-28c7b2fe8fc6,310128,view,102,Phone,Electronics,Rwanda,mobile,google,5,800,0.15,2026-06-21 07:46:04
c29996b6-04d9-434d-95d7-323f6a8b0711,c37d1a04-3720-4a04-b17f-3e11d2143308,921726,view,101,Laptop,Electronics,Kenya,mobile,google,5,1200,0.01,2026-06-21 07:46:05
78e442d8-260e-4f6d-bcbd-80b7a24fc02d,f6533d5b-3d9c-4b58-8b62-f05f16f9e7be,948665,view,103,Keyboard,Accessories,Nigeria,desktop,organic,1,70,0.13,2026-06-21 07:46:06
9eaf59f5-08d4-4d9a-9feb-04c19ee9aa6f,15d9ac8e-4b85-40ad-9c9c-f7e0f43ecd33,297080,purchase,102,Phone,Electronics,Kenya,mobile,google,3,800,0.14,2026-06-21 07:46:07
e66962a8-9b6a-490f-8521-d080a5a989b0,47469fd6-9b4c-4e72-9f30-d9a3bbea0aca,652,view,103,Keyboard,Accessories,Ghana,mobile,google,2,70,0.13,2026-06-21 07:46:08
6b5718ef-4833-4a44-b4a6-0fa391d51a75,2dfaadb0-4496-4b8d-8ab7-cef3c778ce94,865,view,102,Phone,Electronics,Rwanda,desktop,facebook,4,800,0.02,2026-06-21 07:46:09
d70e96d9-eccf-429f-a63b-3ceac508519b,38d737d1-d34e-4a20-b2b8-4f244a5bb940,887236,purchase,101,Laptop,Electronics,Kenya,desktop,facebook,5,1200,0.17,2026-06-21 07:46:10
64c23716-a61d-4ac5-9068-c1e5fb7db89a,62a88f37-e90e-4fbf-9701-bbc661ce7aca,764972,view,103,Keyboard,Accessories,Nigeria,desktop,organic,2,70,0.01,2026-06-21 07:46:11
e1946c88-9e79-4e05-be79-34373377d651,aa135db5-b10a-44cd-ac57-706d9bf5e3e3,967,purchase,102,Phone,Electronics,Ghana,desktop,organic,3,800,0.12,2026-06-21 07:46:12
abca17fb-b7a6-4ef5-a263-b780d7fe33d3,4ff2147f-cc0a-41e2-8288-326a18336bcc,922,view,104,Mouse,Accessories,Ghana,desktop,facebook,4,40,0.19,2026-06-21 07:46:13
c47eb98c-5ea8-4fee-93ab-58ac31738baf,2a5c1f4d-c38e-4017-ab36-8fc305d2930a,462511,view,103,Keyboard,Accessories,Rwanda,mobile,organic,5,70,0.13,2026-06-21 07:46:14
89c3087c-605a-4892-a9ed-a4b7835860e9,d90cfd28-3651-4af1-9d6c-3ecc9c44e726,685,purchase,104,Mouse,Accessories,Rwanda,mobile,facebook,5,40,0.09,2026-06-21 07:46:15
ad106dde-f440-4ded-a450-5f9393f824d2,e438534a-9161-4449-b97b-a2a5d04109e0,523607,purchase,103,Keyboard,Accessories,Nigeria,desktop,facebook,2,70,0.1,2026-06-21 07:46:16
7f7ead24-a332-481c-8c37-40961f49bf0d,c80a1f18-6bed-44a7-89cd-eedd580ede1f,734,view,104,Mouse,Accessories,Rwanda,desktop,google,1,40,0.09,2026-06-21 07:46:17
918ad4b3-4431-42b7-b3b7-b4a9ad340b71,723f468d-1f42-4073-ae8b-7ad076b65e61,39793,view,102,Phone,Electronics,Ghana,mobile,facebook,3,800,0.09,2026-06-21 07:46:18
80ff8dab-3b58-4434-8774-eef701b38be8,03a6f3d9-1917-4068-9850-1463e95dea16,767,purchase,103,Keyboard,Accessories,Kenya,mobile,facebook,2,70,0.02,2026-06-21 07:46:19
b0806512-68aa-4cc6-a8a2-2fe54cba82ab,5cf16cfc-9dec-4c6a-b692-2b3d2ed43a59,708309,view,102,Phone,Electronics,Kenya,desktop,facebook,3,800,0.19,2026-06-21 07:46:20
bf275f7c-4375-4507-9bcb-25366780b241,03236637-8b59-427b-9e20-eaa503ef4940,50412,view,101,Laptop,Electronics,Nigeria,desktop,google,1,1200,0.05,2026-06-21 07:46:21
96ced677-7ace-4885-a479-244c77b79e67,b99bc32d-82e9-4120-b219-ec155f3e8ff7,283,view,103,Keyboard,Accessories,Nigeria,desktop,google,2,70,0.11,2026-06-21 07:46:22
1f8d1e03-9f35-49bc-b274-ca0a42f892f0,6629047d-c43a-4b06-92cd-9b80747daae9,324976,purchase,101,Laptop,Electronics,Rwanda,desktop,google,2,1200,0.14,2026-06-21 07:46:23
9dcfba7e-653b-428d-9b60-1752b9e7d306,294b8461-b150-4664-b5b0-1566ef5a714b,578914,view,103,Keyboard,Accessories,Kenya,mobile,google,5,70,0.05,2026-06-21 07:46:24
2e7b7a94-8ed8-4e48-9fce-4936de889584,40cd0e74-0b68-424e-9b2b-780a65067962,186,view,103,Keyboard,Accessories,Nigeria,mobile,google,1,70,0.2,2026-06-21 07:46:25
30457c3a-cae3-4bda-851a-2d446a04053b,b7d47d5b-eb5e-43b7-990e-2d337e8c4169,731344,purchase,101,Laptop,Electronics,Kenya,mobile,google,4,1200,0.06,2026-06-21 07:46:26
70f608e1-583a-4275-bab4-2bd70e9a8d85,3cf1a772-e36c-4d86-9ae5-68fedf853906,936266,view,104,Mouse,Accessories,Nigeria,desktop,organic,1,40,0.07,2026-06-21 07:46:27
2ccf43a9-7938-4cf7-bc9c-0a6007a0e2a8,13d4bbd1-15e4-4c02-a5b5-c24966164099,440,purchase,103,Keyboard,Accessories,Ghana,desktop,google,2,70,0.2,2026-06-21 07:46:28
f21889d2-0335-4b78-8a5d-c4f85623b766,e73323b6-e1c1-4545-bda9-d8abf48e201d,431113,view,104,Mouse,Accessories,Ghana,desktop,facebook,1,40,0.19,2026-06-21 07:46:29
beedbcac-870b-4469-abc5-6a4556f4418c,62c00adb-aa28-4e76-a926-c7769f7c5937,155,view,102,Phone,Electronics,Kenya,desktop,organic,1,800,0.15,2026-06-21 07:46:30
d9ec6626-e20f-4403-9562-32cc1bdc8c92,e5bf8bde-9dc7-4c8f-8bb5-ad613b12ab67,936697,view,101,Laptop,Electronics,Nigeria,mobile,google,1,1200,0.19,2026-06-21 07:46:31
13b0fa4d-2748-4a93-835a-d76da0ed08fc,cca47c82-7f3d-4ccd-aa2c-747fcfa297db,872942,view,102,Phone,Electronics,Ghana,mobile,organic,3,800,0.18,2026-06-21 07:46:32
7260be78-ee23-41c6-95aa-fd8addb48e7f,86fbb0b3-ae7b-4ae8-b099-5072b2eee43c,519118,purchase,103,Keyboard,Accessories,Kenya,mobile,facebook,1,70,0.04,2026-06-21 07:46:33
3fc1f706-9084-40c9-9c83-40fe786086bf,df3cb0fa-cf5a-4d71-88e2-252acf15b0c8,308337,view,103,Keyboard,Accessories,Kenya,desktop,organic,2,70,0.08,2026-06-21 07:46:34
be66830d-f2fa-41c0-ade6-adabc29fbdff,7b8c13dd-96b7-47b1-ba03-1704fa11e1fa,130176,view,104,Mouse,Accessories,Kenya,desktop,google,1,40,0.02,2026-06-21 07:46:35
d9608d69-aace-4ef2-90a6-9e147cb1d55b,9246efc1-7218-456b-b118-cd4abf41e961,481,purchase,103,Keyboard,Accessories,Nigeria,desktop,google,5,70,0.11,2026-06-21 07:46:36
75b4498b-d983-4991-bf1b-43e100a95428,b6ba49ae-3ff1-4bcf-8718-f27f1958c49d,505384,view,101,Laptop,Electronics,Rwanda,desktop,google,2,1200,0.01,2026-06-21 07:46:37
7a18d180-0d71-49ff-8f91-5ce45f31e77a,6286f960-444e-4953-8579-059ed454e5ba,345094,purchase,104,Mouse,Accessories,Nigeria,desktop,facebook,3,40,0.07,2026-06-21 07:46:38
c50361b6-2661-40de-81fa-287d94e03dfe,82d51d78-3187-46c1-a243-5792bc15cdf0,673265,purchase,103,Keyboard,Accessories,Kenya,desktop,organic,3,70,0.1,2026-06-21 07:46:39
51869723-d7f9-47db-85c5-412a2a0d13cb,e27e1cd3-3a62-4667-abf3-b69fa563d4aa,315879,purchase,102,Phone,Electronics,Nigeria,mobile,google,1,800,0.16,2026-06-21 07:46:40
4b018bf2-ee7a-46f4-a042-dbee6f37e64e,cde32ad2-9719-4b91-aa2a-a7cb71559229,288,purchase,104,Mouse,Accessories,Ghana,desktop,google,5,40,0.08,2026-06-21 07:46:41
3cbb0a07-4922-4fcc-ab63-3f10657f9d2c,a3fb5286-202a-4471-92c1-08381ad1feb8,224,purchase,103,Keyboard,Accessories,Nigeria,desktop,organic,4,70,0.07,2026-06-21 07:46:42
2c80c28a-8d3b-4ef8-bae8-933d5453b1d6,65b02655-9039-4dba-a05f-0e4daa3cd943,637,purchase,102,Phone,Electronics,Ghana,mobile,organic,3,800,0.1,2026-06-21 07:46:43
19f84cca-903c-4d75-8d02-6c4bd52a6b5b,e2d130e5-c4ae-4aa6-a95e-3510ca8ed3cc,547,purchase,103,Keyboard,Accessories,Rwanda,mobile,organic,4,70,0.08,2026-06-21 07:46:44
e8c8c1f0-875d-4e3e-b1a7-da557bf65c5a,862955ab-0e68-4f08-8e32-ae7bcd3e63e0,927456,view,101,Laptop,Electronics,Nigeria,desktop,google,2,1200,0.18,2026-06-21 07:46:45
9d2331f7-9ed2-452a-99cf-5f56b2409f7a,ecb41468-2987-44e8-89c0-ca2da83a1458,959,view,103,Keyboard,Accessories,Rwanda,mobile,organic,5,70,0.06,2026-06-21 07:46:46
2e7caf34-8b6a-4bc5-97fb-613d21c5a4a8,e7977588-46f6-4fda-87ec-5e4a146a1c6b,38748,view,101,Laptop,Electronics,Rwanda,mobile,organic,1,1200,0.13,2026-06-21 07:46:47
ed2e5e7b-5caf-48d8-bf1f-327554e26912,97bf1b25-c141-40ce-a317-502f55f8241a,218535,purchase,104,Mouse,Accessories,Nigeria,desktop,facebook,2,40,0.15,2026-06-21 07:46:48
a021215d-420e-4a48-921e-bfa42498a5db,fa52bea1-2559-4656-98fe-d06e0a6b1b6d,896205,view,102,Phone,Electronics,Ghana,desktop,organic,5,800,0.14,2026-06-21 07:46:49
87c49bf1-b1a7-4258-8e6b-8e12547deedf,c40b16fa-188e-42ef-8e56-4f60a5d148f2,22365,view,102,Phone,Electronics,Nigeria,mobile,google,1,800,0.1,2026-06-21 07:46:50
4d480b48-fab8-425a-b66c-d7f63114ec5e,89b37507-1ee1-4ffe-b78c-57e851daf8c5,335,purchase,101,Laptop,Electronics,Kenya,desktop,facebook,2,1200,0.05,2026-06-21 07:46:51
2b74a43f-d0a0-41ac-930d-eacd9a4489fb,6d5d8448-29be-49b0-bd0e-4f919a57c397,864795,purchase,103,Keyboard,Accessories,Ghana,mobile,google,2,70,0.11,2026-06-21 07:46:52
bfdfce1a-9a3e-4e5d-bed7-875e93a55588,a8bca496-e8a9-4440-bcb2-bd56455bd27b,423792,purchase,101,Laptop,Electronics,Nigeria,desktop,facebook,1,1200,0.11,2026-06-21 07:46:53
73324470-f4b4-4aa5-b2b5-7e4d05081371,3d4dcbe4-b478-417d-af1a-ba7df567744d,699592,view,103,Keyboard,Accessories,Ghana,desktop,google,1,70,0.18,2026-06-21 07:46:54
870b7e42-2153-43f8-9e8f-d57987bdc267,6e769c00-e028-47b4-b4d1-57a45a4c7ea7,963618,purchase,102,Phone,Electronics,Kenya,desktop,organic,1,800,0.03,2026-06-21 07:46:55
59cb9af3-b062-46d7-89d1-5b16aa289f16,22ce7134-60ea-4e73-beaa-e5396fc5fbe6,550137,view,104,Mouse,Accessories,Nigeria,desktop,facebook,4,40,0.12,2026-06-21 07:46:56
0ee89377-7b5f-4749-92bd-68c9de497dbf,b600770b-db4b-4542-a7f0-fd38632e0933,254077,purchase,103,Keyboard,Accessories,Nigeria,desktop,facebook,5,70,0.06,2026-06-21 07:46:57
ece327b2-e3f7-4f0b-8bd3-b8730a434be2,823c542d-9a3d-416e-a9bb-168339256448,439698,view,101,Laptop,Electronics,Kenya,desktop,organic,4,1200,0.11,2026-06-21 07:46:58
5850edd7-45bc-4367-9975-75978ee2a59d,77b50562-2e43-4b1e-9061-9490db1efd88,647399,view,103,Keyboard,Accessories,Nigeria,desktop,organic,4,70,0.07,2026-06-21 07:46:59
366fc3eb-2b2e-4a4c-8a05-0f21f3360544,2d33a0a7-da0f-47a4-941e-cdba24aa1dd4,925212,purchase,103,Keyboard,Accessories,Nigeria,desktop,google,4,70,0.07,2026-06-21 07:47:00
fd3d21d9-32a7-4724-a198-fea922a0e157,6f37a224-3557-417a-8d9d-10c388b4b0ff,607,view,104,Mouse,Accessories,Kenya,mobile,google,5,40,0.17,2026-06-21 07:47:01
abb8c223-17ec-4211-b2a8-3249a3edeb44,f3da08d8-5743-4c62-ab53-daa2ebdcdd16,785,view,103,Keyboard,Accessories,Nigeria,desktop,organic,2,70,0.19,2026-06-21 07:47:02
87969076-ee65-4fdb-8504-530aa4283b54,ae3fe0e2-a49b-49ec-96da-4f97334591ef,406,purchase,104,Mouse,Accessories,Nigeria,desktop,google,3,40,0.17,2026-06-21 07:47:03
61b440aa-565a-4ffe-8814-4caa97260bb6,aa232410-a73c-4b0c-8ed5-678ad5ae0a6c,899124,view,104,Mouse,Accessories,Kenya,mobile,facebook,2,40,0.1,2026-06-21 07:47:04
b4122165-8f0c-4cbe-a6fd-5c6f95dd815e,8efb045e-dfec-40c2-9913-4cf76739ccb2,9,view,103,Keyboard,Accessories,Ghana,mobile,google,3,70,0.18,2026-06-21 07:47:05
aa6723ec-7780-4614-b27b-f06be6d7f303,c54fdaf0-fae6-4ae2-9c01-d54ffe5718ca,257869,purchase,104,Mouse,Accessories,Ghana,desktop,organic,5,40,0.09,2026-06-21 07:47:06
2617f7d6-5f0f-4c09-bf74-0392e9efbff3,47b7d66b-4602-4caa-a19c-ad2d37fa3aa9,248143,purchase,104,Mouse,Accessories,Kenya,mobile,google,1,40,0.11,2026-06-21 07:47:07
35be04e2-4733-42aa-bd13-1e87c6bfc5f9,040b29e7-41e8-441f-abfe-a43fe3fdb535,823364,view,102,Phone,Electronics,Ghana,mobile,google,4,800,0.11,2026-06-21 07:47:08
1922d0b3-994c-49bb-b899-fb858f8ab88f,72582d0f-371c-43d3-96c1-92ebaaab09d1,56949,purchase,104,Mouse,Accessories,Nigeria,desktop,organic,5,40,0.14,2026-06-21 07:47:09
47342f49-6c49-487a-b743-86c5707eede4,b5389830-8917-4b03-a6ab-b2cff478d9f3,88052,purchase,102,Phone,Electronics,Ghana,desktop,organic,1,800,0.15,2026-06-21 07:47:10
ab0099db-1c28-40c2-89bb-a2d0f6fdd452,214088dc-7f3f-49b6-b47f-0ba57a65cf0b,426,view,104,Mouse,Accessories,Ghana,desktop,google,1,40,0.06,2026-06-21 07:47:11
bc8e04fe-23a0-4b21-bba4-988edf911b00,c26687ec-7eff-4391-aa53-1dd7612ed311,583138,view,103,Keyboard,Accessories,Kenya,mobile,google,1,70,0.12,2026-06-21 07:47:12
7901eed3-4327-46cc-8878-5c4d811cf850,4dd0f59c-b754-436a-a4bd-7ea1ae5c3335,490649,view,103,Keyboard,Accessories,Kenya,desktop,organic,4,70,0.1,2026-06-21 07:47:13
19df6caa-6312-44f8-b527-be679ac2cfb5,cf067d0e-89d5-48ce-980a-0ae24e0a2449,884449,purchase,103,Keyboard,Accessories,Ghana,mobile,organic,3,70,0.16,2026-06-21 07:47:14
0c06edc3-7b78-4cea-b5ba-7acbf82e193f,f95ee6cb-a5ec-4b1c-92e2-92037e701b70,340,purchase,103,Keyboard,Accessories,Kenya,desktop,organic,2,70,0.03,2026-06-21 07:47:15
4c3533ee-1872-4f3d-bfd9-c3b77e4dfd08,5e5dace6-0c02-4be3-b881-440805762ff4,711,view,102,Phone,Electronics,Ghana,desktop,facebook,2,800,0.13,2026-06-21 07:47:16
d9857b2b-a321-49ea-a2f5-771ee946351f,6d6c2298-c61e-400b-a5eb-d894592ffad3,145011,view,102,Phone,Electronics,Rwanda,desktop,organic,4,800,0.09,2026-06-21 07:47:17
517efcff-75ab-4f14-88ba-c50f15d3b0a6,10620ed4-590b-4e89-86ca-ac3bd79b1025,505,view,103,Keyboard,Accessories,Ghana,desktop,organic,5,70,0.02,2026-06-21 07:47:18
0f71bcae-3eee-4d54-afa1-f8f253c015c9,9011fdbb-5f6b-401e-a147-ed025aa6190a,829833,view,101,Laptop,Electronics,Kenya,desktop,facebook,1,1200,0.04,2026-06-21 07:47:19
864a3d65-6120-4733-8ad1-dacf8d4fa08d,827b09ae-723c-40d2-bae7-28e9c5527bd2,246879,view,104,Mouse,Accessories,Rwanda,desktop,google,1,40,0.11,2026-06-21 07:47:20
bae7610f-0982-4b71-90d8-aa8a34682c2f,7a5a727a-d2b3-43b2-a597-0133fe35b3b8,232,purchase,103,Keyboard,Accessories,Rwanda,desktop,google,4,70,0.02,2026-06-21 07:47:21
2ec3347f-dcd0-45e9-bc6d-68824f05a4be,cb536c90-97ed-47db-baf0-3a6a8af2d7cd,207621,purchase,101,Laptop,Electronics,Rwanda,mobile,organic,5,1200,0.15,2026-06-21 07:47:22
5e96b6ab-5025-47b6-b178-ddc00bae853c,6a337e2e-23d3-46d9-b96d-5258466ea6af,694300,view,103,Keyboard,Accessories,Nigeria,desktop,organic,4,70,0.17,2026-06-21 07:47:23
95fbb4ab-8a3e-4322-9349-1cd29799dcba,8dbe50d2-5594-4d0a-986e-ee42642efda3,535594,view,102,Phone,Electronics,Kenya,desktop,facebook,3,800,0.09,2026-06-21 07:47:24
b8eb1109-84d9-4757-85eb-91244e83146e,da3916d2-9c8d-4a5b-8ea4-aa1191aa21af,66971,view,104,Mouse,Accessories,Rwanda,desktop,google,5,40,0.05,2026-06-21 07:47:25
37ad8fc8-2062-438a-a561-e062daff97d6,ebc5cff0-2124-4749-a25b-13709428c97a,682200,view,102,Phone,Electronics,Ghana,desktop,google,2,800,0.15,2026-06-21 07:47:26
892c8b4b-1dc4-4b07-8039-26821d8fff02,f8a6d14a-cd74-4a79-aa5d-0dcb754e787f,578953,view,101,Laptop,Electronics,Nigeria,mobile,facebook,1,1200,0.05,2026-06-21 07:47:27
c9537eff-74de-40b5-9738-3ddf61fd4b45,8225c615-b420-43c3-9877-3d234aa68b05,947,view,101,Laptop,Electronics,Rwanda,mobile,google,4,1200,0.14,2026-06-21 07:47:28
326c0d31-c099-455e-aa69-ca9c3fe80531,b813a5d9-7f6c-4fc3-822a-51b075ecf87e,347748,purchase,101,Laptop,Electronics,Ghana,desktop,organic,1,1200,0.12,2026-06-21 07:47:29
f6fd8c46-57c4-4f2e-843d-552db483fb10,2e3d3331-beaa-45f6-b525-626d0715ee9a,704488,view,101,Laptop,Electronics,Ghana,desktop,google,4,1200,0.1,2026-06-21 07:47:30
8d93f7da-e032-47af-a215-85b90ecc7849,fda7e827-be18-485d-a467-296223e7a69f,848052,view,104,Mouse,Accessories,Ghana,mobile,organic,5,40,0.15,2026-06-21 07:47:31
74bdb2a6-48ce-49d7-b05b-c4b7784b0ed9,d74f070b-5eee-4111-8a8f-f0f81b664371,799338,purchase,102,Phone,Electronics,Rwanda,desktop,organic,2,800,0.18,2026-06-21 07:47:32
1e9aee54-f649-470c-8398-9b672fa77cf9,c5533877-e5f6-4869-b00d-f18cce243f52,509273,purchase,101,Laptop,Electronics,Kenya,mobile,facebook,5,1200,0.11,2026-06-21 07:47:33
9356d9d2-e188-4d06-8e46-7cdfa3d59d8c,f3bcd21f-b5f7-4563-bf14-b8798e002dc8,266,purchase,102,Phone,Electronics,Nigeria,mobile,organic,3,800,0.02,2026-06-21 07:47:34
6ec02a7f-40ab-4b7d-9f6c-d2a19aee19f9,a9650010-d44b-4c05-a7e6-601dbe462140,782938,view,101,Laptop,Electronics,Kenya,mobile,facebook,2,1200,0.16,2026-06-21 07:47:35
ebd24b0d-c9e6-49d7-9b56-0ee22273adbd,d2b71da5-e2e4-49fc-9ce5-5a07b882f3da,678502,purchase,102,Phone,Electronics,Kenya,mobile,facebook,3,800,0.19,2026-06-21 07:47:36
f60c7e8e-127c-4af9-b191-d8b90f369218,f87f14e6-674d-4ab0-abe9-220deeecfae3,502752,purchase,104,Mouse,Accessories,Rwanda,desktop,facebook,2,40,0.1,2026-06-21 07:47:37
032d90c6-e1d9-44bf-b877-cf365d39ebb3,86250dbd-a0f9-4e13-aa36-0564f3aea0f2,193011,view,103,Keyboard,Accessories,Rwanda,mobile,facebook,1,70,0.1,2026-06-21 07:47:38
c0fc31cf-611e-4823-8ad1-1d9f81ff7bf8,8bf18762-eb64-477d-b82a-fd9d168092c8,931962,view,102,Phone,Electronics,Kenya,desktop,google,2,800,0.07,2026-06-21 07:47:39
0b3fbb7e-dfa6-4f87-ad02-0eeb1f05e352,a5a467dd-d2a9-4912-8ba8-c56e80fc4ad1,746765,view,101,Laptop,Electronics,Kenya,desktop,facebook,3,1200,0.04,2026-06-21 07:47:40
da7748f1-3392-4f61-bb7b-418870aba0ab,afdf6563-0ded-459a-9727-2b81e1f7083e,512465,view,103,Keyboard,Accessories,Kenya,mobile,organic,4,70,0.01,2026-06-21 07:47:41
7dd8d67d-481b-4e61-908c-caf4647d3ed4,692f7513-e013-4c49-ae9c-9e83932a4e28,630031,view,101,Laptop,Electronics,Ghana,mobile,google,2,1200,0.14,2026-06-21 07:47:42
abf2c050-4f74-405e-9651-b11949562897,3c0468b0-8eac-46c3-b2d9-abc85785d524,387597,purchase,104,Mouse,Accessories,Kenya,mobile,google,2,40,0.2,2026-06-21 07:47:43
0869ff64-ed34-4304-b977-a80b613a7d3d,c3c17188-03be-41db-9777-c84cc54749e1,94271,view,102,Phone,Electronics,Nigeria,mobile,organic,5,800,0.18,2026-06-21 07:47:44
e2787c2a-aa9b-4eb9-915c-87000d971770,eac7f789-539e-4c0a-b8b2-10e0515b385f,243,view,101,Laptop,Electronics,Nigeria,desktop,facebook,2,1200,0.2,2026-06-21 07:47:45
69d81363-547a-4959-a5ae-25fb266b5e5e,91cc3c0e-a4bf-471d-ba90-f9ee30c4bacb,85750,view,102,Phone,Electronics,Kenya,mobile,facebook,5,800,0.16,2026-06-21 07:47:46
36df9ad8-8b43-47b6-9429-a812698d451d,32d0054f-88b1-49aa-9196-f81999656ee3,308836,view,101,Laptop,Electronics,Kenya,mobile,facebook,5,1200,0.16,2026-06-21 07:47:47
6f444a32-fc12-4af0-a52e-c49a6d806369,6a18f93b-2e72-469e-9fbe-3aa3e7a5facd,368476,purchase,104,Mouse,Accessories,Rwanda,desktop,google,2,40,0.14,2026-06-21 07:47:48
d3210fec-6488-4d7c-8991-887990e37ca2,93bdfc30-51bc-4ec1-8039-3429021930fc,157,purchase,103,Keyboard,Accessories,Nigeria,mobile,facebook,2,70,0.05,2026-06-21 07:47:49
1eb71b42-800f-4eb6-bd2f-11b58d79f15c,72d12485-157c-40cc-8426-e2d5cb5c5f34,452148,purchase,104,Mouse,Accessories,Rwanda,mobile,google,4,40,0.11,2026-06-21 07:47:50
c00ad256-347b-4a2a-80b0-2be2b7af5d4d,fb15cc62-ac5a-43de-8142-139d04bc9ed2,81,view,101,Laptop,Electronics,Nigeria,mobile,organic,3,1200,0.09,2026-06-21 07:47:51
6eb5977e-9c0b-4712-8b36-33dd2a5655b0,5658b6db-a7cf-43b5-be68-b8a4d76bbf9a,75,view,104,Mouse,Accessories,Ghana,desktop,facebook,5,40,0.14,2026-06-21 07:47:52
37636d60-2685-4c1f-803e-bb5f4d419ce0,769dc099-98f5-4758-872f-dba4ef514648,387,view,104,Mouse,Accessories,Kenya,desktop,facebook,5,40,0.09,2026-06-21 07:47:53
2bd491cd-3328-4807-9452-820c4140d9b6,042c47fa-5438-4685-9fd2-04992cdceb8b,2337,view,104,Mouse,Accessories,Ghana,mobile,facebook,3,40,0.04,2026-06-21 07:47:54
f4e461b4-66e1-4a03-82f4-d14c6c1d9f32,ee045e3f-08e9-493a-9e40-c53f0ca9383a,286960,view,101,Laptop,Electronics,Kenya,mobile,facebook,2,1200,0.03,2026-06-21 07:47:55
2111efa0-cc46-4f38-8486-759402100511,713a6d48-9988-4a69-8873-2bbe1fb4bd9c,676090,view,104,Mouse,Accessories,Rwanda,mobile,google,4,40,0.16,2026-06-21 07:47:56
a0f7cecc-14de-4319-8c43-30f8bdc7c5c7,377fe137-d425-4b05-8ae0-0a90be9218a3,600928,purchase,101,Laptop,Electronics,Kenya,desktop,organic,5,1200,0.14,2026-06-21 07:47:57
6b639bd8-7930-44b0-90b1-cc662084d5f6,64c39d27-2fd4-4c63-823a-f3eebea16832,656403,purchase,103,Keyboard,Accessories,Rwanda,mobile,google,1,70,0.06,2026-06-21 07:47:58
6b41bb14-124c-497d-bb55-b2bcf8c16d6b,4aa44236-f50f-48e1-b6f1-00f45cb29cf0,530842,view,101,Laptop,Electronics,Nigeria,mobile,organic,5,1200,0.1,2026-06-21 07:47:59
3f18e20b-3cf5-47ee-b50a-355b1e6efd04,359faa2e-61de-46c2-8235-c194ed9688c9,833,purchase,101,Laptop,Electronics,Kenya,desktop,google,5,1200,0.09,2026-06-21 07:48:00
e02f92b4-a345-465c-a7ac-a41af2b0d1f4,f7373a5e-c654-4bbb-9752-0e901be4f79c,103233,purchase,103,Keyboard,Accessories,Rwanda,desktop,google,1,70,0.15,2026-06-21 07:48:01
8cec4a7c-e01f-4c37-a821-b668244ebbd9,da9dc535-87bf-49c9-82eb-6411beadd3cf,22463,view,104,Mouse,Accessories,Kenya,mobile,facebook,1,40,0.13,2026-06-21 07:48:02
ba803075-0805-44d9-957b-1af4b57a6cfc,023e2f2b-cd4b-4584-ac46-d7c6bd2d2c43,59,purchase,103,Keyboard,Accessories,Kenya,desktop,google,3,70,0.09,2026-06-21 07:48:03
4b36680e-7011-40d2-96d7-406d7f1546ba,2f66140f-f99b-497d-ba18-f7656b0696d1,696714,view,102,Phone,Electronics,Ghana,desktop,google,4,800,0.15,2026-06-21 07:48:04
420a24e6-3756-4b01-af39-b68d1d7f2589,8847d5dc-da44-4aea-9f43-8a0c2059a753,535,view,103,Keyboard,Accessories,Rwanda,mobile,google,2,70,0.03,2026-06-21 07:48:05
7b5376d2-b174-483c-8f43-96c32698eb08,497a1030-dd00-48a8-8a24-7b8f4e165e5b,41,view,102,Phone,Electronics,Nigeria,mobile,facebook,5,800,0.01,2026-06-21 07:48:06
292d80f7-792a-4394-beb3-816dc9cb28ca,f62bf24b-2960-46f2-9080-93c485024103,82098,purchase,101,Laptop,Electronics,Nigeria,desktop,google,2,1200,0.15,2026-06-21 07:48:07
b18c19b3-5239-4c10-a511-e7b88d1a9b5c,7885f54b-a011-4b00-a1ff-3e3eba9e2036,206372,purchase,102,Phone,Electronics,Ghana,desktop,facebook,5,800,0.12,2026-06-21 07:48:08
0390c6fc-954e-436a-a2f2-e67e47226f73,9fb7189b-59f1-4e2c-b5b1-eb4ad3ff6e6c,466587,purchase,104,Mouse,Accessories,Rwanda,mobile,google,1,40,0.12,2026-06-21 07:48:09
7a315e0f-42a8-4486-b50b-5528554d10d5,956f5a00-c696-47a8-bc39-e746bd70002b,184,purchase,103,Keyboard,Accessories,Rwanda,desktop,organic,5,70,0.2,2026-06-21 07:48:10
4e5aa182-78c6-4d96-b3d2-0050143d549e,afc21ba5-9235-4074-9fed-168429ecc34b,317568,purchase,104,Mouse,Accessories,Kenya,mobile,organic,4,40,0.04,2026-06-21 07:48:11
791e9abe-8732-4723-a641-2a751c3ce448,960e19be-ff0d-486f-9cc5-84c09b3eb484,694535,purchase,103,Keyboard,Accessories,Nigeria,desktop,google,5,70,0.1,2026-06-21 07:48:12
6eae36a4-61e6-46c1-9703-4d6ba46bfc2f,45cdd7fd-4951-4527-b0c8-b272428de7f5,209975,purchase,101,Laptop,Electronics,Nigeria,desktop,google,2,1200,0.06,2026-06-21 07:48:13
1ae484b6-81a8-4b52-834c-8c991108febf,a574c6b8-c044-4407-adaf-2c486bbaaabe,871379,purchase,103,Keyboard,Accessories,Ghana,mobile,organic,2,70,0.17,2026-06-21 07:48:14
de31c947-6526-4d5b-9660-cfacbb028b70,f1928ce7-1532-4aef-9a62-a63615d8c30c,309,purchase,101,Laptop,Electronics,Ghana,desktop,google,1,1200,0.09,2026-06-21 07:48:15
6918f70f-bccc-4d44-82a7-0d5439bc1690,b26d85ed-dfa5-4192-9a34-a0c9b7cf9a5d,774764,view,102,Phone,Electronics,Kenya,desktop,organic,2,800,0.01,2026-06-21 07:48:16
468f5d5e-7162-42c4-86a4-3daf6964fe70,bebf9618-050f-42a9-a048-858bc2b162f5,215598,view,103,Keyboard,Accessories,Ghana,mobile,google,5,70,0.08,2026-06-21 07:48:17
b8461ea5-063c-4268-9dc2-a45df309d635,04cc90a6-0073-448f-a056-e2bac2208221,249,purchase,103,Keyboard,Accessories,Ghana,mobile,google,1,70,0.19,2026-06-21 07:48:18
103edc09-1a30-4476-8d3b-df1255b39c17,dd88d1c9-7884-4d88-97a4-28438fd81da3,165,purchase,104,Mouse,Accessories,Kenya,desktop,google,3,40,0.12,2026-06-21 07:48:19
943784d1-164d-475b-91e4-2fc49febfecf,4a328463-f20e-468e-b4f3-203c66f5185f,599087,purchase,104,Mouse,Accessories,Kenya,desktop,organic,4,40,0.07,2026-06-21 07:48:20
e384344e-6857-4551-bd02-7aee3e355c1f,a11d7f24-9ddf-4b39-91af-a4799a4e5dda,227,purchase,102,Phone,Electronics,Rwanda,mobile,facebook,4,800,0.1,2026-06-21 07:48:21
c7448674-32a3-497c-b542-a901bec90e03,fe022568-a87b-426a-a3ee-9d97f57d2d98,765138,purchase,103,Keyboard,Accessories,Ghana,mobile,google,1,70,0.05,2026-06-21 07:48:22
a6bc1a24-11b7-4cec-a2b9-d9dbd588d0e7,119a22e4-5329-43b7-a333-34abf114b164,949118,view,101,Laptop,Electronics,Nigeria,mobile,organic,5,1200,0.19,2026-06-21 07:48:23
4beef101-bd3f-4642-920e-d7797ce236ad,0ddb1bc3-fb64-442c-bff9-053aaf7062c7,446692,view,104,Mouse,Accessories,Rwanda,desktop,facebook,5,40,0.19,2026-06-21 07:48:24
d0efb0e6-b6d7-475a-95c5-dc1fb00dd70f,8a38fa22-5c7a-46e5-adaa-7e1858ed1ff6,67320,view,102,Phone,Electronics,Ghana,desktop,organic,4,800,0.07,2026-06-21 07:48:25
c4bf8fd4-a094-4402-8f45-7deea681f9a9,57d76699-c652-48ef-93cd-8d7d5b4374b3,518,purchase,101,Laptop,Electronics,Kenya,desktop,facebook,1,1200,0.06,2026-06-21 07:48:26
30d7675a-2786-4a4b-badf-db9c302e6d7a,2ace701b-43de-48f6-b552-bff9274102d4,220074,view,103,Keyboard,Accessories,Rwanda,desktop,google,4,70,0.03,2026-06-21 07:48:27
8bd46615-f70d-431e-8694-a0fa607060d7,e3f326e6-40e9-4ac8-ba12-a63de3e4ac12,659856,purchase,103,Keyboard,Accessories,Nigeria,mobile,google,4,70,0.05,2026-06-21 07:48:28
7ec67ea0-37f4-42b0-a045-e8098daac2e5,e31766d2-719e-479e-b6e1-0100d5671f75,829,view,102,Phone,Electronics,Rwanda,mobile,organic,3,800,0.04,2026-06-21 07:48:29
57b04342-2648-4be6-aaac-c1215f6eb325,284cbfbc-de6a-4827-929b-1f0187d866f7,83288,view,104,Mouse,Accessories,Ghana,desktop,organic,5,40,0.09,2026-06-21 07:48:30
deb98794-ea49-4589-8312-87e97306a6ca,e378fb5d-0b60-4779-96e8-59fd5ddb37d2,515,view,103,Keyboard,Accessories,Kenya,mobile,organic,4,70,0.13,2026-06-21 07:48:31
adf03926-1f6e-4851-94e2-d5b9da3c4a4f,bc94fdaf-9fd9-4edb-bf9d-22ac03687b72,892,purchase,103,Keyboard,Accessories,Kenya,mobile,google,4,70,0.19,2026-06-21 07:48:32
a97e33ff-6da7-435e-be85-b9e9c27cbbee,39b481ec-93b5-4c8e-bcf9-a119f5133ad3,956055,purchase,102,Phone,Electronics,Kenya,mobile,google,4,800,0.12,2026-06-21 07:48:33
6b89e758-b935-4131-8d48-3eb05b1ab033,c77e2a26-1adc-4a00-8218-8d1f3f8ed2ad,295627,purchase,101,Laptop,Electronics,Ghana,mobile,google,5,1200,0.17,2026-06-21 07:48:34
ecd2f3c0-227d-499d-acd8-f4cf232c86dc,af37e5e7-7ff1-4961-9603-7cd1798f09d5,976,view,103,Keyboard,Accessories,Nigeria,mobile,facebook,3,70,0.13,2026-06-21 07:48:35
543f6f34-f881-48f8-8260-d88d5ae26fc5,666a7bd7-0f99-4719-9ce1-e64a44f6c945,106242,purchase,104,Mouse,Accessories,Rwanda,mobile,organic,2,40,0.2,2026-06-21 07:48:36
660cfd60-4853-4a47-9f20-01324f53a898,f985d09d-5358-4698-8852-a6cf15b57dc6,919341,purchase,103,Keyboard,Accessories,Ghana,desktop,google,1,70,0.09,2026-06-21 07:48:37
d890e228-957d-4992-811f-636a4420e29a,595944fb-4482-493b-baa9-f9e8e7631bd3,703653,view,103,Keyboard,Accessories,Ghana,mobile,google,5,70,0.06,2026-06-21 07:48:38
af10910f-0664-41d0-b5d9-fbb3eed574ea,1684bfa7-dd43-4f7b-ba52-db3c5d416f16,219635,purchase,102,Phone,Electronics,Ghana,mobile,facebook,3,800,0.11,2026-06-21 07:48:39
bfe9ca45-9e40-49e2-95ff-b0e147703266,a72cadab-1724-4f12-bb43-34663f4c23dd,996402,purchase,102,Phone,Electronics,Rwanda,desktop,facebook,5,800,0.1,2026-06-21 07:48:40
406e06fd-55a4-4853-a17a-1bed593cb0f1,c5e9bacb-2fc0-4967-8e33-ae2bd3680ff9,559,purchase,101,Laptop,Electronics,Nigeria,desktop,google,3,1200,0.06,2026-06-21 07:48:41
910051a0-9b22-48a5-b6cf-bb564a6e08db,8f95b49b-348e-4bb2-b009-4acd7042157f,941,view,104,Mouse,Accessories,Ghana,desktop,google,2,40,0.09,2026-06-21 07:48:42
0976f44f-7e40-4665-9a30-c9eaca280d4f,0c1f6d89-b628-466f-a2c9-f3552c2cd9e3,364376,view,104,Mouse,Accessories,Ghana,mobile,google,3,40,0.09,2026-06-21 07:48:43
1a01a10e-d5ab-4971-9642-8633eca4039a,2fa27836-33da-4b7f-bae3-8e06e4e63dfe,524929,purchase,103,Keyboard,Accessories,Rwanda,desktop,facebook,5,70,0.2,2026-06-21 07:48:44
05c54b87-6246-402e-8508-ac827386edaa,288c682e-0c36-4081-a7f3-f2f27b183927,739,purchase,103,Keyboard,Accessories,Nigeria,desktop,organic,2,70,0.1,2026-06-21 07:48:45
63c9d7d3-88ec-4519-a70d-e9210eca9e63,57b6b2e1-8dce-40c0-a4e9-9031c0367b3f,220,purchase,104,Mouse,Accessories,Ghana,desktop,google,1,40,0.12,2026-06-21 07:48:46
446c8ba2-b98a-47a2-8513-f36b6b84fc84,8725f884-c827-4fe8-8915-49fa7df2b73d,308899,purchase,102,Phone,Electronics,Kenya,desktop,facebook,2,800,0.04,2026-06-21 07:48:47
6f0e4099-b865-4947-9c29-f40ccae2ad83,2e629e4e-de56-4796-a338-ff6107fa3198,353462,view,103,Keyboard,Accessories,Rwanda,mobile,organic,5,70,0.02,2026-06-21 07:48:48
392d936a-35a9-4913-8942-8a0514417ec7,911c12e2-27a6-4f61-823f-f8e6b3e5e5aa,496264,view,103,Keyboard,Accessories,Ghana,desktop,google,5,70,0.06,2026-06-21 07:48:49
05da6a13-dad6-431b-afb4-0e18be107b86,5f3af881-aa57-405c-9524-3b483a769a68,82,view,104,Mouse,Accessories,Ghana,desktop,facebook,2,40,0.18,2026-06-21 07:48:50
576b37bb-d289-4633-ab97-1f1783b74548,92ca0f6f-8d50-49c7-ac5e-db55697b8165,965670,purchase,101,Laptop,Electronics,Kenya,desktop,facebook,5,1200,0.09,2026-06-21 07:48:51
8d77c8a5-8845-4e99-91dc-80b80bcb50b2,52cd1289-343e-458d-ae3b-9b0c6b0622ac,920269,purchase,104,Mouse,Accessories,Kenya,desktop,facebook,5,40,0.09,2026-06-21 07:48:52
6588f146-e34d-4c08-acf6-a9a380acc19b,b76c9ec6-6bd0-4e04-89aa-b487e00a51d7,596746,view,104,Mouse,Accessories,Kenya,desktop,organic,2,40,0.14,2026-06-21 07:48:53
d00ef677-36fa-44e7-a9c5-62944e499a72,a55d569e-7ef1-408a-b2ef-197e666084b8,103854,view,101,Laptop,Electronics,Ghana,mobile,google,5,1200,0.1,2026-06-21 07:48:54
11fb84ea-a44f-4ff0-8737-e605201076a4,b75d10a4-8f4e-4180-b540-478b24444581,546459,view,101,Laptop,Electronics,Ghana,desktop,facebook,2,1200,0.09,2026-06-21 07:48:55
9a113403-d5fe-43d8-bd38-d16b8b811818,d7e04d10-be56-4526-be60-eb131ab23d0e,947,view,101,Laptop,Electronics,Rwanda,desktop,organic,3,1200,0.14,2026-06-21 07:48:56
ebcac8c9-acb9-49cc-bde7-fcb91bbfa44a,91b9f8cb-d46b-4344-9cea-eaec1a8ddab0,197199,view,102,Phone,Electronics,Kenya,desktop,organic,1,800,0.17,2026-06-21 07:48:57
74ec607b-6099-43e0-ab31-59cb9b80504d,18904a6c-4145-4ca5-b102-34e81dee037a,439127,view,103,Keyboard,Accessories,Nigeria,mobile,organic,2,70,0.0,2026-06-21 07:48:58
d42d27e1-44e4-42a0-a31a-27f980f9f1b2,731a2a0e-236e-4fe2-8138-092c559cd827,323,purchase,103,Keyboard,Accessories,Rwanda,mobile,facebook,2,70,0.11,2026-06-21 07:48:59
924b55a3-4161-42d7-a09e-8a75646ed2be,5fa694e9-166e-4124-8e79-d23be085fb32,148,purchase,101,Laptop,Electronics,Ghana,desktop,organic,5,1200,0.04,2026-06-21 07:49:00
e0af4278-cd79-48cb-bb84-13842b2321cc,49dd8ed0-5a40-40a8-86d1-43372e13f6ba,810,view,103,Keyboard,Accessories,Kenya,desktop,facebook,3,70,0.06,2026-06-21 07:49:01
5980f584-59ff-4ac1-bc2d-930ce730ac09,424fb7de-19ea-4235-9767-373f306da371,883,view,103,Keyboard,Accessories,Kenya,mobile,facebook,5,70,0.12,2026-06-21 07:49:02
ab84c7fb-6067-4cba-b0f3-020d7bcb8700,5613d8d0-7c07-4d69-a8a6-a354c832fb93,594,purchase,102,Phone,Electronics,Nigeria,desktop,facebook,2,800,0.06,2026-06-21 07:49:03
c0d42eb5-d45b-4fbf-ac98-0f11726a5f83,b7f8d2f0-3b51-40d8-88b7-72252050fb24,665155,view,101,Laptop,Electronics,Nigeria,mobile,facebook,2,1200,0.12,2026-06-21 07:49:04
ec18ddde-47fc-41c5-8e66-f91c4844b4a6,3d776bb2-d302-481e-a740-ddc090c3acbd,558,purchase,104,Mouse,Accessories,Kenya,desktop,organic,1,40,0.15,2026-06-21 07:49:05
40c34b30-cdc0-48f4-b56b-3da726cc7289,c56b4ed5-8689-4930-bb8e-642f11dcddb5,203,purchase,102,Phone,Electronics,Rwanda,desktop,facebook,5,800,0.11,2026-06-21 07:49:06
